,Unnamed: 0,Source,Destination,Total_Stops,airline_IndiGo,airline_Jet Airways,airline_other,info_No info,day,month,year,dep_hour,dep_minute,arrival_hour,arrival_minute,duration_hours,price
0,0,2,2,3.0,1,0,0,1,24,3,2019,22,20,1,10,2,3897.0
1,1,3,3,2.0,0,0,0,1,1,5,2019,5,50,13,15,7,7662.0
2,2,4,4,2.0,0,1,0,1,9,6,2019,9,25,4,25,19,13882.0
3,3,3,3,1.0,1,0,0,1,12,5,2019,18,5,23,30,5,6218.0
4,4,2,2,1.0,1,0,0,1,1,3,2019,16,50,21,35,4,13302.0
5,5,3,3,3.0,0,0,1,1,24,6,2019,9,0,11,25,2,3873.0
6,6,2,2,1.0,0,1,0,0,12,3,2019,18,55,10,25,15,11087.0
7,7,2,2,1.0,0,1,0,1,1,3,2019,8,0,5,5,21,22270.0
8,8,2,2,1.0,0,1,0,0,12,3,2019,8,55,10,25,25,11087.0
9,9,4,4,1.0,0,0,1,1,27,5,2019,11,25,19,15,7,8625.0
10,10,4,4,1.0,0,0,0,1,1,6,2019,9,45,23,0,13,8907.0
11,11,3,3,3.0,1,0,0,1,18,4,2019,20,20,22,55,2,4174.0
12,12,0,0,3.0,0,0,0,1,24,6,2019,11,40,13,55,2,4667.0
13,13,3,3,1.0,0,1,0,0,9,5,2019,21,10,9,20,12,9663.0
14,14,3,3,3.0,1,0,0,1,24,4,2019,17,15,19,50,2,4804.0
15,15,4,4,2.0,0,0,0,1,3,3,2019,16,40,19,15,26,14011.0
16,16,4,4,1.0,0,0,1,1,15,4,2019,8,45,13,15,4,5830.0
17,17,4,4,1.0,0,1,0,0,12,6,2019,14,0,12,35,22,10262.0
18,18,4,4,2.0,0,0,0,1,12,6,2019,20,15,19,15,23,13381.0
19,19,4,4,1.0,0,1,0,0,27,5,2019,16,0,12,35,20,12898.0
20,20,4,4,1.0,0,0,1,1,6,3,2019,14,10,19,20,5,19495.0
21,21,2,2,1.0,0,0,0,1,21,3,2019,22,0,13,20,15,6955.0
22,22,2,2,3.0,1,0,0,1,3,4,2019,4,0,6,50,2,3943.0
23,23,2,2,3.0,1,0,0,1,1,5,2019,18,55,21,50,2,4823.0
24,24,3,3,1.0,0,1,0,0,6,5,2019,18,55,8,15,13,7757.0
25,25,4,4,2.0,0,1,0,1,9,6,2019,21,25,12,35,15,13292.0
26,26,4,4,1.0,1,0,0,1,1,6,2019,21,50,3,35,5,8238.0
27,27,4,4,1.0,0,0,1,1,15,5,2019,7,0,12,55,5,7682.0
28,28,2,2,3.0,0,0,1,1,18,6,2019,9,45,12,35,2,4668.0
29,29,0,0,3.0,0,0,1,1,15,6,2019,7,5,9,20,2,3687.0
30,30,0,0,3.0,0,0,1,1,18,6,2019,7,5,9,20,2,3687.0
31,31,3,3,2.0,0,0,0,1,1,5,2019,9,50,23,15,13,13227.0
32,32,2,2,3.0,1,0,0,1,6,4,2019,4,0,6,50,2,4423.0
33,33,4,4,2.0,0,1,0,0,15,6,2019,14,35,12,35,22,10919.0
34,34,4,4,1.0,0,1,0,0,18,5,2019,7,5,12,35,5,12373.0
35,35,4,4,1.0,1,0,0,1,27,6,2019,10,35,21,0,10,5894.0
36,36,3,3,1.0,0,0,1,1,21,5,2019,15,5,20,20,5,4649.0
37,37,3,3,3.0,0,0,0,1,18,5,2019,14,15,16,45,2,6245.0
38,38,2,2,1.0,0,1,0,1,6,3,2019,7,0,13,15,6,19225.0
39,39,4,4,1.0,0,1,0,1,3,6,2019,7,5,19,0,11,14924.0
40,40,4,4,1.0,0,0,1,1,21,5,2019,7,5,18,10,11,9646.0
41,41,2,2,1.0,0,0,0,1,15,3,2019,6,45,15,15,8,8714.0
42,42,4,4,1.0,0,1,0,0,18,5,2019,20,55,19,0,22,12373.0
43,43,2,2,3.0,0,0,1,1,6,5,2019,11,10,13,55,2,3383.0
44,44,4,4,1.0,0,0,1,1,21,3,2019,9,0,21,0,12,13062.0
45,45,2,2,3.0,0,0,1,0,24,3,2019,5,45,8,35,2,3527.0
46,46,2,2,3.0,1,0,0,1,27,5,2019,4,0,6,50,2,3943.0
47,47,0,0,3.0,0,0,0,1,3,5,2019,11,40,13,55,2,4667.0
48,48,3,3,1.0,0,0,0,1,15,5,2019,19,0,11,5,16,6117.0
49,49,4,4,2.0,0,1,0,0,27,6,2019,23,5,19,0,19,11150.0
50,50,4,4,3.0,0,1,0,0,9,3,2019,11,0,14,15,3,7202.0
51,51,3,3,1.0,0,1,0,1,1,5,2019,9,35,10,55,25,12121.0
52,52,2,2,3.0,1,0,0,1,24,3,2019,22,20,1,10,2,4377.0
53,53,2,2,3.0,1,0,0,1,18,6,2019,21,15,0,15,3,3943.0
54,54,2,2,3.0,0,0,1,1,3,4,2019,23,55,2,45,2,4483.0
55,55,3,3,1.0,0,1,0,1,24,3,2019,19,45,12,0,16,14231.0
56,56,2,2,2.0,0,0,0,1,1,3,2019,8,50,23,55,15,17345.0
57,57,0,0,3.0,0,0,1,1,6,3,2019,7,5,9,20,2,7414.0
58,58,4,4,1.0,0,0,1,1,6,5,2019,19,0,1,30,6,8073.0
59,59,1,1,1.0,0,0,1,1,6,3,2019,15,40,16,45,25,12395.0
60,60,3,3,1.0,0,0,0,1,6,6,2019,9,25,21,50,12,8366.0
61,61,4,4,1.0,0,0,0,1,3,4,2019,6,5,9,25,27,5117.0
62,62,4,4,1.0,0,0,1,1,3,6,2019,8,45,19,0,10,12524.0
63,63,4,4,1.0,1,0,0,1,15,5,2019,15,0,1,30,10,7191.0
64,64,0,0,3.0,0,0,1,1,24,5,2019,7,5,9,20,2,3687.0
65,65,4,4,1.0,1,0,0,1,24,6,2019,10,35,21,0,10,5894.0
66,66,2,2,3.0,0,0,1,1,24,4,2019,9,45,12,35,2,5403.0
67,67,1,1,3.0,0,0,0,1,6,5,2019,13,55,15,25,1,3625.0
68,68,4,4,2.0,0,0,0,1,21,5,2019,5,55,19,15,13,10861.0
69,69,0,0,3.0,1,0,0,1,12,3,2019,13,20,15,35,2,6297.0
70,70,1,1,3.0,0,1,0,1,1,6,2019,7,5,8,30,1,5678.0
71,71,2,2,1.0,0,1,0,0,9,3,2019,5,45,8,15,26,9134.0
72,72,4,4,1.0,0,0,1,0,24,6,2019,11,40,19,0,7,10791.0
73,73,4,4,2.0,0,1,0,1,24,6,2019,23,5,12,35,13,12819.0
74,74,4,4,1.0,1,0,0,1,21,3,2019,5,5,10,5,5,6893.0
75,75,2,2,3.0,0,0,1,1,9,3,2019,9,50,12,35,2,7240.0
76,76,2,2,3.0,0,0,1,1,3,4,2019,11,40,14,30,2,3898.0
77,77,1,1,3.0,1,0,0,1,3,4,2019,6,25,7,55,1,4049.0
78,78,4,4,1.0,0,1,0,0,15,6,2019,17,30,12,35,19,10262.0
79,79,0,0,3.0,0,0,1,0,21,3,2019,8,20,10,35,2,3332.0
80,80,3,3,1.0,0,1,0,0,9,6,2019,21,10,12,0,14,10844.0
81,81,2,2,3.0,0,1,0,1,24,3,2019,19,55,22,35,2,7229.0
82,82,3,3,1.0,0,1,0,1,6,5,2019,6,30,4,40,22,13941.0
83,83,4,4,1.0,1,0,0,1,27,6,2019,11,25,21,0,9,5894.0
84,84,4,4,1.0,0,0,1,1,18,5,2019,9,0,19,0,10,10197.0
85,85,2,2,1.0,0,1,0,0,6,3,2019,14,5,11,25,21,13712.0
86,86,4,4,1.0,1,0,0,1,24,6,2019,2,0,7,25,5,5636.0
87,87,4,4,2.0,0,1,0,1,6,6,2019,9,40,4,25,18,13014.0
88,88,3,3,1.0,0,1,0,0,1,4,2019,8,25,20,45,12,7064.0
89,89,3,3,1.0,0,1,0,0,24,5,2019,20,25,14,25,18,10703.0
90,90,4,4,1.0,0,0,1,1,27,5,2019,13,15,22,30,9,9646.0
91,91,4,4,1.0,0,0,1,1,6,3,2019,2,15,13,20,11,17057.0
92,92,2,2,1.0,0,1,0,1,12,3,2019,16,55,10,25,17,13817.0
93,93,4,4,2.0,0,0,0,1,6,3,2019,5,55,19,15,13,13748.0
94,94,3,3,3.0,0,0,0,1,21,4,2019,20,45,23,20,2,4880.0
95,95,0,0,3.0,1,0,0,1,21,6,2019,5,15,7,40,2,3540.0
96,96,2,2,3.0,0,0,1,0,15,5,2019,5,55,8,35,2,3257.0
97,97,2,2,3.0,0,1,0,0,3,6,2019,19,50,22,50,3,6478.0
98,98,1,1,3.0,0,1,0,1,18,6,2019,7,5,8,30,1,8040.0
99,99,4,4,2.0,0,1,0,1,12,6,2019,20,0,12,35,16,14300.0
100,100,3,3,1.0,0,1,0,1,15,5,2019,8,25,20,45,12,14781.0
101,101,3,3,1.0,0,1,0,1,9,6,2019,20,0,8,15,12,14939.0
102,102,4,4,1.0,0,1,0,0,24,6,2019,20,55,4,25,7,10262.0
103,103,3,3,1.0,0,0,0,1,12,5,2019,14,35,14,35,24,6528.0
104,104,2,2,3.0,0,0,0,1,1,5,2019,6,10,8,55,2,6121.0
105,105,4,4,2.0,0,1,0,0,18,5,2019,19,30,4,25,8,13029.0
106,106,4,4,1.0,0,0,1,1,27,3,2019,11,40,18,50,7,11421.0
107,107,4,4,1.0,0,0,1,1,27,3,2019,4,45,19,15,14,7574.0
108,108,4,4,2.0,0,0,0,1,9,5,2019,12,55,19,15,30,11596.0
109,109,4,4,2.0,0,1,0,1,24,5,2019,23,5,19,0,19,15129.0
110,110,2,2,1.0,0,1,0,1,18,3,2019,14,5,5,5,15,13555.0
111,111,2,2,3.0,1,0,0,1,12,4,2019,18,55,21,50,2,5780.0
112,112,3,3,1.0,0,0,1,1,12,5,2019,20,20,9,5,12,9397.0
113,113,4,4,1.0,0,1,0,1,6,3,2019,18,15,4,25,10,17024.0
114,114,4,4,1.0,0,0,1,1,27,6,2019,7,0,12,55,5,5281.0
115,115,4,4,1.0,0,0,1,1,18,5,2019,7,5,22,30,15,10348.0
116,116,4,4,1.0,0,0,0,1,6,3,2019,17,20,9,25,16,12677.0
117,117,4,4,1.0,0,0,1,1,3,3,2019,15,25,1,35,10,15147.0
118,118,2,2,3.0,0,0,1,1,12,6,2019,7,0,9,40,2,4668.0
119,119,4,4,1.0,0,1,0,1,9,5,2019,7,5,19,0,11,15554.0
120,120,2,2,3.0,0,0,1,1,9,4,2019,5,55,8,35,2,3971.0
121,121,1,1,3.0,0,0,0,1,3,5,2019,15,0,16,25,1,3100.0
122,122,3,3,1.0,0,1,0,0,6,5,2019,20,0,10,5,14,9663.0
123,123,4,4,1.0,0,0,0,1,1,3,2019,23,0,19,15,20,27430.0
124,124,0,0,3.0,1,0,0,1,12,5,2019,5,15,7,40,2,3540.0
125,125,3,3,2.0,0,0,0,1,21,5,2019,12,0,11,10,23,10676.0
126,126,3,3,1.0,0,1,0,1,12,6,2019,14,5,8,15,18,13044.0
127,127,3,3,1.0,0,1,0,1,6,5,2019,20,0,12,0,16,14388.0
128,128,2,2,3.0,1,0,0,1,24,6,2019,4,0,6,50,2,3943.0
129,129,0,0,3.0,1,0,0,1,3,6,2019,14,45,17,5,2,3597.0
130,130,2,2,1.0,0,0,0,1,21,3,2019,11,50,19,50,8,5932.0
131,131,4,4,1.0,0,1,0,0,15,6,2019,11,30,4,25,16,10262.0
132,132,4,4,3.0,0,0,1,1,12,5,2019,14,40,17,50,3,6216.0
133,133,3,3,3.0,1,0,0,1,15,6,2019,20,25,23,10,2,4804.0
134,134,4,4,1.0,0,0,1,1,21,5,2019,11,30,1,30,14,14067.0
135,135,4,4,2.0,0,1,0,1,18,5,2019,19,10,19,0,23,15129.0
136,136,4,4,2.0,0,1,0,1,6,6,2019,6,45,4,25,21,13376.0
137,137,4,4,2.0,0,0,0,1,27,6,2019,22,0,19,15,21,10441.0
138,138,2,2,3.0,0,1,0,0,24,5,2019,6,0,8,45,2,4030.0
139,139,4,4,1.0,0,1,0,1,3,3,2019,8,0,18,50,10,17024.0
140,140,4,4,1.0,0,0,1,1,9,4,2019,17,30,1,30,8,13017.0
141,141,3,3,1.0,0,0,1,1,6,6,2019,23,30,7,45,8,6686.0
142,142,4,4,1.0,1,0,0,1,15,6,2019,2,0,7,25,5,5636.0
143,143,4,4,1.0,1,0,0,1,9,6,2019,7,35,16,10,8,6442.0
144,144,4,4,1.0,0,0,1,1,21,5,2019,13,5,0,55,11,9486.0
145,145,3,3,1.0,0,1,0,0,21,5,2019,20,0,23,35,27,10844.0
146,146,4,4,2.0,0,1,0,0,3,6,2019,20,0,4,25,8,15318.0
147,147,4,4,1.0,0,0,0,1,3,4,2019,12,30,9,25,20,5117.0
148,148,4,4,1.0,1,0,0,1,24,6,2019,15,10,20,0,4,6147.0
149,149,4,4,1.0,0,0,1,1,9,6,2019,12,50,21,0,8,7005.0
150,150,3,3,3.0,0,0,1,1,3,4,2019,22,20,0,40,2,3873.0
151,151,4,4,2.0,0,1,0,0,21,3,2019,18,25,18,50,24,9270.0
152,152,2,2,3.0,0,0,1,1,27,6,2019,11,40,14,30,2,3898.0
153,153,3,3,1.0,0,1,0,1,12,5,2019,8,25,20,45,12,14781.0
154,154,3,3,1.0,0,1,0,0,24,5,2019,20,0,8,15,12,8586.0
155,155,3,3,2.0,0,0,0,1,9,5,2019,8,20,7,55,23,10697.0
156,156,4,4,2.0,0,1,0,1,27,6,2019,20,0,12,35,16,14300.0
157,157,2,2,3.0,1,0,0,1,3,3,2019,18,55,21,45,2,8855.0
158,158,3,3,1.0,0,1,0,0,12,5,2019,16,30,18,15,25,10844.0
159,159,4,4,1.0,0,1,0,1,6,3,2019,2,15,4,25,26,17024.0
160,160,3,3,1.0,0,1,0,0,1,5,2019,9,35,14,25,28,9314.0
161,161,2,2,3.0,1,0,0,1,24,3,2019,0,40,3,25,2,4777.0
162,162,3,3,1.0,0,0,0,1,9,6,2019,12,0,13,15,25,7662.0
163,163,4,4,1.0,1,0,0,1,9,5,2019,6,50,16,10,9,6442.0
164,164,4,4,1.0,0,0,1,1,12,6,2019,8,45,13,15,4,5264.0
165,165,4,4,1.0,0,1,0,0,27,5,2019,13,0,4,25,15,12898.0
166,166,1,1,3.0,0,0,0,1,3,3,2019,13,55,15,25,1,6092.0
167,167,2,2,3.0,0,0,1,1,21,5,2019,5,55,8,35,2,3311.0
168,168,4,4,1.0,0,1,0,0,27,3,2019,19,15,4,25,9,6540.0
169,169,2,2,3.0,1,0,0,1,27,5,2019,1,30,4,15,2,3419.0
170,170,4,4,1.0,0,1,0,0,3,4,2019,14,0,12,35,22,5177.0
171,171,4,4,3.0,0,0,0,1,18,4,2019,18,5,21,10,3,8246.0
172,172,3,3,1.0,0,1,0,1,9,6,2019,9,35,21,5,11,14676.0
173,173,4,4,1.0,0,0,1,1,27,6,2019,11,30,21,0,9,13587.0
174,174,3,3,1.0,0,1,0,0,6,5,2019,21,10,9,20,12,9663.0
175,175,3,3,1.0,0,1,0,1,12,6,2019,16,30,10,5,17,13044.0
176,176,4,4,1.0,1,0,0,1,3,4,2019,20,25,1,30,5,5073.0
177,177,3,3,1.0,0,0,1,1,21,5,2019,17,0,18,50,25,9345.0
178,178,3,3,1.0,0,1,0,0,6,5,2019,14,5,10,5,20,9663.0
179,179,4,4,1.0,0,0,1,1,21,5,2019,8,0,21,0,13,14277.0
180,180,4,4,1.0,0,1,0,0,1,6,2019,10,0,4,25,18,10262.0
181,181,1,1,3.0,0,1,0,1,27,3,2019,19,35,21,5,1,5678.0
182,182,4,4,1.0,0,0,1,1,15,5,2019,16,0,1,30,9,13727.0
183,183,3,3,1.0,0,1,0,0,6,5,2019,20,0,12,0,16,9663.0
184,184,0,0,3.0,1,0,0,1,12,5,2019,14,45,17,5,2,3858.0
185,185,4,4,1.0,0,0,1,1,24,6,2019,8,45,13,15,4,4812.0
186,186,4,4,1.0,1,0,0,1,27,6,2019,21,50,3,35,5,5775.0
187,187,3,3,1.0,0,1,0,0,6,6,2019,9,35,9,45,24,10539.0
188,188,3,3,3.0,1,0,0,1,3,6,2019,15,30,18,5,2,4804.0
189,189,2,2,3.0,0,0,1,1,12,6,2019,11,10,13,55,2,3383.0
190,190,2,2,1.0,1,0,0,1,3,3,2019,12,10,17,5,4,8738.0
191,191,4,4,1.0,0,0,0,1,27,3,2019,5,15,6,50,25,7165.0
192,192,4,4,1.0,1,0,0,1,24,6,2019,16,10,22,30,6,6412.0
193,193,2,2,3.0,0,1,0,1,27,6,2019,18,55,22,0,3,8016.0
194,194,2,2,1.0,0,1,0,0,12,3,2019,20,35,15,15,18,11087.0
195,195,0,0,3.0,0,0,1,0,27,6,2019,9,45,12,0,2,3543.0
196,196,3,3,1.0,0,1,0,1,12,6,2019,16,30,4,40,12,12471.0
197,197,4,4,1.0,0,1,0,0,24,6,2019,9,0,4,25,19,10262.0
198,198,2,2,3.0,0,0,0,1,18,3,2019,13,20,16,10,2,4441.0
199,199,4,4,1.0,0,0,1,1,27,3,2019,7,5,15,30,8,12537.0
200,200,3,3,1.0,0,0,1,1,24,3,2019,22,25,7,40,9,10091.0
201,201,2,2,3.0,0,0,0,1,3,6,2019,21,5,23,55,2,6961.0
202,202,4,4,3.0,1,0,0,1,24,4,2019,5,35,8,50,3,5013.0
203,203,4,4,3.0,0,0,0,1,18,5,2019,5,10,8,0,2,6934.0
204,204,4,4,1.0,0,0,1,1,3,6,2019,6,40,19,0,12,10877.0
205,205,2,2,3.0,0,1,0,1,18,4,2019,15,15,18,10,2,7229.0
206,206,4,4,1.0,1,0,0,1,27,3,2019,16,0,1,35,9,7048.0
207,207,2,2,3.0,0,0,1,1,27,6,2019,17,0,19,35,2,4878.0
208,208,3,3,1.0,0,1,0,0,21,5,2019,14,5,23,35,9,10844.0
209,209,4,4,2.0,0,1,0,1,18,5,2019,23,5,4,25,29,15129.0
210,210,2,2,3.0,1,0,0,1,12,5,2019,0,30,3,25,2,3943.0
211,211,4,4,1.0,0,0,1,1,6,6,2019,6,5,11,20,5,5583.0
212,212,4,4,1.0,0,0,1,1,6,6,2019,7,5,16,10,9,9646.0
213,213,4,4,1.0,0,0,1,1,3,6,2019,8,30,19,15,10,7677.0
214,214,4,4,1.0,1,0,0,1,1,6,2019,5,10,10,5,4,6842.0
215,215,1,1,3.0,0,1,0,0,24,6,2019,8,45,10,15,1,4995.0
216,216,3,3,1.0,0,0,1,1,9,6,2019,7,10,18,50,11,9555.0
217,217,2,2,3.0,1,0,0,1,1,6,2019,1,30,4,15,2,4077.0
218,218,2,2,3.0,0,1,0,1,12,5,2019,15,15,18,10,2,7229.0
219,219,4,4,1.0,0,0,1,1,9,6,2019,9,0,19,0,10,12192.0
220,220,2,2,3.0,0,0,0,1,12,4,2019,10,0,12,45,2,5911.0
221,221,4,4,1.0,0,0,0,1,12,6,2019,9,0,19,15,10,8372.0
222,222,1,1,3.0,0,1,0,0,18,3,2019,7,10,8,35,1,4995.0
223,223,4,4,1.0,0,0,1,1,9,5,2019,10,0,19,15,9,14323.0
224,224,4,4,2.0,0,1,0,1,9,6,2019,5,30,4,25,22,13014.0
225,225,4,4,2.0,0,0,0,1,6,6,2019,14,25,19,15,28,13591.0
226,226,4,4,2.0,0,1,0,1,3,3,2019,5,25,18,50,37,18799.0
227,227,2,2,3.0,1,0,0,1,27,4,2019,23,30,2,20,2,3943.0
228,228,1,1,3.0,0,0,1,0,21,5,2019,5,45,7,15,1,1965.0
229,229,1,1,3.0,0,1,0,0,27,5,2019,10,20,11,50,1,4995.0
230,230,3,3,1.0,0,0,0,1,24,3,2019,16,50,18,30,25,14641.0
231,231,3,3,3.0,0,0,0,1,12,4,2019,20,45,23,20,2,4460.0
232,232,4,4,1.0,0,0,0,1,18,5,2019,13,0,19,15,6,10191.0
233,233,4,4,1.0,0,1,0,0,9,3,2019,2,15,19,45,17,13843.0
234,234,4,4,1.0,1,0,0,1,1,5,2019,21,50,3,35,5,6349.0
235,235,3,3,3.0,0,0,1,1,1,5,2019,10,20,12,55,2,4409.0
236,236,4,4,1.0,0,1,0,1,6,3,2019,18,15,19,45,25,17024.0
237,237,4,4,1.0,0,0,1,1,18,5,2019,7,5,21,0,13,13727.0
238,238,2,2,3.0,1,0,0,1,15,3,2019,18,25,21,20,2,8855.0
239,239,4,4,1.0,0,0,1,1,24,6,2019,8,45,19,0,10,12524.0
240,240,2,2,1.0,0,1,0,1,18,3,2019,11,40,20,20,8,13555.0
241,241,3,3,1.0,0,1,0,0,6,6,2019,6,30,12,0,5,10844.0
242,242,4,4,1.0,0,0,1,1,9,6,2019,9,0,21,0,12,13587.0
243,243,0,0,3.0,0,0,1,0,12,6,2019,9,45,12,0,2,3543.0
244,244,0,0,3.0,0,0,1,1,18,3,2019,7,5,9,20,2,4842.0
245,245,2,2,3.0,1,0,0,1,24,4,2019,23,30,2,20,2,3943.0
246,246,4,4,1.0,0,1,0,0,9,6,2019,19,15,4,25,9,10577.0
247,247,4,4,1.0,1,0,0,1,15,5,2019,10,35,21,0,10,6979.0
248,248,0,0,3.0,0,0,1,1,27,6,2019,17,45,20,5,2,11982.0
249,249,4,4,1.0,0,0,1,1,6,6,2019,8,45,13,15,4,5264.0
250,250,4,4,3.0,0,0,1,1,3,3,2019,6,0,9,10,3,8001.0
251,251,4,4,2.0,0,0,0,1,1,6,2019,19,45,19,15,23,10651.0
252,252,3,3,1.0,0,1,0,0,24,5,2019,16,30,19,50,27,10844.0
253,253,4,4,1.0,0,0,1,1,27,3,2019,9,45,22,20,12,6601.0
254,254,4,4,1.0,0,0,0,1,21,3,2019,19,0,19,15,24,6587.0
255,255,1,1,3.0,0,0,1,1,21,3,2019,13,10,14,30,1,3173.0
256,256,2,2,3.0,0,0,0,1,9,5,2019,10,0,12,45,2,5228.0
257,257,2,2,3.0,0,1,0,0,21,6,2019,7,10,10,10,3,5769.0
258,258,4,4,1.0,0,1,0,1,6,6,2019,8,0,19,0,11,14714.0
259,259,4,4,2.0,0,1,0,1,3,6,2019,5,30,19,0,13,13014.0
260,260,2,2,3.0,1,0,0,1,3,6,2019,22,10,1,0,2,3359.0
261,261,2,2,3.0,0,0,1,1,3,3,2019,20,55,23,50,2,6722.0
262,262,3,3,3.0,1,0,0,1,18,3,2019,9,35,12,20,2,4462.0
263,263,4,4,1.0,1,0,0,1,9,3,2019,4,55,16,10,11,6171.0
264,264,3,3,2.0,0,0,0,1,21,5,2019,5,50,20,25,14,12303.0
265,265,4,4,1.0,0,0,1,1,21,3,2019,11,40,1,35,13,7695.0
266,266,4,4,1.0,1,0,0,1,24,6,2019,11,25,1,30,14,5684.0
267,267,3,3,1.0,0,0,0,1,12,6,2019,16,50,7,55,15,8366.0
268,268,0,0,3.0,0,0,0,1,1,3,2019,11,40,13,55,2,19630.0
269,269,2,2,1.0,0,1,0,0,6,3,2019,14,5,5,5,15,13502.0
270,270,3,3,1.0,0,1,0,1,1,5,2019,21,10,10,5,12,14781.0
271,271,4,4,1.0,0,0,1,1,12,6,2019,7,10,16,10,9,6513.0
272,272,4,4,1.0,0,0,0,1,1,6,2019,7,0,19,15,12,9929.0
273,273,4,4,2.0,0,0,1,1,6,6,2019,17,50,1,30,7,18275.0
274,274,4,4,1.0,0,0,0,1,9,4,2019,6,5,9,25,27,4487.0
275,275,1,1,3.0,1,0,0,1,15,3,2019,21,20,22,45,1,2754.0
276,276,1,1,3.0,0,0,0,1,27,3,2019,6,20,7,40,1,2575.0
277,277,3,3,1.0,0,0,1,1,12,6,2019,15,55,21,25,5,8224.0
278,278,4,4,1.0,0,0,0,1,9,3,2019,20,30,8,15,11,8991.0
279,279,4,4,3.0,1,0,0,1,24,6,2019,5,35,8,50,3,5000.0
280,280,3,3,1.0,0,1,0,0,12,6,2019,18,55,19,50,24,8529.0
281,281,4,4,1.0,0,0,0,1,3,3,2019,6,5,9,25,27,14042.0
282,282,2,2,3.0,0,1,0,0,24,5,2019,11,10,14,5,2,4030.0
283,283,3,3,1.0,0,1,0,0,6,6,2019,18,55,12,0,17,10844.0
284,284,3,3,3.0,1,0,0,1,6,5,2019,21,25,0,5,2,4804.0
285,285,4,4,1.0,0,0,1,0,27,5,2019,17,30,1,30,8,7308.0
286,286,2,2,3.0,1,0,0,1,12,5,2019,16,55,19,55,3,4823.0
287,287,4,4,1.0,0,1,0,0,24,6,2019,9,0,12,35,27,10262.0
288,288,4,4,1.0,0,1,0,0,27,5,2019,20,55,4,25,7,12898.0
289,289,2,2,2.0,0,0,0,1,12,3,2019,17,25,16,20,22,12778.0
290,290,4,4,1.0,1,0,0,1,3,3,2019,4,45,13,20,8,14871.0
291,291,4,4,2.0,0,0,0,1,21,3,2019,13,20,19,15,29,8708.0
292,292,3,3,1.0,0,1,0,0,6,6,2019,20,0,18,15,22,10844.0
293,293,1,1,3.0,0,0,1,1,6,3,2019,5,45,7,5,1,4129.0
294,294,3,3,3.0,1,0,0,1,18,5,2019,21,25,0,5,2,4804.0
295,295,2,2,3.0,0,1,0,1,6,5,2019,8,20,11,20,3,7229.0
296,296,2,2,1.0,0,1,0,0,21,3,2019,7,0,19,10,12,7832.0
297,297,0,0,3.0,0,0,1,1,18,3,2019,9,30,12,5,2,3859.0
298,298,4,4,1.0,0,0,1,1,6,6,2019,7,30,19,15,11,9001.0
299,299,2,2,3.0,0,0,1,1,9,5,2019,17,0,19,35,2,4878.0
300,300,1,1,3.0,1,0,0,1,3,5,2019,2,35,4,5,1,2754.0
301,301,2,2,3.0,0,0,1,1,27,6,2019,7,0,9,40,2,4668.0
302,302,3,3,3.0,0,0,1,1,12,5,2019,10,20,12,55,2,5216.0
303,303,4,4,2.0,0,1,0,0,6,6,2019,5,30,4,25,22,10368.0
304,304,4,4,2.0,1,0,0,1,9,3,2019,6,40,21,20,14,8146.0
305,305,4,4,1.0,0,1,0,1,27,3,2019,13,0,4,25,15,12242.0
306,306,2,2,1.0,0,1,0,0,15,3,2019,8,0,15,15,7,9134.0
307,307,4,4,2.0,0,0,0,1,6,6,2019,13,15,9,25,20,10939.0
308,308,4,4,2.0,0,0,0,1,6,6,2019,10,55,7,40,20,11753.0
309,309,3,3,3.0,0,0,1,1,24,4,2019,17,10,19,40,2,4174.0
310,310,3,3,1.0,0,1,0,0,21,5,2019,20,0,19,50,23,10844.0
311,311,4,4,1.0,0,1,0,1,3,6,2019,16,0,19,0,27,14714.0
312,312,3,3,1.0,0,1,0,0,12,6,2019,6,30,12,0,5,9899.0
313,313,4,4,1.0,1,0,0,1,3,3,2019,9,10,21,0,11,14871.0
314,314,0,0,3.0,1,0,0,1,6,3,2019,13,20,15,35,2,7295.0
315,315,4,4,2.0,0,0,0,1,6,6,2019,18,45,19,15,24,13465.0
316,316,0,0,3.0,0,0,1,0,21,5,2019,17,45,20,5,2,3543.0
317,317,4,4,1.0,0,0,1,1,27,6,2019,19,0,1,30,6,7198.0
318,318,4,4,1.0,0,1,0,0,1,6,2019,8,0,4,25,20,10262.0
319,319,3,3,3.0,1,0,0,1,15,3,2019,15,20,17,55,2,4148.0
320,320,2,2,3.0,0,1,0,1,27,6,2019,15,15,18,10,2,8016.0
321,321,4,4,1.0,0,1,0,0,9,6,2019,22,50,4,25,5,10262.0
322,322,3,3,3.0,0,0,1,0,15,6,2019,14,55,17,25,2,3841.0
323,323,2,2,1.0,0,1,0,1,12,3,2019,9,45,0,30,14,11507.0
324,324,3,3,1.0,0,1,0,1,1,5,2019,8,25,20,45,12,14781.0
325,325,4,4,1.0,0,1,0,1,27,5,2019,17,30,19,0,25,16079.0
326,326,4,4,1.0,0,1,0,0,27,5,2019,22,50,4,25,5,12898.0
327,327,4,4,1.0,0,0,1,1,6,3,2019,7,30,19,15,11,15353.0
328,328,2,2,3.0,1,0,0,1,24,3,2019,18,25,21,20,2,7303.0
329,329,3,3,1.0,0,0,1,1,24,3,2019,15,5,20,45,5,6197.0
330,330,3,3,1.0,0,0,0,1,9,6,2019,9,10,13,15,4,8996.0
331,331,4,4,1.0,1,0,0,1,21,3,2019,14,20,22,20,8,6528.0
332,332,2,2,3.0,0,0,1,1,9,4,2019,20,55,23,40,2,4239.0
333,333,3,3,3.0,1,0,0,1,12,3,2019,20,25,23,5,2,4148.0
334,334,2,2,3.0,0,0,1,1,24,5,2019,21,10,0,5,2,3971.0
335,335,3,3,1.0,0,0,1,1,6,5,2019,7,35,23,30,15,5192.0
336,336,4,4,2.0,0,1,0,1,9,4,2019,13,25,12,35,23,9483.0
337,337,4,4,2.0,0,1,0,1,3,6,2019,11,40,19,0,7,18804.0
338,338,4,4,3.0,0,0,0,1,18,6,2019,5,10,8,0,2,5201.0
339,339,4,4,1.0,0,1,0,1,27,5,2019,11,30,19,0,7,16079.0
340,340,2,2,3.0,0,1,0,0,15,6,2019,19,50,22,50,3,7229.0
341,341,4,4,1.0,0,0,1,1,27,5,2019,17,45,1,30,7,6795.0
342,342,3,3,1.0,0,1,0,1,9,5,2019,9,35,10,55,25,10953.0
343,343,4,4,2.0,0,0,1,1,24,6,2019,15,5,1,30,10,15965.0
344,344,4,4,2.0,0,0,0,1,9,4,2019,12,55,19,15,30,9968.0
345,345,3,3,3.0,1,0,0,1,6,6,2019,22,15,0,50,2,4804.0
346,346,4,4,1.0,0,1,0,1,27,5,2019,10,0,19,0,9,16079.0
347,347,4,4,2.0,0,1,0,0,12,6,2019,21,25,12,35,15,11507.0
348,348,3,3,2.0,0,0,0,1,9,6,2019,9,25,13,45,28,11542.0
349,349,2,2,3.0,0,1,0,1,24,4,2019,17,45,20,45,3,7229.0
350,350,2,2,3.0,0,1,0,0,27,4,2019,6,0,8,45,2,4544.0
351,351,4,4,1.0,1,0,0,1,15,5,2019,5,10,10,5,4,6496.0
352,352,3,3,3.0,1,0,0,1,15,6,2019,21,25,0,5,2,4804.0
353,353,2,2,1.0,0,0,0,1,1,3,2019,11,5,9,15,22,13439.0
354,354,4,4,1.0,0,1,0,0,27,3,2019,18,15,4,25,10,6540.0
355,355,2,2,3.0,1,0,0,1,1,6,2019,23,30,2,20,2,4591.0
356,356,2,2,1.0,1,0,0,1,18,3,2019,16,15,20,35,4,4437.0
357,357,4,4,1.0,0,0,1,1,21,3,2019,20,10,7,10,11,6151.0
358,358,2,2,3.0,0,1,0,0,21,6,2019,17,45,20,45,3,7754.0
359,359,4,4,1.0,0,1,0,0,24,6,2019,14,0,12,35,22,10262.0
360,360,2,2,3.0,0,1,0,1,9,6,2019,18,55,22,0,3,8016.0
361,361,3,3,3.0,0,0,1,0,24,3,2019,6,55,9,35,2,4781.0
362,362,2,2,3.0,0,0,1,1,27,6,2019,11,30,14,20,2,4668.0
363,363,2,2,1.0,0,0,0,1,6,3,2019,11,50,8,55,21,14594.0
364,364,3,3,1.0,0,1,0,1,24,3,2019,16,55,4,45,11,14231.0
365,365,4,4,1.0,0,0,0,1,15,5,2019,5,15,6,50,25,8425.0
366,366,4,4,1.0,0,0,1,1,12,6,2019,7,5,22,30,15,9646.0
367,367,0,0,3.0,1,0,0,1,3,3,2019,14,40,17,5,2,7295.0
368,368,3,3,1.0,0,0,1,1,9,4,2019,6,50,10,30,3,5162.0
369,369,2,2,3.0,1,0,0,1,9,3,2019,18,25,21,20,2,6860.0
370,370,4,4,3.0,0,0,1,1,15,4,2019,6,0,9,10,3,6216.0
371,371,3,3,1.0,0,0,1,1,24,5,2019,7,35,19,25,11,5192.0
372,372,2,2,3.0,1,0,0,1,9,4,2019,20,0,22,50,2,4823.0
373,373,2,2,3.0,0,0,1,0,3,4,2019,9,30,12,20,2,3919.0
374,374,1,1,3.0,1,0,0,1,3,6,2019,19,5,20,35,1,2754.0
375,375,4,4,1.0,0,0,1,1,9,5,2019,7,30,19,0,11,9315.0
376,376,4,4,1.0,0,0,1,1,27,3,2019,10,0,18,50,8,11667.0
377,377,3,3,1.0,0,1,0,0,12,6,2019,8,25,4,40,20,6224.0
378,378,3,3,2.0,0,0,0,1,24,3,2019,9,25,5,35,20,13349.0
379,379,2,2,1.0,0,1,0,0,18,3,2019,16,55,9,0,16,11087.0
380,380,4,4,1.0,0,0,1,1,6,3,2019,13,0,1,35,12,15603.0
381,381,4,4,2.0,0,1,0,1,9,5,2019,19,30,12,35,17,15129.0
382,382,2,2,3.0,1,0,0,1,9,4,2019,16,55,19,55,3,4823.0
383,383,3,3,1.0,0,0,1,1,1,5,2019,7,10,22,40,15,8452.0
384,384,4,4,1.0,0,0,1,1,6,6,2019,7,30,19,0,11,12524.0
385,385,0,0,3.0,0,0,1,1,27,3,2019,17,45,20,5,2,3384.0
386,386,4,4,1.0,0,1,0,0,1,6,2019,19,15,19,0,23,10262.0
387,387,1,1,3.0,0,0,1,0,18,6,2019,13,15,14,45,1,1965.0
388,388,3,3,3.0,1,0,0,1,18,5,2019,22,15,0,50,2,4804.0
389,389,4,4,1.0,0,1,0,1,27,5,2019,18,15,19,0,24,16079.0
390,390,4,4,2.0,0,1,0,1,1,6,2019,21,25,19,0,21,13292.0
391,391,4,4,1.0,0,0,1,1,9,5,2019,7,55,13,25,5,6751.0
392,392,4,4,1.0,0,0,0,1,15,5,2019,7,0,19,15,12,8669.0
393,393,4,4,1.0,1,0,0,1,3,3,2019,17,30,1,35,8,14871.0
394,394,4,4,1.0,0,1,0,0,21,5,2019,14,0,19,0,5,12898.0
395,395,2,2,3.0,0,0,1,0,6,6,2019,9,30,12,20,2,3919.0
396,396,4,4,1.0,0,0,1,1,1,3,2019,12,50,19,15,6,36983.0
397,397,0,0,3.0,1,0,0,1,3,6,2019,19,35,21,55,2,3597.0
398,398,2,2,3.0,0,0,0,1,9,3,2019,17,0,19,45,2,10741.0
399,399,3,3,2.0,0,0,0,1,6,6,2019,16,50,5,35,12,11432.0
400,400,2,2,1.0,0,1,0,0,12,3,2019,18,55,10,45,15,11087.0
401,401,4,4,2.0,0,1,0,1,3,6,2019,9,35,12,35,27,13292.0
402,402,4,4,0.0,0,0,0,1,15,6,2019,5,15,7,40,26,10493.0
403,403,2,2,3.0,0,0,1,1,9,3,2019,7,45,10,40,2,7631.0
404,404,4,4,2.0,0,0,0,1,6,6,2019,6,50,7,40,24,13381.0
405,405,3,3,1.0,0,1,0,1,6,6,2019,20,0,4,40,8,13731.0
406,406,4,4,2.0,0,0,0,1,21,5,2019,5,55,7,40,25,11911.0
407,407,2,2,3.0,1,0,0,1,18,4,2019,23,30,2,20,2,4591.0
408,408,4,4,1.0,0,0,1,1,3,6,2019,13,0,19,15,6,14848.0
409,409,4,4,1.0,0,0,1,1,12,6,2019,8,45,19,15,10,8266.0
410,410,4,4,2.0,0,0,0,1,18,5,2019,17,15,19,15,26,12392.0
411,411,3,3,1.0,0,1,0,1,12,6,2019,18,55,12,0,17,13044.0
412,412,4,4,1.0,0,1,0,0,21,5,2019,7,5,4,25,21,12898.0
413,413,4,4,1.0,0,1,0,1,21,3,2019,22,50,4,25,5,12242.0
414,414,2,2,3.0,1,0,0,1,18,5,2019,10,10,13,0,2,3943.0
415,415,3,3,1.0,0,0,1,1,24,3,2019,20,20,22,10,25,11105.0
416,416,3,3,1.0,0,1,0,1,12,5,2019,21,10,9,20,12,14388.0
417,417,4,4,2.0,0,1,0,1,18,5,2019,19,30,12,35,17,13014.0
418,418,4,4,1.0,0,0,1,1,6,3,2019,10,20,18,50,8,15411.0
419,419,4,4,1.0,0,1,0,1,9,3,2019,19,45,18,50,23,16289.0
420,420,4,4,1.0,1,0,0,1,15,5,2019,6,50,16,10,9,6442.0
421,421,3,3,1.0,0,1,0,0,18,5,2019,8,25,16,20,7,10844.0
422,422,1,1,3.0,0,1,0,1,18,5,2019,10,20,11,50,1,5678.0
423,423,2,2,3.0,1,0,0,1,12,4,2019,23,30,2,20,2,6906.0
424,424,0,0,3.0,0,0,1,0,21,5,2019,9,45,12,0,2,3543.0
425,425,4,4,1.0,0,1,0,1,6,6,2019,9,0,19,0,10,14714.0
426,426,2,2,3.0,0,0,1,1,3,3,2019,16,0,18,35,2,11793.0
427,427,4,4,1.0,0,0,1,1,15,5,2019,11,30,19,15,7,14323.0
428,428,2,2,3.0,0,0,1,1,9,4,2019,21,10,0,5,2,3971.0
429,429,3,3,1.0,0,0,1,1,6,5,2019,20,20,22,40,26,8452.0
430,430,2,2,3.0,0,0,1,1,12,4,2019,7,0,9,40,2,5403.0
431,431,4,4,1.0,0,0,1,1,9,5,2019,10,0,21,0,11,13727.0
432,432,3,3,2.0,0,0,0,1,1,4,2019,10,0,5,25,19,12639.0
433,433,2,2,3.0,0,1,0,0,18,4,2019,15,15,18,10,2,5198.0
434,434,2,2,3.0,0,0,1,1,1,6,2019,19,30,22,15,2,4878.0
435,435,4,4,1.0,0,1,0,0,18,5,2019,19,45,19,0,23,12373.0
436,436,4,4,1.0,0,0,1,0,3,3,2019,7,10,16,10,9,8552.0
437,437,4,4,3.0,0,0,1,1,21,4,2019,14,40,17,50,3,6741.0
438,438,4,4,1.0,0,0,1,1,9,4,2019,12,50,19,15,6,6481.0
439,439,4,4,1.0,0,0,1,1,6,6,2019,10,35,19,15,8,7354.0
440,440,2,2,3.0,0,0,0,1,21,4,2019,21,5,23,55,2,5228.0
441,441,3,3,1.0,0,1,0,0,12,5,2019,8,25,20,45,12,10844.0
442,442,4,4,1.0,1,0,0,1,18,5,2019,6,50,12,10,5,6347.0
443,443,2,2,1.0,0,0,0,1,15,3,2019,8,15,12,15,4,5013.0
444,444,3,3,1.0,0,1,0,0,9,6,2019,18,55,4,40,9,9663.0
445,445,2,2,3.0,1,0,0,1,6,4,2019,18,25,21,20,2,4823.0
446,446,4,4,2.0,0,0,0,1,24,6,2019,16,55,19,15,26,13381.0
447,447,0,0,3.0,0,0,1,0,1,6,2019,9,45,12,0,2,3543.0
448,448,3,3,1.0,0,1,0,0,15,5,2019,18,55,4,40,9,9663.0
449,449,3,3,1.0,0,1,0,0,1,4,2019,18,55,19,50,24,7064.0
450,450,4,4,1.0,0,1,0,0,9,6,2019,7,5,19,0,11,10262.0
451,451,4,4,2.0,0,0,0,1,1,6,2019,10,55,19,15,8,13013.0
452,452,4,4,2.0,0,1,0,1,27,6,2019,19,10,12,35,17,15339.0
453,453,2,2,3.0,0,0,1,1,18,4,2019,11,40,14,30,2,4937.0
454,454,4,4,1.0,1,0,0,1,6,6,2019,5,5,12,10,7,6818.0
455,455,4,4,2.0,0,0,0,1,18,5,2019,22,0,19,15,21,10441.0
456,456,4,4,1.0,0,1,0,0,3,4,2019,14,0,19,0,5,5177.0
457,457,0,0,3.0,1,0,0,1,27,6,2019,11,35,14,0,2,3858.0
458,458,3,3,1.0,1,0,0,1,18,5,2019,21,0,2,15,5,6534.0
459,459,4,4,1.0,0,0,1,1,15,6,2019,10,20,1,30,15,6795.0
460,460,4,4,1.0,0,0,1,1,3,6,2019,7,30,19,15,11,9736.0
461,461,2,2,3.0,0,1,0,1,1,5,2019,19,50,22,50,3,7229.0
462,462,4,4,1.0,0,0,1,1,24,4,2019,17,55,22,50,4,4957.0
463,463,2,2,3.0,1,0,0,1,9,3,2019,6,0,8,45,2,7648.0
464,464,3,3,3.0,0,0,1,1,15,6,2019,14,55,17,25,2,3873.0
465,465,3,3,1.0,0,1,0,1,12,5,2019,18,55,4,40,9,14388.0
466,466,3,3,3.0,1,0,0,1,6,3,2019,17,15,19,55,2,5618.0
467,467,4,4,1.0,0,0,1,1,9,6,2019,19,0,1,30,6,7408.0
468,468,4,4,1.0,0,0,1,1,3,3,2019,16,45,22,15,5,13774.0
469,469,2,2,3.0,0,0,1,1,3,5,2019,7,0,9,40,2,4668.0
470,470,4,4,2.0,0,1,0,1,21,3,2019,18,20,4,25,34,13082.0
471,471,4,4,1.0,0,0,0,1,3,6,2019,3,50,19,15,15,8669.0
472,472,4,4,1.0,1,0,0,1,24,6,2019,16,0,1,30,9,6316.0
473,473,4,4,1.0,0,1,0,0,6,3,2019,22,20,4,25,6,12583.0
474,474,2,2,3.0,0,0,1,1,9,3,2019,16,10,18,50,2,7923.0
475,475,4,4,1.0,0,0,1,1,3,3,2019,7,0,12,50,5,7378.0
476,476,2,2,3.0,0,0,1,1,3,6,2019,19,30,22,15,2,4878.0
477,477,3,3,1.0,0,1,0,0,18,5,2019,16,30,19,50,27,10844.0
478,478,2,2,3.0,0,1,0,1,3,4,2019,8,20,11,20,3,7229.0
479,479,4,4,1.0,0,0,1,1,21,5,2019,6,5,11,20,5,6297.0
480,480,3,3,1.0,0,1,0,0,12,6,2019,20,0,12,0,16,8529.0
481,481,4,4,1.0,0,0,1,1,18,5,2019,14,0,21,0,7,13727.0
482,482,3,3,1.0,0,0,1,1,24,5,2019,8,35,17,15,8,6643.0
483,483,4,4,1.0,0,0,1,1,9,5,2019,10,0,19,0,9,10197.0
484,484,3,3,3.0,0,0,1,1,21,4,2019,22,20,0,40,2,4911.0
485,485,0,0,3.0,1,0,0,1,6,3,2019,5,15,7,35,2,6482.0
486,486,2,2,1.0,0,1,0,1,1,3,2019,8,55,15,15,6,26890.0
487,487,3,3,1.0,1,0,0,1,18,5,2019,19,20,23,45,4,3717.0
488,488,0,0,3.0,1,0,0,1,1,6,2019,13,15,15,35,2,3597.0
489,489,2,2,2.0,0,0,0,1,18,3,2019,11,5,22,10,11,10846.0
490,490,2,2,1.0,0,0,0,1,1,3,2019,5,50,22,45,16,14069.0
491,491,4,4,1.0,0,1,0,0,1,4,2019,22,50,12,35,13,5177.0
492,492,4,4,2.0,0,0,0,1,6,3,2019,5,55,7,40,25,14641.0
493,493,4,4,1.0,1,0,0,1,6,6,2019,8,35,22,30,13,6442.0
494,494,4,4,1.0,0,0,0,1,21,3,2019,17,45,23,0,5,5704.0
495,495,3,3,1.0,0,1,0,0,6,5,2019,14,5,9,20,19,9663.0
496,496,4,4,1.0,0,1,0,1,6,6,2019,20,55,4,25,7,14714.0
497,497,4,4,1.0,0,1,0,0,1,4,2019,10,0,19,0,9,5406.0
498,498,3,3,1.0,0,0,1,1,15,5,2019,20,20,20,20,24,8610.0
499,499,4,4,2.0,0,1,0,1,12,6,2019,18,25,12,35,18,14237.0
500,500,2,2,3.0,1,0,0,1,9,6,2019,7,10,10,5,2,4823.0
501,501,1,1,3.0,1,0,0,1,27,3,2019,20,5,21,35,1,2227.0
502,502,4,4,1.0,0,1,0,0,18,5,2019,7,5,4,25,21,12373.0
503,503,4,4,1.0,0,0,0,1,6,6,2019,13,0,19,15,6,8372.0
504,504,4,4,1.0,0,1,0,1,3,3,2019,13,55,4,25,14,17024.0
505,505,1,1,3.0,0,0,0,1,27,5,2019,21,5,22,25,1,3100.0
506,506,4,4,1.0,0,1,0,0,9,3,2019,6,50,19,45,12,14053.0
507,507,0,0,3.0,1,0,0,1,9,5,2019,5,15,7,40,2,3540.0
508,508,3,3,1.0,0,0,1,1,21,5,2019,20,20,18,50,22,9345.0
509,509,4,4,2.0,0,1,0,0,1,6,2019,5,30,4,25,22,10368.0
510,510,2,2,1.0,0,1,0,1,1,3,2019,7,0,12,25,5,26890.0
511,511,1,1,3.0,0,0,1,1,9,3,2019,8,50,10,15,1,5755.0
512,512,2,2,1.0,0,1,0,0,21,3,2019,8,55,16,10,7,7832.0
513,513,3,3,1.0,0,1,0,1,6,5,2019,8,25,20,45,12,14388.0
514,514,4,4,2.0,0,0,0,1,27,6,2019,13,15,9,25,20,8839.0
515,515,4,4,2.0,0,0,0,1,3,3,2019,22,0,19,15,21,22096.0
516,516,0,0,3.0,0,0,1,1,27,5,2019,7,5,9,20,2,3687.0
517,517,4,4,1.0,0,0,1,1,15,5,2019,8,30,19,0,10,9627.0
518,518,4,4,1.0,0,0,1,1,21,3,2019,11,30,1,35,14,13542.0
519,519,2,2,3.0,1,0,0,1,27,4,2019,4,0,6,50,2,4423.0
520,520,4,4,2.0,1,0,0,1,3,3,2019,4,55,21,20,16,8899.0
521,521,4,4,1.0,0,0,1,1,21,4,2019,6,5,11,20,5,5583.0
522,522,4,4,1.0,0,0,1,1,27,5,2019,16,45,6,35,13,6752.0
523,523,0,0,3.0,0,0,1,0,21,5,2019,8,20,10,35,2,3543.0
524,524,2,2,1.0,0,1,0,0,21,3,2019,8,0,15,15,7,7832.0
525,525,3,3,2.0,0,0,0,1,1,5,2019,5,50,8,55,27,10991.0
526,526,4,4,1.0,0,1,0,0,27,5,2019,9,0,12,35,27,12898.0
527,527,4,4,1.0,0,1,0,0,27,5,2019,14,0,19,0,5,12898.0
528,528,2,2,3.0,0,0,1,1,24,5,2019,11,40,14,30,2,3398.0
529,529,4,4,3.0,0,0,0,1,24,4,2019,5,10,8,0,2,5201.0
530,530,3,3,2.0,0,0,0,1,6,5,2019,10,0,1,20,15,13873.0
531,531,4,4,1.0,0,0,0,1,15,6,2019,17,40,23,0,5,7384.0
532,532,4,4,1.0,0,1,0,0,6,6,2019,18,15,4,25,10,10262.0
533,533,3,3,1.0,0,1,0,0,24,3,2019,8,25,12,0,27,10031.0
534,534,3,3,1.0,0,1,0,0,6,5,2019,9,35,19,10,9,12384.0
535,535,3,3,1.0,0,1,0,0,9,5,2019,14,5,18,15,28,7757.0
536,536,2,2,1.0,0,1,0,1,6,3,2019,21,25,11,25,14,17261.0
537,537,0,0,3.0,0,0,1,1,1,3,2019,9,30,12,5,2,7298.0
538,538,2,2,3.0,0,1,0,1,6,4,2019,15,15,18,10,2,7229.0
539,539,3,3,3.0,1,0,0,1,1,4,2019,4,40,7,15,2,4174.0
540,540,3,3,1.0,1,0,0,1,18,5,2019,17,35,22,15,4,5699.0
541,541,3,3,3.0,0,0,0,1,24,4,2019,14,15,16,45,2,4880.0
542,542,4,4,1.0,0,0,0,1,6,3,2019,8,0,19,15,11,15284.0
543,543,3,3,1.0,0,1,0,1,24,3,2019,8,25,16,20,7,13759.0
544,544,3,3,1.0,0,0,1,1,24,3,2019,9,55,18,45,8,16092.0
545,545,1,1,3.0,1,0,0,1,9,3,2019,6,20,7,45,1,4392.0
546,546,4,4,1.0,0,1,0,0,24,6,2019,20,55,12,35,15,10262.0
547,547,3,3,3.0,0,0,1,0,12,6,2019,6,55,9,30,2,3841.0
548,548,2,2,3.0,0,0,1,1,1,6,2019,7,45,10,40,2,5048.0
549,549,3,3,1.0,0,0,0,1,21,5,2019,7,0,20,25,13,11096.0
550,550,4,4,1.0,1,0,0,1,24,4,2019,7,35,12,10,4,5073.0
551,551,4,4,1.0,0,1,0,1,3,3,2019,9,55,4,25,18,19828.0
552,552,0,0,3.0,0,0,1,1,21,3,2019,7,5,9,20,2,3739.0
553,553,4,4,2.0,0,0,0,1,9,3,2019,5,0,19,15,38,10598.0
554,554,2,2,3.0,0,1,0,0,15,6,2019,18,55,22,0,3,7229.0
555,555,3,3,1.0,0,0,1,1,1,4,2019,17,0,18,50,25,8610.0
556,556,4,4,3.0,0,0,1,1,9,5,2019,14,40,17,50,3,6216.0
557,557,2,2,3.0,0,0,0,1,9,6,2019,13,20,16,10,2,6961.0
558,558,3,3,1.0,0,1,0,0,6,5,2019,9,35,21,5,11,10703.0
559,559,3,3,1.0,0,1,0,1,15,5,2019,17,0,23,35,6,14151.0
560,560,3,3,1.0,0,1,0,0,9,5,2019,6,30,10,5,27,8586.0
561,561,3,3,3.0,1,0,0,1,12,4,2019,20,20,22,55,2,4488.0
562,562,4,4,1.0,0,0,1,1,15,6,2019,18,0,1,30,7,7408.0
563,563,4,4,3.0,0,1,0,0,18,4,2019,11,0,14,15,3,5443.0
564,564,3,3,1.0,0,1,0,0,12,6,2019,9,35,19,10,9,10539.0
565,565,4,4,1.0,0,0,1,1,1,6,2019,13,0,1,30,12,7723.0
566,566,4,4,1.0,0,0,1,1,6,3,2019,7,30,18,50,11,15411.0
567,567,2,2,3.0,0,1,0,1,21,5,2019,7,10,10,10,3,7229.0
568,568,3,3,3.0,1,0,0,1,21,6,2019,20,20,22,55,2,4804.0
569,569,1,1,3.0,0,1,0,0,3,3,2019,2,55,4,25,1,4050.0
570,570,3,3,1.0,0,1,0,1,18,5,2019,17,0,19,10,26,14151.0
571,571,4,4,1.0,0,0,1,1,6,4,2019,17,55,22,50,4,4957.0
572,572,2,2,3.0,0,0,0,1,3,3,2019,21,10,23,55,2,7591.0
573,573,3,3,1.0,0,1,0,0,24,3,2019,13,55,22,35,8,11134.0
574,574,4,4,1.0,1,0,0,1,27,5,2019,5,5,12,10,7,6600.0
575,575,2,2,3.0,0,0,0,1,9,3,2019,21,10,23,55,2,4966.0
576,576,4,4,2.0,0,0,0,1,1,6,2019,6,50,7,40,24,15481.0
577,577,3,3,3.0,0,0,1,1,1,3,2019,22,20,0,40,2,5515.0
578,578,4,4,1.0,0,1,0,1,15,6,2019,8,0,19,0,11,14714.0
579,579,4,4,1.0,0,0,1,1,15,6,2019,10,35,19,35,9,4959.0
580,580,2,2,3.0,0,1,0,1,21,4,2019,11,10,14,5,2,7229.0
581,581,4,4,3.0,0,0,0,1,15,5,2019,18,5,21,10,3,6094.0
582,582,3,3,3.0,0,0,1,1,24,4,2019,10,20,12,55,2,4409.0
583,583,4,4,1.0,0,0,1,1,18,5,2019,6,0,19,0,13,9794.0
584,584,1,1,3.0,0,1,0,1,3,4,2019,2,55,4,20,1,5678.0
585,585,4,4,1.0,1,0,0,1,15,6,2019,8,35,16,10,7,6442.0
586,586,2,2,3.0,0,0,1,1,18,5,2019,7,0,9,40,2,4878.0
587,587,3,3,1.0,0,1,0,0,24,3,2019,21,10,10,5,12,12446.0
588,588,4,4,2.0,0,1,0,1,9,5,2019,23,5,4,25,29,16704.0
589,589,2,2,1.0,0,1,0,0,15,3,2019,5,45,10,45,5,9134.0
590,590,3,3,1.0,0,1,0,0,15,5,2019,20,0,4,40,8,8586.0
591,591,2,2,3.0,0,1,0,0,1,6,2019,7,10,10,10,3,7229.0
592,592,2,2,3.0,0,1,0,0,21,4,2019,7,10,10,10,3,6144.0
593,593,2,2,3.0,0,0,0,1,18,5,2019,10,0,12,45,2,6961.0
594,594,3,3,1.0,0,1,0,0,9,5,2019,16,30,4,40,12,10844.0
595,595,0,0,3.0,1,0,0,1,21,5,2019,19,35,21,55,2,3597.0
596,596,2,2,1.0,0,0,1,1,21,3,2019,10,20,18,15,7,7139.0
597,597,1,1,2.0,0,0,0,1,6,3,2019,9,40,15,15,29,25139.0
598,598,4,4,2.0,0,1,0,0,1,6,2019,9,40,12,35,26,10368.0
599,599,4,4,1.0,0,0,0,1,6,4,2019,20,40,9,25,12,5117.0
600,600,4,4,1.0,0,0,1,1,18,5,2019,11,40,19,15,7,9211.0
601,601,3,3,3.0,0,0,1,1,15,4,2019,17,10,19,40,2,4174.0
602,602,4,4,1.0,0,0,1,1,27,5,2019,7,30,19,15,11,10786.0
603,603,2,2,1.0,0,1,0,0,15,3,2019,8,0,7,40,23,9134.0
604,604,4,4,2.0,0,1,0,1,1,6,2019,14,35,4,25,13,13376.0
605,605,2,2,1.0,0,0,0,1,21,3,2019,22,0,10,50,12,6955.0
606,606,3,3,1.0,0,1,0,0,9,5,2019,8,25,18,15,9,10844.0
607,607,3,3,3.0,0,0,1,1,1,4,2019,19,55,22,25,2,3807.0
608,608,3,3,1.0,0,1,0,0,1,5,2019,14,5,12,0,21,9663.0
609,609,4,4,1.0,0,1,0,0,9,5,2019,2,15,4,25,26,12373.0
610,610,2,2,3.0,0,0,1,1,1,5,2019,21,10,0,5,2,4991.0
611,611,4,4,1.0,0,0,0,1,21,3,2019,23,0,19,15,20,6745.0
612,612,4,4,1.0,0,1,0,0,15,6,2019,22,50,19,0,20,10262.0
613,613,4,4,1.0,0,1,0,0,27,3,2019,17,30,4,25,10,6540.0
614,614,3,3,3.0,0,0,1,1,6,4,2019,17,10,19,40,2,3873.0
615,615,4,4,1.0,0,1,0,1,9,5,2019,21,50,19,0,21,15554.0
616,616,3,3,3.0,1,0,0,1,27,5,2019,20,20,22,55,2,4804.0
617,617,4,4,1.0,0,1,0,0,27,3,2019,23,5,19,45,20,7438.0
618,618,2,2,3.0,0,0,1,1,3,5,2019,4,55,7,45,2,6181.0
619,619,4,4,1.0,0,0,1,1,1,5,2019,19,0,1,30,6,9424.0
620,620,2,2,2.0,0,0,0,1,12,3,2019,17,25,23,25,30,12725.0
621,621,2,2,1.0,0,0,0,1,15,3,2019,8,15,21,25,13,6046.0
622,622,2,2,3.0,0,0,1,1,15,6,2019,21,10,0,5,2,3971.0
623,623,3,3,1.0,0,1,0,1,6,6,2019,20,25,14,25,18,12692.0
624,624,4,4,1.0,1,0,0,1,6,3,2019,14,20,22,20,8,7451.0
625,625,2,2,1.0,0,1,0,1,12,3,2019,22,55,7,40,8,13817.0
626,626,3,3,1.0,0,1,0,0,6,5,2019,9,35,22,5,12,10703.0
627,627,2,2,1.0,0,1,0,1,12,3,2019,21,25,10,45,13,13817.0
628,628,2,2,1.0,0,1,0,1,15,3,2019,22,55,5,5,6,27210.0
629,629,3,3,1.0,0,1,0,1,18,5,2019,21,10,4,40,7,13941.0
630,630,2,2,1.0,0,0,0,1,1,3,2019,17,0,12,15,19,10246.0
631,631,3,3,3.0,1,0,0,1,6,5,2019,17,15,19,50,2,4804.0
632,632,3,3,1.0,0,0,1,1,6,6,2019,22,40,10,40,12,6810.0
633,633,2,2,3.0,0,1,0,0,1,5,2019,8,20,11,20,3,5198.0
634,634,2,2,3.0,0,0,1,1,3,5,2019,21,0,23,50,2,5613.0
635,635,1,1,3.0,1,0,0,1,3,3,2019,21,20,22,45,1,4784.0
636,636,4,4,1.0,0,1,0,0,21,3,2019,19,45,18,50,23,5406.0
637,637,2,2,3.0,0,0,0,1,27,4,2019,13,20,16,10,2,5228.0
638,638,4,4,1.0,0,1,0,0,27,5,2019,20,55,19,0,22,12898.0
639,639,0,0,3.0,0,0,0,1,15,6,2019,11,40,13,55,2,4667.0
640,640,3,3,1.0,0,1,0,1,21,5,2019,14,5,19,50,5,14781.0
641,641,2,2,3.0,0,0,1,1,21,4,2019,9,45,12,35,2,5403.0
642,642,3,3,1.0,0,1,0,0,12,6,2019,14,5,23,35,9,9899.0
643,643,4,4,2.0,0,1,0,0,21,5,2019,19,30,4,25,8,13029.0
644,644,3,3,1.0,0,0,1,1,18,5,2019,17,0,10,45,17,9187.0
645,645,2,2,3.0,1,0,0,1,24,5,2019,20,0,22,50,2,4823.0
646,646,4,4,2.0,0,0,0,1,27,3,2019,21,30,19,15,21,8665.0
647,647,4,4,1.0,1,0,0,1,6,3,2019,8,25,21,0,12,14871.0
648,648,1,1,3.0,1,0,0,1,21,6,2019,6,25,7,55,1,4049.0
649,649,0,0,3.0,0,0,0,1,12,6,2019,11,40,13,55,2,4667.0
650,650,3,3,1.0,1,0,0,1,9,4,2019,19,55,23,50,3,4226.0
651,651,2,2,3.0,0,0,0,1,3,3,2019,6,10,8,55,2,7591.0
652,652,2,2,1.0,0,1,0,1,6,3,2019,5,45,13,15,7,19225.0
653,653,4,4,1.0,0,1,0,0,27,5,2019,19,15,12,35,17,12898.0
654,654,1,1,3.0,1,0,0,1,9,6,2019,12,0,13,30,1,2754.0
655,655,1,1,3.0,0,0,1,0,3,5,2019,13,15,14,45,1,1965.0
656,656,3,3,2.0,0,0,0,1,24,3,2019,16,45,23,15,30,12835.0
657,657,2,2,1.0,0,0,1,1,1,3,2019,5,45,10,45,5,52229.0
658,658,4,4,1.0,0,0,1,1,15,5,2019,8,0,19,15,11,14533.0
659,659,2,2,3.0,0,0,1,1,24,6,2019,9,45,12,35,2,4668.0
660,660,4,4,1.0,0,1,0,1,9,4,2019,17,30,12,35,19,11822.0
661,661,4,4,1.0,0,1,0,0,27,3,2019,21,50,4,25,6,6017.0
662,662,4,4,1.0,0,1,0,1,9,6,2019,11,30,19,0,7,14714.0
663,663,0,0,3.0,0,0,1,1,9,6,2019,8,20,10,35,2,3597.0
664,664,2,2,3.0,0,0,1,1,24,4,2019,11,10,13,55,2,3383.0
665,665,3,3,2.0,0,0,0,1,18,5,2019,16,50,5,35,12,11642.0
666,666,2,2,3.0,0,0,1,1,27,4,2019,21,0,23,50,2,5403.0
667,667,4,4,2.0,0,0,0,1,3,3,2019,16,40,19,15,26,14221.0
668,668,3,3,1.0,0,1,0,0,18,5,2019,21,10,10,5,12,8586.0
669,669,1,1,3.0,1,0,0,1,12,6,2019,9,10,10,40,1,4049.0
670,670,4,4,1.0,0,1,0,0,3,6,2019,19,45,4,25,8,10262.0
671,671,4,4,1.0,0,0,1,1,21,5,2019,7,0,21,0,14,7888.0
672,672,4,4,2.0,0,0,0,1,21,3,2019,19,45,19,15,23,8236.0
673,673,4,4,2.0,0,0,0,1,6,6,2019,13,20,19,15,29,12961.0
674,674,3,3,1.0,0,1,0,0,9,5,2019,6,30,4,40,22,8586.0
675,675,3,3,1.0,1,0,0,1,18,5,2019,8,10,13,0,4,5279.0
676,676,2,2,3.0,0,0,1,1,18,6,2019,20,55,23,40,2,3419.0
677,677,4,4,2.0,0,1,0,1,15,6,2019,5,30,19,0,13,13292.0
678,678,3,3,1.0,0,1,0,1,15,5,2019,20,25,9,45,13,13067.0
679,679,0,0,3.0,1,0,0,1,3,5,2019,13,15,15,35,2,3597.0
680,680,4,4,1.0,0,1,0,1,18,5,2019,7,5,19,0,11,15554.0
681,681,4,4,1.0,1,0,0,1,15,5,2019,17,5,22,15,5,6027.0
682,682,3,3,1.0,0,1,0,1,9,5,2019,6,30,18,15,11,14781.0
683,683,4,4,2.0,0,1,0,1,1,6,2019,14,35,4,25,13,13376.0
684,684,2,2,3.0,1,0,0,1,27,5,2019,21,15,0,15,3,3943.0
685,685,4,4,1.0,0,0,1,1,12,6,2019,7,25,13,35,6,5842.0
686,686,0,0,3.0,1,0,0,1,15,3,2019,5,15,7,35,2,4326.0
687,687,4,4,1.0,0,0,1,1,1,6,2019,8,30,19,15,10,8937.0
688,688,0,0,3.0,0,0,0,1,21,3,2019,11,40,13,55,2,3670.0
689,689,2,2,3.0,1,0,0,1,18,6,2019,18,25,21,20,2,4823.0
690,690,1,1,3.0,0,1,0,0,3,4,2019,19,35,21,5,1,2071.0
691,691,4,4,1.0,0,0,1,0,27,6,2019,14,55,22,30,7,6093.0
692,692,3,3,1.0,0,0,1,1,24,3,2019,20,20,22,55,26,11682.0
693,693,2,2,1.0,1,0,0,1,3,3,2019,5,25,10,10,4,7774.0
694,694,3,3,1.0,0,1,0,1,12,5,2019,17,0,14,25,21,13067.0
695,695,4,4,1.0,1,0,0,1,27,5,2019,7,35,16,10,8,7514.0
696,696,4,4,1.0,0,0,1,1,9,4,2019,17,0,1,30,8,6838.0
697,697,0,0,3.0,1,0,0,1,18,3,2019,13,20,15,35,2,3858.0
698,698,4,4,1.0,0,0,1,1,15,6,2019,12,50,1,30,12,6795.0
699,699,4,4,2.0,0,1,0,1,27,5,2019,20,0,4,25,8,16263.0
700,700,3,3,1.0,0,0,0,1,9,5,2019,16,50,18,30,25,8576.0
701,701,2,2,3.0,0,0,0,1,6,5,2019,10,0,12,45,2,5228.0
702,702,4,4,2.0,0,1,0,1,1,5,2019,23,5,4,25,29,16704.0
703,703,3,3,3.0,1,0,0,1,24,3,2019,20,25,23,5,2,8872.0
704,704,2,2,3.0,0,0,1,1,3,5,2019,11,40,14,30,2,3898.0
705,705,0,0,3.0,0,0,1,0,21,3,2019,17,45,20,5,2,3332.0
706,706,3,3,1.0,0,1,0,0,21,5,2019,10,20,17,35,7,5608.0
707,707,3,3,1.0,0,1,0,1,9,5,2019,8,25,4,40,20,13941.0
708,708,4,4,1.0,0,0,1,1,21,3,2019,7,30,19,15,11,9100.0
709,709,2,2,3.0,0,0,1,1,15,6,2019,17,0,19,35,2,4878.0
710,710,4,4,1.0,1,0,0,1,1,6,2019,7,30,21,0,13,6416.0
711,711,1,1,3.0,0,0,1,1,12,5,2019,5,45,7,15,1,2017.0
712,712,4,4,2.0,0,1,0,1,27,3,2019,19,10,19,45,24,10976.0
713,713,3,3,1.0,0,1,0,0,24,3,2019,19,45,16,20,20,10031.0
714,714,3,3,3.0,1,0,0,1,18,3,2019,5,30,8,20,2,4462.0
715,715,4,4,1.0,1,0,0,1,1,4,2019,7,35,12,10,4,5073.0
716,716,0,0,3.0,1,0,0,1,27,3,2019,5,15,7,35,2,4326.0
717,717,4,4,1.0,0,0,1,1,21,3,2019,7,30,19,15,11,10161.0
718,718,1,1,3.0,1,0,0,1,12,6,2019,16,55,18,25,1,3175.0
719,719,3,3,1.0,0,0,1,1,24,3,2019,20,20,9,10,12,12312.0
720,720,4,4,2.0,0,1,0,1,21,3,2019,18,20,18,50,24,12604.0
721,721,4,4,1.0,0,0,1,1,15,6,2019,7,30,19,0,11,10877.0
722,722,3,3,1.0,1,0,0,1,18,5,2019,6,20,10,20,4,4226.0
723,723,4,4,1.0,0,1,0,0,6,4,2019,8,0,19,0,11,5406.0
724,724,4,4,1.0,1,0,0,1,15,5,2019,2,0,7,25,5,8618.0
725,725,3,3,3.0,1,0,0,1,18,4,2019,17,15,19,50,2,4174.0
726,726,4,4,1.0,0,0,1,1,1,6,2019,14,25,19,35,5,10651.0
727,727,4,4,1.0,0,1,0,0,21,3,2019,18,15,4,25,10,5963.0
728,728,4,4,2.0,0,1,0,0,12,6,2019,9,40,12,35,26,10368.0
729,729,1,1,1.0,1,0,0,1,6,3,2019,15,45,23,0,7,7681.0
730,730,4,4,1.0,0,0,1,1,21,5,2019,12,50,21,0,8,7485.0
731,731,2,2,3.0,0,1,0,0,3,4,2019,15,15,18,10,2,4544.0
732,732,3,3,1.0,0,0,1,1,15,4,2019,15,5,20,20,5,4649.0
733,733,0,0,3.0,0,0,1,1,12,5,2019,17,45,20,5,2,11982.0
734,734,1,1,3.0,0,1,0,0,24,6,2019,7,5,8,30,1,4995.0
735,735,3,3,1.0,1,0,0,1,9,5,2019,8,10,13,0,4,5069.0
736,736,3,3,3.0,0,0,1,1,1,6,2019,22,20,0,40,2,3873.0
737,737,3,3,3.0,0,0,1,1,27,4,2019,22,20,0,40,2,3873.0
738,738,4,4,1.0,0,0,0,1,27,5,2019,9,45,23,0,13,8907.0
739,739,3,3,1.0,0,1,0,0,9,6,2019,21,10,16,20,19,10844.0
740,740,3,3,1.0,0,1,0,0,15,5,2019,21,10,19,50,22,10844.0
741,741,3,3,1.0,0,1,0,0,6,5,2019,21,10,12,0,14,9663.0
742,742,4,4,2.0,0,1,0,1,1,6,2019,21,25,12,35,15,13292.0
743,743,4,4,2.0,0,1,0,1,12,6,2019,5,30,12,35,7,14441.0
744,744,1,1,3.0,0,1,0,0,9,6,2019,2,55,4,20,1,4050.0
745,745,2,2,3.0,1,0,0,1,9,3,2019,21,20,0,15,2,6144.0
746,746,4,4,1.0,1,0,0,1,6,3,2019,7,30,15,30,8,14871.0
747,747,2,2,3.0,0,0,1,1,18,4,2019,11,10,13,55,2,4483.0
748,748,4,4,1.0,1,0,0,1,15,5,2019,10,35,1,30,14,6979.0
749,749,1,1,3.0,0,1,0,1,27,6,2019,10,20,11,50,1,8040.0
750,750,4,4,1.0,1,0,0,1,1,6,2019,9,15,1,30,16,7048.0
751,751,2,2,3.0,0,0,1,0,27,6,2019,9,30,12,20,2,3573.0
752,752,4,4,1.0,1,0,0,1,27,5,2019,16,0,21,0,5,5054.0
753,753,4,4,1.0,0,0,0,1,1,6,2019,21,0,19,15,22,8582.0
754,754,4,4,1.0,0,0,1,1,9,6,2019,7,55,13,25,5,8759.0
755,755,4,4,1.0,1,0,0,1,27,4,2019,7,35,16,10,8,6442.0
756,756,4,4,1.0,0,0,0,1,18,5,2019,3,50,19,15,15,8879.0
757,757,3,3,1.0,0,1,0,0,24,3,2019,21,10,18,10,21,10031.0
758,758,4,4,2.0,0,1,0,0,3,6,2019,5,30,19,0,13,10368.0
759,759,2,2,3.0,1,0,0,1,24,6,2019,13,0,15,50,2,3943.0
760,760,4,4,1.0,1,0,0,1,3,3,2019,4,45,11,30,6,14871.0
761,761,1,1,3.0,0,1,0,0,18,6,2019,8,45,10,15,1,4995.0
762,762,4,4,1.0,0,0,1,0,24,6,2019,10,20,19,0,8,10791.0
763,763,1,1,3.0,0,0,1,1,3,6,2019,5,45,7,15,1,2753.0
764,764,2,2,3.0,1,0,0,1,9,4,2019,10,10,13,0,2,4423.0
765,765,3,3,3.0,0,0,1,1,27,5,2019,10,20,12,55,2,4409.0
766,766,3,3,1.0,0,0,0,1,9,5,2019,19,0,11,5,16,6117.0
767,767,4,4,2.0,0,1,0,1,21,5,2019,19,10,19,0,23,15129.0
768,768,3,3,1.0,0,0,1,1,6,6,2019,20,20,23,25,27,9345.0
769,769,3,3,1.0,0,0,1,1,9,5,2019,7,10,23,25,16,8085.0
770,770,4,4,1.0,0,1,0,1,6,5,2019,13,0,4,25,15,15554.0
771,771,2,2,3.0,0,0,1,0,21,5,2019,9,30,12,20,2,3573.0
772,772,4,4,1.0,0,0,1,1,3,3,2019,17,0,1,35,8,17073.0
773,773,4,4,1.0,0,0,1,1,9,6,2019,11,40,1,30,13,6795.0
774,774,2,2,3.0,0,0,1,1,21,3,2019,7,0,9,40,2,5403.0
775,775,0,0,3.0,1,0,0,1,15,5,2019,5,15,7,40,2,3540.0
776,776,4,4,3.0,0,0,1,1,24,4,2019,14,40,17,50,3,6216.0
777,777,2,2,3.0,0,1,0,0,21,5,2019,15,50,18,45,2,3359.0
778,778,3,3,1.0,0,1,0,0,24,5,2019,18,55,23,35,28,10844.0
779,779,2,2,3.0,0,0,0,1,15,6,2019,13,20,16,10,2,6961.0
780,780,3,3,3.0,0,0,1,1,3,4,2019,10,20,12,55,2,4107.0
781,781,4,4,1.0,0,0,1,1,21,3,2019,9,10,18,50,9,13069.0
782,782,4,4,2.0,0,1,0,1,24,6,2019,11,45,4,25,16,13357.0
783,783,4,4,1.0,1,0,0,1,1,6,2019,16,10,22,30,6,6938.0
784,784,4,4,2.0,0,1,0,1,27,6,2019,9,35,12,35,27,13292.0
785,785,2,2,2.0,0,0,0,0,1,3,2019,8,50,23,25,14,26743.0
786,786,4,4,1.0,0,0,1,1,21,3,2019,6,40,18,50,12,13568.0
787,787,4,4,1.0,0,0,1,1,6,3,2019,11,40,19,15,7,15353.0
788,788,0,0,3.0,1,0,0,1,15,5,2019,14,45,17,5,2,3597.0
789,789,3,3,1.0,0,1,0,0,24,3,2019,21,10,16,20,19,10031.0
790,790,3,3,2.0,0,0,0,1,9,5,2019,9,25,5,25,20,14687.0
791,791,2,2,3.0,0,1,0,0,6,6,2019,19,50,22,50,3,7229.0
792,792,4,4,1.0,0,0,1,1,9,5,2019,14,25,19,35,5,10188.0
793,793,2,2,3.0,0,0,1,1,9,3,2019,7,0,9,40,2,7398.0
794,794,4,4,2.0,0,1,0,1,18,5,2019,13,25,19,0,29,16704.0
795,795,2,2,1.0,1,0,0,0,1,3,2019,16,55,21,50,4,8153.0
796,796,2,2,3.0,0,1,0,1,9,4,2019,7,10,10,10,3,7229.0
797,797,4,4,1.0,0,0,1,0,27,5,2019,13,0,1,30,12,6943.0
798,798,4,4,1.0,0,0,1,1,1,6,2019,6,40,19,15,12,8937.0
799,799,4,4,2.0,0,0,0,1,3,3,2019,7,5,9,25,26,9400.0
800,800,3,3,1.0,0,0,1,1,24,3,2019,7,10,20,25,13,13152.0
801,801,2,2,3.0,1,0,0,1,1,6,2019,22,10,1,0,2,3419.0
802,802,3,3,1.0,0,0,1,1,12,6,2019,20,20,9,5,12,7927.0
803,803,2,2,2.0,0,0,0,1,15,3,2019,5,50,22,10,16,9796.0
804,804,2,2,3.0,0,0,1,1,3,3,2019,11,30,14,10,2,8028.0
805,805,4,4,2.0,0,0,1,1,6,3,2019,13,5,21,20,8,10759.0
806,806,4,4,1.0,0,0,1,1,21,5,2019,7,0,19,0,12,10197.0
807,807,2,2,3.0,0,0,0,1,1,6,2019,21,5,23,55,2,5228.0
808,808,4,4,1.0,0,0,1,0,18,5,2019,10,0,21,0,11,9275.0
809,809,0,0,3.0,1,0,0,1,3,3,2019,22,5,0,25,2,5277.0
810,810,4,4,2.0,0,1,0,0,18,5,2019,14,35,4,25,13,13848.0
811,811,4,4,1.0,1,0,0,1,15,5,2019,14,20,22,30,8,6412.0
812,812,3,3,1.0,0,1,0,1,18,5,2019,16,30,4,40,12,13941.0
813,813,2,2,3.0,0,0,1,1,6,5,2019,7,0,9,40,2,4668.0
814,814,2,2,3.0,1,0,0,1,18,6,2019,1,30,4,15,2,3419.0
815,815,2,2,3.0,1,0,0,1,6,4,2019,22,10,1,0,2,3943.0
816,816,3,3,1.0,0,0,0,1,24,5,2019,14,35,14,35,24,6528.0
817,817,2,2,3.0,0,1,0,1,21,5,2019,17,45,20,45,3,7229.0
818,818,4,4,1.0,0,0,1,1,21,3,2019,13,0,1,35,12,13542.0
819,819,3,3,1.0,0,1,0,0,12,6,2019,18,55,20,45,25,8529.0
820,820,2,2,3.0,0,1,0,1,21,6,2019,15,15,18,10,2,8016.0
821,821,4,4,2.0,0,1,0,0,9,5,2019,19,30,12,35,17,13029.0
822,822,4,4,2.0,0,1,0,1,9,5,2019,23,5,4,25,29,15129.0
823,823,4,4,2.0,0,1,0,0,9,6,2019,19,30,4,25,8,10368.0
824,824,4,4,3.0,0,0,0,1,3,3,2019,18,5,21,10,3,8666.0
825,825,4,4,1.0,0,1,0,1,18,5,2019,10,0,19,0,9,15554.0
826,826,2,2,1.0,0,1,0,1,1,3,2019,5,45,16,10,10,26890.0
827,827,3,3,1.0,0,1,0,1,21,5,2019,17,0,9,45,16,13067.0
828,828,2,2,3.0,0,1,0,0,1,4,2019,6,0,8,45,2,4544.0
829,829,3,3,1.0,0,0,1,1,21,5,2019,20,20,22,40,26,8452.0
830,830,4,4,1.0,0,0,1,0,27,6,2019,6,0,19,15,13,7268.0
831,831,4,4,1.0,0,0,1,1,9,5,2019,8,30,19,0,10,9627.0
832,832,4,4,1.0,0,0,1,1,9,5,2019,11,25,19,0,7,9103.0
833,833,4,4,1.0,0,0,1,1,9,4,2019,8,0,19,0,11,11142.0
834,834,3,3,3.0,1,0,0,1,9,3,2019,5,30,8,20,2,4148.0
835,835,3,3,1.0,0,1,0,0,18,5,2019,16,30,18,15,25,10844.0
836,836,4,4,1.0,0,0,1,1,6,6,2019,9,45,16,10,6,9646.0
837,837,1,1,3.0,1,0,0,1,1,3,2019,12,0,13,25,1,12475.0
838,838,4,4,1.0,0,1,0,1,18,5,2019,22,50,19,0,20,15554.0
839,839,4,4,1.0,0,1,0,0,27,6,2019,7,5,19,0,11,10262.0
840,840,2,2,3.0,0,0,0,1,12,6,2019,13,20,16,10,2,6961.0
841,841,4,4,1.0,0,1,0,0,15,6,2019,14,0,19,0,5,10262.0
842,842,4,4,1.0,0,1,0,0,27,6,2019,16,0,19,0,27,10262.0
843,843,2,2,3.0,1,0,0,1,9,5,2019,23,30,2,20,2,3943.0
844,844,1,1,3.0,0,0,0,1,24,5,2019,19,30,20,45,1,3625.0
845,845,4,4,1.0,0,0,1,1,21,3,2019,9,0,19,15,10,13378.0
846,846,4,4,2.0,0,1,0,1,15,6,2019,11,45,12,35,24,13882.0
847,847,2,2,3.0,1,0,0,1,18,6,2019,5,30,8,20,2,3943.0
848,848,3,3,2.0,0,0,0,1,15,5,2019,9,25,5,25,20,14687.0
849,849,4,4,1.0,0,0,1,1,27,5,2019,7,55,13,25,5,6451.0
850,850,2,2,3.0,0,0,1,1,9,6,2019,19,30,22,15,2,4878.0
851,851,4,4,1.0,1,0,0,1,9,5,2019,18,35,1,30,6,8542.0
852,852,3,3,3.0,1,0,0,1,24,5,2019,9,35,12,20,2,4804.0
853,853,3,3,1.0,1,0,0,1,6,6,2019,21,0,2,15,5,6711.0
854,854,4,4,1.0,0,0,1,1,15,6,2019,13,0,19,15,6,16108.0
855,855,2,2,3.0,1,0,0,1,6,6,2019,0,25,3,15,2,3943.0
856,856,3,3,2.0,0,0,0,1,24,5,2019,10,0,5,25,19,15422.0
857,857,2,2,3.0,1,0,0,1,24,3,2019,21,20,0,15,2,5694.0
858,858,3,3,1.0,0,1,0,1,1,4,2019,8,25,19,50,11,12681.0
859,859,3,3,1.0,0,1,0,0,1,5,2019,20,0,10,5,14,8586.0
860,860,2,2,3.0,1,0,0,1,3,3,2019,0,40,3,25,2,6144.0
861,861,4,4,3.0,1,0,0,1,27,4,2019,5,35,8,50,3,6015.0
862,862,4,4,1.0,0,0,1,1,27,6,2019,4,55,19,15,14,7155.0
863,863,3,3,1.0,0,1,0,1,12,6,2019,9,35,22,5,12,12692.0
864,864,4,4,1.0,0,0,0,1,18,5,2019,17,40,23,0,5,8277.0
865,865,4,4,2.0,0,0,0,1,9,5,2019,7,5,9,25,26,9347.0
866,866,4,4,3.0,0,0,0,1,15,3,2019,18,5,21,10,3,4939.0
867,867,1,1,3.0,0,1,0,1,12,3,2019,19,40,21,10,1,5678.0
868,868,3,3,1.0,0,1,0,0,6,6,2019,16,30,23,35,7,10844.0
869,869,2,2,1.0,0,1,0,0,21,3,2019,9,45,15,55,6,7280.0
870,870,4,4,1.0,0,0,1,1,21,3,2019,13,0,21,0,8,7618.0
871,871,4,4,1.0,0,0,1,1,6,3,2019,8,55,21,0,12,15147.0
872,872,3,3,1.0,0,1,0,1,18,5,2019,21,10,10,5,12,13941.0
873,873,3,3,1.0,0,1,0,1,1,4,2019,9,35,19,10,9,11467.0
874,874,4,4,1.0,0,0,1,1,27,6,2019,10,20,1,30,15,6270.0
875,875,4,4,1.0,0,0,1,1,3,3,2019,13,55,1,35,11,17057.0
876,876,2,2,3.0,0,1,0,1,3,6,2019,15,15,18,10,2,8016.0
877,877,4,4,1.0,0,0,1,0,27,6,2019,8,45,13,15,4,4760.0
878,878,3,3,3.0,0,0,1,0,21,3,2019,6,55,9,35,2,3815.0
879,879,3,3,3.0,0,0,1,1,1,5,2019,17,10,19,40,2,4174.0
880,880,3,3,1.0,0,1,0,1,6,6,2019,9,35,9,45,24,12692.0
881,881,3,3,2.0,0,0,0,1,15,5,2019,9,25,13,45,28,15532.0
882,882,1,1,3.0,0,1,0,0,6,6,2019,7,5,8,30,1,4995.0
883,883,4,4,1.0,0,1,0,0,27,5,2019,18,15,4,25,10,12898.0
884,884,4,4,1.0,0,0,1,1,9,5,2019,7,30,19,0,11,9794.0
885,885,2,2,3.0,0,0,0,1,15,5,2019,13,20,16,10,2,5228.0
886,886,4,4,1.0,0,1,0,0,27,6,2019,22,50,12,35,13,10262.0
887,887,4,4,1.0,0,0,1,1,24,6,2019,9,45,16,10,6,9646.0
888,888,3,3,1.0,0,1,0,1,15,5,2019,21,10,10,5,12,15149.0
889,889,3,3,1.0,1,0,0,1,9,6,2019,19,20,23,45,4,4205.0
890,890,4,4,1.0,0,0,1,1,6,3,2019,7,30,21,0,13,15147.0
891,891,2,2,1.0,0,1,0,0,6,3,2019,8,55,9,0,24,13712.0
892,892,4,4,1.0,0,0,0,1,9,3,2019,17,20,9,25,16,12415.0
893,893,3,3,2.0,0,0,1,1,15,5,2019,15,10,23,30,8,5192.0
894,894,3,3,1.0,0,0,1,1,15,5,2019,6,50,10,30,3,5162.0
895,895,4,4,1.0,1,0,0,1,3,3,2019,6,40,16,10,9,9027.0
896,896,3,3,1.0,0,1,0,0,24,3,2019,13,55,18,10,28,11134.0
897,897,3,3,1.0,0,1,0,0,24,5,2019,20,0,9,20,13,10844.0
898,898,3,3,1.0,0,0,1,1,24,3,2019,17,0,10,50,17,12890.0
899,899,3,3,1.0,0,1,0,1,9,6,2019,20,0,16,20,20,14571.0
900,900,3,3,1.0,0,1,0,1,12,5,2019,17,0,21,5,28,12121.0
901,901,4,4,1.0,0,1,0,0,9,5,2019,13,0,4,25,15,12373.0
902,902,2,2,1.0,0,0,0,1,9,3,2019,11,50,23,55,12,10972.0
903,903,4,4,1.0,0,1,0,0,1,6,2019,2,15,12,35,10,10262.0
904,904,4,4,1.0,0,1,0,0,27,5,2019,16,0,4,25,12,12898.0
905,905,4,4,1.0,1,0,0,1,18,5,2019,8,35,16,10,7,6442.0
906,906,2,2,3.0,0,0,1,1,3,4,2019,9,45,12,35,2,5403.0
907,907,4,4,1.0,1,0,0,1,21,4,2019,7,35,12,10,4,5703.0
908,908,4,4,1.0,0,0,1,0,9,5,2019,8,0,19,15,11,9871.0
909,909,3,3,3.0,1,0,0,1,15,4,2019,15,30,18,5,2,4174.0
910,910,4,4,2.0,0,0,0,1,21,5,2019,17,15,19,15,26,11972.0
911,911,3,3,3.0,0,0,1,1,18,4,2019,9,0,11,25,2,4174.0
912,912,3,3,3.0,1,0,0,1,21,5,2019,17,15,19,50,2,4804.0
913,913,3,3,1.0,0,1,0,1,1,4,2019,6,30,20,45,14,12681.0
914,914,3,3,3.0,0,0,1,1,6,6,2019,10,20,12,55,2,4508.0
915,915,4,4,1.0,0,1,0,0,3,6,2019,20,55,19,0,22,10262.0
916,916,4,4,1.0,0,0,1,1,3,3,2019,19,0,1,35,6,16775.0
917,917,4,4,1.0,0,0,1,1,12,6,2019,17,0,1,30,8,7198.0
918,918,4,4,2.0,0,1,0,1,15,6,2019,9,40,4,25,18,13014.0
919,919,3,3,0.0,0,0,0,1,12,5,2019,12,0,23,15,35,10991.0
920,920,0,0,3.0,0,0,1,1,21,6,2019,7,5,9,20,2,3687.0
921,921,3,3,3.0,0,0,1,1,12,5,2019,19,55,22,25,2,5530.0
922,922,3,3,3.0,0,0,1,0,27,3,2019,22,20,0,40,2,3815.0
923,923,3,3,3.0,0,0,0,1,1,3,2019,14,15,16,45,2,6535.0
924,924,4,4,1.0,0,1,0,1,3,3,2019,20,50,4,25,7,17234.0
925,925,4,4,2.0,0,1,0,1,6,3,2019,16,50,4,25,35,19907.0
926,926,4,4,1.0,0,0,0,1,27,3,2019,20,30,23,0,26,5022.0
927,927,4,4,1.0,0,0,1,1,27,3,2019,4,0,15,30,11,6305.0
928,928,4,4,2.0,0,1,0,0,21,3,2019,16,10,18,50,26,8728.0
929,929,2,2,3.0,1,0,0,1,1,6,2019,21,15,0,15,3,3943.0
930,930,1,1,3.0,1,0,0,1,18,3,2019,16,55,18,25,1,3175.0
931,931,2,2,3.0,0,1,0,1,24,3,2019,11,10,14,5,2,7229.0
932,932,4,4,2.0,0,0,1,1,9,3,2019,7,5,21,20,14,8620.0
933,933,2,2,1.0,0,0,0,1,9,3,2019,5,50,22,45,16,10657.0
934,934,2,2,1.0,0,1,0,0,21,3,2019,8,0,20,20,12,7832.0
935,935,4,4,2.0,0,1,0,0,27,6,2019,13,25,19,0,29,11150.0
936,936,2,2,1.0,0,1,0,1,1,3,2019,22,50,19,10,20,25735.0
937,937,4,4,2.0,0,1,0,1,9,5,2019,20,0,4,25,8,16263.0
938,938,4,4,1.0,0,0,1,0,24,6,2019,11,40,1,30,13,5797.0
939,939,4,4,2.0,0,1,0,1,6,6,2019,18,25,4,25,10,14237.0
940,940,4,4,1.0,0,1,0,0,9,6,2019,9,0,4,25,19,10262.0
941,941,4,4,1.0,0,1,0,0,9,6,2019,15,0,19,0,28,10262.0
942,942,2,2,3.0,1,0,0,1,12,5,2019,4,0,6,50,2,3943.0
943,943,4,4,1.0,0,1,0,0,21,5,2019,19,15,12,35,17,12898.0
944,944,2,2,3.0,1,0,0,1,15,5,2019,1,30,4,15,2,3419.0
945,945,2,2,3.0,1,0,0,1,15,3,2019,21,20,0,15,2,8033.0
946,946,2,2,1.0,0,1,0,1,1,3,2019,5,45,19,10,13,27992.0
947,947,3,3,1.0,0,1,0,1,12,5,2019,21,10,10,5,12,13941.0
948,948,3,3,1.0,0,1,0,1,21,5,2019,18,55,4,40,9,14388.0
949,949,3,3,1.0,0,1,0,0,12,5,2019,18,55,16,20,21,10844.0
950,950,4,4,1.0,1,0,0,1,3,3,2019,6,40,22,20,15,11600.0
951,951,0,0,3.0,1,0,0,1,6,6,2019,22,5,0,25,2,5277.0
952,952,4,4,1.0,0,1,0,0,3,6,2019,14,0,4,25,14,10262.0
953,953,2,2,3.0,1,0,0,1,3,3,2019,4,0,6,50,2,6144.0
954,954,4,4,1.0,0,1,0,0,3,6,2019,21,50,4,25,6,12898.0
955,955,3,3,1.0,0,1,0,1,12,5,2019,6,30,4,40,22,13941.0
956,956,4,4,1.0,0,1,0,0,18,5,2019,14,0,4,25,14,12373.0
957,957,3,3,3.0,0,0,1,0,3,4,2019,17,10,19,40,2,3841.0
958,958,3,3,2.0,0,0,0,1,18,5,2019,8,20,7,55,23,10697.0
959,959,2,2,1.0,0,1,0,1,1,3,2019,11,40,0,45,13,26890.0
960,960,1,1,3.0,0,0,1,0,1,6,2019,13,15,14,45,1,2175.0
961,961,4,4,1.0,1,0,0,1,27,5,2019,23,30,4,35,5,9476.0
962,962,1,1,3.0,0,0,0,1,24,5,2019,21,5,22,25,1,3100.0
963,963,4,4,2.0,0,1,0,0,15,6,2019,5,30,4,25,22,10368.0
964,964,1,1,3.0,0,0,1,1,18,5,2019,22,45,0,15,1,2017.0
965,965,3,3,3.0,0,0,1,0,15,4,2019,6,55,9,30,2,3841.0
966,966,4,4,2.0,0,0,0,1,21,5,2019,5,55,19,15,37,10493.0
967,967,2,2,3.0,0,0,1,1,9,3,2019,5,45,8,35,2,5126.0
968,968,2,2,3.0,1,0,0,1,18,6,2019,23,30,2,20,2,3943.0
969,969,4,4,2.0,0,0,0,1,6,3,2019,7,5,19,15,36,11552.0
970,970,4,4,1.0,0,0,0,1,21,3,2019,10,0,19,15,9,7934.0
971,971,1,1,3.0,0,0,0,1,1,3,2019,15,0,16,25,1,6092.0
972,972,4,4,1.0,1,0,0,1,12,6,2019,23,30,4,35,5,10112.0
973,973,0,0,3.0,0,0,1,1,9,3,2019,7,5,9,20,2,6627.0
974,974,4,4,2.0,0,1,0,0,3,6,2019,21,25,12,35,15,11507.0
975,975,2,2,1.0,0,1,0,1,1,3,2019,22,50,0,45,25,26890.0
976,976,2,2,1.0,0,1,0,1,12,3,2019,5,45,11,25,5,13817.0
977,977,3,3,1.0,0,1,0,1,1,4,2019,21,10,4,40,7,13364.0
978,978,3,3,1.0,0,0,1,1,6,6,2019,17,0,10,45,17,9187.0
979,979,0,0,3.0,1,0,0,1,9,5,2019,22,5,0,25,2,5277.0
980,980,2,2,1.0,0,0,0,1,12,3,2019,0,30,8,45,8,13492.0
981,981,3,3,1.0,0,0,1,1,12,6,2019,6,50,10,30,3,5162.0
982,982,4,4,1.0,0,0,1,1,9,6,2019,7,0,12,55,5,5897.0
983,983,3,3,3.0,0,0,0,1,3,6,2019,14,15,16,45,2,5510.0
984,984,2,2,1.0,0,1,0,1,6,3,2019,16,55,10,25,17,17261.0
985,985,4,4,1.0,0,0,1,1,21,5,2019,11,40,1,30,13,7485.0
986,986,0,0,3.0,0,0,0,1,21,6,2019,11,40,13,55,2,4667.0
987,987,3,3,1.0,0,1,0,1,15,5,2019,20,25,18,0,21,14151.0
988,988,4,4,1.0,1,0,0,1,27,5,2019,16,0,1,30,9,7048.0
989,989,4,4,1.0,0,1,0,1,21,3,2019,19,45,4,25,8,12557.0
990,990,4,4,2.0,0,0,1,1,15,6,2019,15,5,1,30,10,15965.0
991,991,2,2,2.0,0,0,0,1,3,3,2019,11,5,22,10,35,11791.0
992,992,4,4,2.0,0,0,1,1,3,3,2019,7,5,21,20,14,8291.0
993,993,2,2,3.0,1,0,0,1,21,4,2019,16,55,19,55,3,4990.0
994,994,3,3,1.0,0,0,1,1,12,5,2019,17,0,18,50,25,9135.0
995,995,3,3,3.0,0,0,1,1,12,4,2019,22,50,1,20,2,4409.0
996,996,3,3,1.0,0,1,0,0,21,5,2019,20,0,4,40,8,10844.0
997,997,4,4,1.0,0,0,1,1,27,5,2019,9,0,19,0,10,10407.0
998,998,4,4,1.0,0,0,1,1,27,5,2019,7,30,19,0,11,9315.0
999,999,3,3,1.0,0,1,0,0,24,5,2019,21,10,4,40,7,9663.0
1000,1000,4,4,1.0,1,0,0,1,21,3,2019,18,35,1,35,7,9264.0
1001,1001,0,0,3.0,0,0,1,1,15,5,2019,9,45,12,0,2,3597.0
1002,1002,4,4,1.0,1,0,0,1,24,6,2019,5,5,12,10,7,6442.0
1003,1003,4,4,1.0,0,0,1,1,9,5,2019,17,30,1,30,8,15078.0
1004,1004,3,3,1.0,1,0,0,1,1,5,2019,18,5,23,30,5,6218.0
1005,1005,4,4,1.0,0,1,0,0,12,6,2019,13,0,12,35,23,10262.0
1006,1006,4,4,1.0,0,0,1,1,9,3,2019,19,0,1,35,6,13677.0
1007,1007,2,2,3.0,0,1,0,1,24,6,2019,7,10,10,10,3,8016.0
1008,1008,4,4,1.0,0,1,0,0,3,6,2019,17,30,12,35,19,10262.0
1009,1009,3,3,3.0,0,0,1,1,27,6,2019,6,55,9,30,2,3873.0
1010,1010,4,4,1.0,0,0,1,1,27,6,2019,8,45,13,15,4,4812.0
1011,1011,1,1,3.0,0,0,1,1,15,5,2019,22,45,0,15,1,2017.0
1012,1012,3,3,3.0,1,0,0,1,21,3,2019,20,25,23,5,2,4462.0
1013,1013,4,4,2.0,0,0,0,1,15,6,2019,5,0,7,40,26,10231.0
1014,1014,2,2,1.0,0,0,0,1,21,3,2019,10,30,22,55,12,6383.0
1015,1015,4,4,2.0,0,0,0,1,24,6,2019,17,15,7,40,14,11989.0
1016,1016,2,2,3.0,1,0,0,1,24,3,2019,18,55,21,45,2,7303.0
1017,1017,2,2,3.0,0,1,0,1,21,4,2019,18,55,22,0,3,7229.0
1018,1018,1,1,3.0,0,1,0,0,21,6,2019,8,45,10,15,1,4995.0
1019,1019,4,4,1.0,0,0,1,1,15,6,2019,13,0,21,0,8,7408.0
1020,1020,3,3,2.0,0,0,0,1,15,5,2019,16,45,12,30,19,14960.0
1021,1021,2,2,3.0,0,0,1,1,24,3,2019,23,25,2,10,2,4482.0
1022,1022,4,4,1.0,1,0,0,1,1,6,2019,6,50,16,10,9,6442.0
1023,1023,2,2,3.0,0,1,0,0,12,5,2019,8,20,11,20,3,6144.0
1024,1024,4,4,2.0,0,1,0,1,27,5,2019,9,40,12,35,26,15129.0
1025,1025,4,4,2.0,0,0,0,1,21,5,2019,22,0,19,15,21,10231.0
1026,1026,2,2,3.0,1,0,0,1,3,4,2019,20,0,22,50,2,4823.0
1027,1027,2,2,3.0,1,0,0,1,9,6,2019,8,30,11,20,2,4823.0
1028,1028,4,4,1.0,0,1,0,0,21,5,2019,11,30,4,25,16,12898.0
1029,1029,1,1,3.0,0,1,0,1,1,5,2019,19,35,21,5,1,5678.0
1030,1030,4,4,2.0,0,0,0,1,9,3,2019,5,55,7,40,25,14483.0
1031,1031,1,1,3.0,0,1,0,0,15,5,2019,19,35,21,5,1,2228.0
1032,1032,4,4,1.0,0,0,1,1,15,6,2019,13,15,22,30,9,8018.0
1033,1033,4,4,1.0,0,0,1,0,6,3,2019,9,55,21,0,11,15136.0
1034,1034,4,4,1.0,0,0,1,1,24,4,2019,15,45,22,5,6,5583.0
1035,1035,4,4,2.0,0,0,0,1,12,6,2019,14,25,19,15,28,13381.0
1036,1036,2,2,1.0,0,0,0,1,15,3,2019,6,55,10,50,27,7932.0
1037,1037,3,3,1.0,0,1,0,0,9,5,2019,20,0,8,15,12,7757.0
1038,1038,4,4,2.0,0,1,0,0,18,5,2019,5,30,4,25,22,13029.0
1039,1039,3,3,3.0,0,0,1,0,9,6,2019,6,55,9,30,2,3841.0
1040,1040,2,2,3.0,0,0,0,1,3,3,2019,13,20,16,10,2,10216.0
1041,1041,1,1,3.0,0,0,0,1,21,5,2019,21,5,22,25,1,3100.0
1042,1042,4,4,2.0,0,0,0,1,21,3,2019,17,15,19,15,26,8245.0
1043,1043,2,2,1.0,0,0,0,0,1,3,2019,11,5,19,50,8,14594.0
1044,1044,4,4,2.0,0,1,0,1,1,6,2019,18,25,12,35,18,14237.0
1045,1045,3,3,2.0,0,0,0,1,21,5,2019,8,20,23,15,14,13164.0
1046,1046,4,4,1.0,0,1,0,1,9,6,2019,20,55,4,25,7,14924.0
1047,1047,3,3,1.0,0,1,0,0,21,5,2019,21,10,16,20,19,10844.0
1048,1048,3,3,1.0,0,1,0,0,6,5,2019,10,20,17,35,7,7064.0
1049,1049,3,3,1.0,0,0,1,1,24,5,2019,7,10,18,50,11,9555.0
1050,1050,4,4,1.0,0,0,1,1,24,6,2019,10,35,19,15,8,7155.0
1051,1051,4,4,1.0,0,0,1,1,9,6,2019,8,0,19,0,11,12192.0
1052,1052,4,4,1.0,0,0,1,1,18,5,2019,16,45,7,10,14,7353.0
1053,1053,4,4,1.0,1,0,0,1,27,6,2019,7,35,12,10,4,5054.0
1054,1054,4,4,2.0,0,0,1,1,15,6,2019,17,50,1,30,7,18485.0
1055,1055,3,3,1.0,0,1,0,0,6,6,2019,6,30,18,15,11,10844.0
1056,1056,2,2,3.0,0,1,0,0,18,5,2019,8,20,11,20,3,6144.0
1057,1057,1,1,3.0,1,0,0,1,1,5,2019,19,5,20,35,1,2754.0
1058,1058,4,4,1.0,0,0,1,1,27,3,2019,15,5,1,35,10,12327.0
1059,1059,3,3,3.0,0,0,1,0,6,5,2019,6,55,9,30,2,3841.0
1060,1060,4,4,1.0,0,1,0,0,18,5,2019,22,50,4,25,5,12373.0
1061,1061,4,4,2.0,0,0,0,1,21,5,2019,22,0,19,15,21,10231.0
1062,1062,4,4,1.0,1,0,0,1,21,5,2019,9,15,21,0,11,7318.0
1063,1063,2,2,1.0,0,1,0,1,6,3,2019,11,40,7,40,20,16736.0
1064,1064,4,4,1.0,1,0,0,1,9,6,2019,21,50,3,35,5,6195.0
1065,1065,1,1,3.0,0,0,1,1,6,6,2019,5,45,7,15,1,2753.0
1066,1066,0,0,3.0,0,0,1,0,24,3,2019,9,30,12,5,2,3807.0
1067,1067,4,4,2.0,0,1,0,1,3,3,2019,5,25,4,25,47,20064.0
1068,1068,4,4,3.0,1,0,0,1,21,6,2019,21,5,0,20,3,5406.0
1069,1069,4,4,2.0,0,0,0,1,1,6,2019,22,0,19,15,21,10441.0
1070,1070,3,3,1.0,0,1,0,0,6,5,2019,20,25,9,45,13,8066.0
1071,1071,2,2,3.0,0,0,0,1,27,6,2019,17,0,19,45,2,6961.0
1072,1072,4,4,3.0,0,0,1,1,21,3,2019,14,55,17,50,2,5586.0
1073,1073,4,4,1.0,0,0,0,1,1,6,2019,17,40,23,0,5,7384.0
1074,1074,2,2,1.0,0,1,0,1,1,3,2019,11,40,9,0,21,20800.0
1075,1075,3,3,1.0,0,1,0,1,12,5,2019,6,30,12,0,5,13941.0
1076,1076,2,2,3.0,0,1,0,0,3,5,2019,8,20,11,20,3,5198.0
1077,1077,0,0,3.0,0,0,1,0,18,3,2019,9,30,12,5,2,3807.0
1078,1078,4,4,1.0,0,0,1,1,3,3,2019,9,45,22,20,12,13838.0
1079,1079,4,4,2.0,0,0,0,1,24,6,2019,7,5,9,25,26,11185.0
1080,1080,2,2,3.0,0,1,0,0,21,6,2019,15,15,18,10,2,7229.0
1081,1081,4,4,1.0,0,1,0,0,12,6,2019,21,50,4,25,6,10262.0
1082,1082,3,3,3.0,0,0,1,1,9,3,2019,19,35,22,5,2,4384.0
1083,1083,4,4,2.0,0,1,0,1,27,6,2019,13,25,12,35,23,12819.0
1084,1084,3,3,1.0,0,1,0,0,6,5,2019,21,10,10,5,12,7757.0
1085,1085,4,4,1.0,0,0,0,1,21,4,2019,20,30,23,0,26,7174.0
1086,1086,4,4,1.0,1,0,0,1,1,6,2019,11,55,22,30,10,6674.0
1087,1087,1,1,3.0,1,0,0,1,18,5,2019,20,5,21,40,1,2227.0
1088,1088,4,4,2.0,0,1,0,1,12,6,2019,19,30,12,35,17,13014.0
1089,1089,1,1,3.0,1,0,0,1,21,3,2019,16,55,18,25,1,3175.0
1090,1090,3,3,3.0,1,0,0,1,1,3,2019,9,35,12,20,2,6565.0
1091,1091,3,3,1.0,0,1,0,1,1,4,2019,18,55,23,35,28,12681.0
1092,1092,0,0,3.0,0,0,1,1,1,6,2019,7,5,9,20,2,3687.0
1093,1093,1,1,3.0,0,1,0,0,15,6,2019,19,35,21,5,1,3210.0
1094,1094,3,3,3.0,1,0,0,1,6,3,2019,20,25,23,5,2,4778.0
1095,1095,4,4,1.0,0,0,1,1,3,6,2019,11,25,19,0,7,10877.0
1096,1096,3,3,1.0,0,0,1,1,24,5,2019,20,20,10,45,14,9187.0
1097,1097,2,2,1.0,0,0,0,1,15,3,2019,22,0,23,20,25,6850.0
1098,1098,3,3,1.0,0,1,0,1,12,5,2019,8,25,18,15,9,14781.0
1099,1099,3,3,2.0,0,0,0,1,6,5,2019,16,45,8,55,16,13227.0
1100,1100,2,2,3.0,0,0,1,1,9,5,2019,7,0,9,40,2,4668.0
1101,1101,3,3,1.0,0,1,0,1,24,5,2019,6,30,12,0,5,14178.0
1102,1102,3,3,1.0,0,1,0,0,6,5,2019,17,0,9,45,16,8066.0
1103,1103,2,2,3.0,1,0,0,1,6,5,2019,13,0,15,50,2,3943.0
1104,1104,4,4,1.0,0,0,1,1,1,6,2019,7,30,19,0,11,11200.0
1105,1105,3,3,1.0,0,1,0,0,18,5,2019,18,55,4,40,9,8586.0
1106,1106,3,3,1.0,0,1,0,1,12,6,2019,21,10,10,5,12,13044.0
1107,1107,4,4,1.0,0,0,1,1,3,6,2019,9,15,19,15,10,8099.0
1108,1108,4,4,1.0,0,1,0,0,15,6,2019,17,30,4,25,10,10262.0
1109,1109,4,4,2.0,0,0,1,1,24,6,2019,17,50,1,30,7,18275.0
1110,1110,4,4,1.0,0,0,1,1,27,5,2019,6,0,21,0,15,8475.0
1111,1111,3,3,3.0,0,0,1,1,6,4,2019,22,20,0,40,2,3873.0
1112,1112,1,1,3.0,1,0,0,1,21,6,2019,21,20,22,50,1,2227.0
1113,1113,4,4,2.0,0,1,0,0,6,3,2019,5,25,19,45,38,16389.0
1114,1114,2,2,3.0,0,0,0,1,3,5,2019,6,10,8,55,2,5228.0
1115,1115,2,2,1.0,0,0,0,1,21,3,2019,11,50,8,55,21,5092.0
1116,1116,2,2,3.0,1,0,0,1,9,3,2019,21,20,0,15,2,4777.0
1117,1117,2,2,3.0,0,0,1,1,24,3,2019,5,50,8,40,2,3383.0
1118,1118,3,3,1.0,0,0,1,1,21,5,2019,7,10,9,5,25,8452.0
1119,1119,2,2,3.0,1,0,0,1,27,5,2019,23,30,2,20,2,3943.0
1120,1120,1,1,3.0,0,0,0,1,24,6,2019,21,5,22,25,1,3100.0
1121,1121,4,4,1.0,1,0,0,1,6,3,2019,9,10,1,35,16,14871.0
1122,1122,2,2,3.0,0,1,0,1,21,6,2019,11,10,14,5,2,8016.0
1123,1123,4,4,1.0,0,0,1,1,12,6,2019,6,0,19,0,13,11789.0
1124,1124,4,4,1.0,0,0,1,1,15,5,2019,11,40,19,0,7,10529.0
1125,1125,2,2,3.0,0,0,1,1,15,3,2019,5,50,8,40,2,5615.0
1126,1126,3,3,1.0,0,0,1,1,6,6,2019,15,5,20,20,5,4649.0
1127,1127,3,3,2.0,0,0,0,1,9,6,2019,5,50,23,15,17,12723.0
1128,1128,3,3,1.0,0,1,0,0,24,5,2019,6,30,18,15,11,10844.0
1129,1129,4,4,1.0,0,1,0,1,3,6,2019,20,55,19,0,22,14714.0
1130,1130,4,4,3.0,0,0,1,1,12,6,2019,14,40,17,50,3,6216.0
1131,1131,3,3,3.0,1,0,0,1,15,3,2019,9,35,12,20,2,4148.0
1132,1132,4,4,1.0,1,0,0,1,6,3,2019,6,40,12,0,5,5647.0
1133,1133,3,3,1.0,0,1,0,0,15,5,2019,8,25,18,15,9,10844.0
1134,1134,4,4,1.0,1,0,0,1,9,5,2019,5,5,12,10,7,6818.0
1135,1135,4,4,2.0,0,0,0,1,27,5,2019,10,55,7,40,20,13643.0
1136,1136,4,4,1.0,0,0,1,1,27,3,2019,7,0,21,0,14,6358.0
1137,1137,4,4,1.0,0,1,0,1,1,6,2019,13,0,19,0,6,14714.0
1138,1138,4,4,1.0,0,0,1,1,21,4,2019,8,45,13,15,4,6460.0
1139,1139,3,3,1.0,0,1,0,0,12,5,2019,21,10,12,0,14,9663.0
1140,1140,3,3,1.0,0,1,0,1,21,5,2019,6,30,10,5,27,13941.0
1141,1141,4,4,1.0,0,1,0,0,27,3,2019,19,45,19,45,24,5963.0
1142,1142,4,4,2.0,0,1,0,1,15,6,2019,19,30,12,35,17,13014.0
1143,1143,3,3,1.0,0,1,0,0,9,5,2019,16,30,9,20,16,9663.0
1144,1144,2,2,3.0,1,0,0,1,6,4,2019,13,0,15,50,2,4423.0
1145,1145,4,4,2.0,0,1,0,1,6,5,2019,11,40,19,0,7,21219.0
1146,1146,4,4,1.0,1,0,0,1,24,5,2019,18,35,1,30,6,7503.0
1147,1147,3,3,3.0,1,0,0,1,24,6,2019,21,25,0,5,2,4804.0
1148,1148,4,4,2.0,0,1,0,1,9,5,2019,9,40,12,35,26,15129.0
1149,1149,4,4,2.0,0,0,1,1,27,3,2019,7,10,21,20,14,6197.0
1150,1150,0,0,3.0,0,0,1,1,27,5,2019,17,45,20,5,2,3597.0
1151,1151,4,4,1.0,0,0,1,1,27,3,2019,7,30,19,15,11,9100.0
1152,1152,1,1,3.0,0,1,0,0,1,6,2019,7,5,8,30,1,4050.0
1153,1153,4,4,1.0,0,0,1,1,6,6,2019,10,0,1,30,15,7723.0
1154,1154,4,4,2.0,0,1,0,1,9,5,2019,23,5,19,0,19,15129.0
1155,1155,4,4,1.0,0,1,0,0,18,5,2019,8,0,19,0,11,12373.0
1156,1156,2,2,3.0,1,0,0,1,3,5,2019,23,30,2,20,2,4591.0
1157,1157,0,0,3.0,0,0,1,1,9,3,2019,8,20,10,35,2,6300.0
1158,1158,2,2,3.0,0,0,0,1,24,3,2019,17,0,19,45,2,5176.0
1159,1159,4,4,1.0,0,0,1,1,15,6,2019,9,0,19,0,10,12717.0
1160,1160,0,0,3.0,0,0,0,1,18,3,2019,11,40,13,55,2,4405.0
1161,1161,4,4,1.0,0,0,1,1,21,4,2019,15,45,22,5,6,6749.0
1162,1162,3,3,1.0,0,1,0,0,12,5,2019,10,20,17,35,7,7064.0
1163,1163,4,4,1.0,0,1,0,1,21,5,2019,7,5,12,35,5,16289.0
1164,1164,0,0,3.0,1,0,0,1,15,3,2019,11,35,14,0,2,6297.0
1165,1165,1,1,3.0,0,1,0,1,12,5,2019,19,35,21,5,1,5678.0
1166,1166,3,3,1.0,0,1,0,1,1,5,2019,20,0,9,20,13,14388.0
1167,1167,2,2,3.0,0,1,0,1,18,4,2019,6,0,8,45,2,7229.0
1168,1168,3,3,1.0,1,0,0,1,24,3,2019,11,55,16,25,4,9806.0
1169,1169,4,4,1.0,1,0,0,1,6,6,2019,21,50,3,35,5,6195.0
1170,1170,3,3,1.0,0,1,0,1,12,6,2019,18,55,18,15,23,13044.0
1171,1171,4,4,2.0,0,1,0,1,27,6,2019,11,45,4,25,16,13882.0
1172,1172,2,2,1.0,0,1,0,0,24,3,2019,5,45,10,45,5,8147.0
1173,1173,4,4,2.0,0,0,0,1,9,4,2019,17,15,7,40,14,8052.0
1174,1174,3,3,1.0,0,1,0,1,1,5,2019,6,30,19,50,13,14781.0
1175,1175,3,3,1.0,0,1,0,1,24,5,2019,9,35,22,5,12,14151.0
1176,1176,3,3,1.0,1,0,0,1,18,5,2019,18,5,23,30,5,6704.0
1177,1177,3,3,1.0,0,1,0,0,1,5,2019,8,25,12,0,27,9663.0
1178,1178,3,3,3.0,1,0,0,1,18,3,2019,15,20,17,55,2,4462.0
1179,1179,4,4,2.0,0,1,0,0,21,3,2019,10,45,4,25,17,8367.0
1180,1180,4,4,2.0,0,1,0,1,9,6,2019,6,45,4,25,21,13376.0
1181,1181,3,3,1.0,0,1,0,1,21,5,2019,20,25,9,45,13,13067.0
1182,1182,3,3,3.0,1,0,0,1,21,5,2019,14,25,16,55,2,5224.0
1183,1183,4,4,1.0,0,0,1,1,21,3,2019,16,0,1,35,9,13542.0
1184,1184,2,2,3.0,0,0,1,1,24,5,2019,7,45,10,40,2,3419.0
1185,1185,4,4,2.0,0,0,1,1,6,3,2019,9,45,21,20,11,10444.0
1186,1186,3,3,3.0,1,0,0,1,1,6,2019,9,35,12,10,2,4804.0
1187,1187,1,1,3.0,0,1,0,0,21,5,2019,7,5,8,30,1,4995.0
1188,1188,4,4,1.0,0,0,1,1,27,4,2019,17,55,22,50,4,4957.0
1189,1189,4,4,1.0,0,1,0,1,9,5,2019,20,55,4,25,7,15554.0
1190,1190,3,3,1.0,0,1,0,0,1,5,2019,20,0,12,0,16,9663.0
1191,1191,3,3,1.0,0,1,0,1,18,5,2019,9,35,9,45,24,14151.0
1192,1192,4,4,3.0,1,0,0,1,6,6,2019,5,35,8,50,3,5601.0
1193,1193,4,4,1.0,0,0,1,1,15,5,2019,6,40,19,15,12,7787.0
1194,1194,2,2,1.0,0,0,0,1,21,3,2019,11,50,23,55,12,5092.0
1195,1195,3,3,1.0,0,1,0,0,6,6,2019,21,10,9,20,12,10844.0
1196,1196,4,4,2.0,0,0,1,1,9,3,2019,17,50,1,35,7,23583.0
1197,1197,3,3,2.0,0,0,0,1,12,5,2019,12,0,18,30,30,10676.0
1198,1198,3,3,1.0,0,0,1,1,6,6,2019,11,15,18,30,7,10156.0
1199,1199,4,4,1.0,0,0,1,1,6,3,2019,16,45,7,10,14,8627.0
1200,1200,3,3,3.0,0,0,1,1,21,5,2019,9,45,12,15,2,4409.0
1201,1201,4,4,1.0,0,0,1,1,18,5,2019,9,45,16,10,6,9646.0
1202,1202,2,2,1.0,0,1,0,1,12,3,2019,21,25,12,25,15,13817.0
1203,1203,4,4,2.0,0,0,0,1,9,5,2019,13,20,7,40,18,13538.0
1204,1204,3,3,2.0,0,0,0,1,9,5,2019,12,0,7,55,19,9416.0
1205,1205,2,2,3.0,0,1,0,1,27,4,2019,11,10,14,5,2,7229.0
1206,1206,3,3,1.0,0,0,0,1,1,5,2019,10,0,23,15,13,10203.0
1207,1207,4,4,1.0,1,0,0,1,21,5,2019,16,10,0,55,8,6778.0
1208,1208,1,1,3.0,1,0,0,1,15,6,2019,12,0,13,30,1,2754.0
1209,1209,3,3,2.0,0,0,0,1,1,5,2019,5,50,20,25,14,10991.0
1210,1210,2,2,3.0,0,0,1,1,27,5,2019,11,30,14,20,2,4668.0
1211,1211,4,4,1.0,0,0,1,0,3,6,2019,8,45,13,15,4,5726.0
1212,1212,3,3,2.0,0,0,0,1,12,6,2019,9,50,23,15,13,14960.0
1213,1213,4,4,1.0,0,0,0,1,21,5,2019,20,40,9,25,12,7480.0
1214,1214,3,3,3.0,0,0,1,1,21,5,2019,19,55,22,25,2,4107.0
1215,1215,3,3,1.0,0,1,0,1,1,5,2019,9,35,9,45,24,11467.0
1216,1216,4,4,1.0,1,0,0,1,27,4,2019,2,0,7,25,5,5796.0
1217,1217,4,4,1.0,0,1,0,0,6,6,2019,2,15,19,0,16,10262.0
1218,1218,4,4,0.0,0,0,0,1,27,6,2019,5,15,7,40,26,11543.0
1219,1219,4,4,1.0,1,0,0,1,24,4,2019,6,50,12,10,5,5298.0
1220,1220,4,4,1.0,0,0,1,1,27,4,2019,20,45,7,10,10,6451.0
1221,1221,3,3,3.0,0,0,0,1,9,6,2019,14,15,16,45,2,6245.0
1222,1222,1,1,3.0,0,1,0,0,27,3,2019,19,35,21,5,1,2071.0
1223,1223,3,3,3.0,1,0,0,1,15,5,2019,9,35,12,20,2,4804.0
1224,1224,4,4,1.0,0,0,1,1,27,6,2019,7,30,21,0,13,7005.0
1225,1225,2,2,1.0,0,1,0,1,18,3,2019,5,45,12,25,6,12284.0
1226,1226,3,3,1.0,0,0,0,1,9,5,2019,7,0,20,25,13,10203.0
1227,1227,4,4,1.0,1,0,0,1,27,5,2019,14,20,22,30,8,6938.0
1228,1228,4,4,1.0,0,0,1,1,12,6,2019,10,0,1,30,15,13377.0
1229,1229,4,4,1.0,0,0,1,1,1,6,2019,9,15,19,15,10,9779.0
1230,1230,0,0,3.0,0,0,0,1,15,5,2019,11,40,13,55,2,4667.0
1231,1231,2,2,3.0,0,1,0,0,3,4,2019,19,50,22,50,3,4544.0
1232,1232,4,4,1.0,0,1,0,1,27,6,2019,21,50,4,25,6,16079.0
1233,1233,3,3,1.0,0,1,0,0,1,4,2019,16,30,19,50,27,7064.0
1234,1234,4,4,1.0,0,1,0,1,18,5,2019,14,0,19,0,5,15554.0
1235,1235,0,0,3.0,0,0,1,0,18,5,2019,9,45,12,0,2,3543.0
1236,1236,2,2,3.0,0,0,0,1,18,4,2019,13,20,16,10,2,6121.0
1237,1237,4,4,1.0,1,0,0,1,27,3,2019,8,25,15,30,7,8075.0
1238,1238,4,4,1.0,0,0,1,1,3,6,2019,11,30,1,30,14,13377.0
1239,1239,3,3,1.0,0,1,0,1,24,5,2019,14,5,19,50,5,14571.0
1240,1240,2,2,3.0,0,0,1,0,24,4,2019,5,55,8,35,2,3919.0
1241,1241,3,3,1.0,0,1,0,1,24,3,2019,18,55,4,45,9,14231.0
1242,1242,1,1,3.0,1,0,0,1,15,3,2019,19,5,20,30,1,2754.0
1243,1243,4,4,1.0,0,0,0,1,21,5,2019,17,40,23,0,5,8067.0
1244,1244,3,3,1.0,0,0,1,1,6,5,2019,7,10,22,40,15,8452.0
1245,1245,2,2,1.0,0,1,0,1,6,3,2019,14,5,11,25,21,15025.0
1246,1246,2,2,1.0,0,1,0,1,1,3,2019,8,55,16,10,7,26890.0
1247,1247,4,4,1.0,0,1,0,0,6,3,2019,13,0,18,50,5,15103.0
1248,1248,3,3,1.0,0,1,0,0,24,5,2019,14,5,4,40,14,8586.0
1249,1249,3,3,1.0,0,1,0,0,9,6,2019,8,25,16,20,7,10844.0
1250,1250,4,4,1.0,0,1,0,0,21,5,2019,21,50,4,25,6,12898.0
1251,1251,3,3,1.0,0,1,0,0,12,5,2019,6,30,8,15,25,8586.0
1252,1252,4,4,1.0,0,0,1,1,9,6,2019,8,30,19,0,10,11622.0
1253,1253,4,4,2.0,0,0,0,1,6,5,2019,12,20,19,15,30,13538.0
1254,1254,4,4,2.0,0,1,0,1,1,6,2019,5,30,4,25,22,13014.0
1255,1255,3,3,1.0,0,1,0,1,9,5,2019,18,55,10,5,15,13941.0
1256,1256,3,3,1.0,0,1,0,1,18,5,2019,9,35,10,55,25,14151.0
1257,1257,4,4,1.0,0,0,1,1,21,3,2019,17,30,1,35,8,13542.0
1258,1258,4,4,1.0,1,0,0,1,21,3,2019,6,40,22,20,15,6558.0
1259,1259,3,3,1.0,0,0,1,1,18,5,2019,7,35,19,25,11,5192.0
1260,1260,2,2,3.0,0,0,1,1,1,6,2019,7,0,9,40,2,4878.0
1261,1261,4,4,1.0,0,1,0,0,27,5,2019,15,0,12,35,21,12898.0
1262,1262,4,4,1.0,0,0,0,1,9,6,2019,17,40,23,0,5,7384.0
1263,1263,2,2,3.0,0,0,1,1,3,5,2019,7,45,10,40,2,3898.0
1264,1264,2,2,3.0,0,0,1,1,6,5,2019,23,55,2,45,2,3383.0
1265,1265,4,4,1.0,1,0,0,1,24,6,2019,6,40,21,0,14,6093.0
1266,1266,4,4,1.0,0,0,1,1,12,6,2019,8,0,19,0,11,12192.0
1267,1267,4,4,1.0,0,0,1,1,12,6,2019,12,50,1,30,12,6795.0
1268,1268,2,2,1.0,0,1,0,1,18,3,2019,7,0,7,40,24,11455.0
1269,1269,0,0,3.0,1,0,0,1,1,6,2019,15,40,18,25,2,3540.0
1270,1270,4,4,1.0,0,0,1,1,27,5,2019,9,0,19,15,10,15898.0
1271,1271,4,4,1.0,0,0,1,1,3,6,2019,10,0,21,0,11,9718.0
1272,1272,3,3,1.0,0,0,1,1,15,5,2019,16,40,0,15,7,7831.0
1273,1273,4,4,1.0,1,0,0,1,3,6,2019,8,30,21,0,12,6416.0
1274,1274,0,0,3.0,0,0,1,1,27,3,2019,7,5,9,20,2,3739.0
1275,1275,3,3,1.0,0,0,1,1,6,5,2019,7,10,23,25,16,8085.0
1276,1276,2,2,3.0,1,0,0,1,3,5,2019,16,55,19,55,3,4823.0
1277,1277,4,4,2.0,0,1,0,1,9,6,2019,14,35,12,35,22,13376.0
1278,1278,3,3,1.0,0,0,1,1,15,5,2019,20,20,10,45,14,8452.0
1279,1279,3,3,1.0,0,1,0,0,6,6,2019,20,0,22,35,26,10844.0
1280,1280,4,4,3.0,0,0,1,1,27,3,2019,6,0,9,10,3,4851.0
1281,1281,4,4,1.0,0,0,1,1,15,6,2019,19,0,1,30,6,6795.0
1282,1282,2,2,3.0,1,0,0,1,18,5,2019,8,30,11,20,2,4823.0
1283,1283,4,4,1.0,0,1,0,0,9,6,2019,20,55,4,25,7,10577.0
1284,1284,4,4,1.0,0,1,0,1,27,3,2019,20,50,19,45,22,12032.0
1285,1285,4,4,1.0,0,0,1,1,1,6,2019,7,55,13,25,5,9330.0
1286,1286,3,3,1.0,0,0,1,1,1,4,2019,17,0,22,55,5,8977.0
1287,1287,4,4,1.0,0,0,1,1,1,6,2019,12,50,21,0,8,7005.0
1288,1288,3,3,1.0,0,1,0,0,18,5,2019,14,5,20,45,6,10844.0
1289,1289,4,4,1.0,0,0,1,1,24,6,2019,3,50,12,35,8,12192.0
1290,1290,2,2,3.0,0,0,0,1,24,3,2019,10,0,12,45,2,4441.0
1291,1291,4,4,1.0,0,0,1,1,9,5,2019,10,35,19,15,8,7575.0
1292,1292,3,3,3.0,1,0,0,1,21,6,2019,4,40,7,15,2,4804.0
1293,1293,0,0,3.0,0,0,1,1,6,6,2019,9,45,12,0,2,3597.0
1294,1294,3,3,1.0,0,0,0,1,6,6,2019,17,30,20,25,26,10413.0
1295,1295,2,2,3.0,0,1,0,1,9,6,2019,6,0,8,45,2,8016.0
1296,1296,3,3,1.0,0,1,0,0,9,6,2019,20,0,12,0,16,10844.0
1297,1297,3,3,1.0,0,1,0,0,12,5,2019,16,30,9,20,16,9663.0
1298,1298,4,4,1.0,1,0,0,1,18,5,2019,20,25,1,30,5,6069.0
1299,1299,4,4,1.0,1,0,0,1,27,5,2019,11,55,22,30,10,6442.0
1300,1300,4,4,1.0,0,0,1,1,1,6,2019,9,0,21,0,12,13587.0
1301,1301,1,1,3.0,0,0,0,1,9,5,2019,19,30,20,45,1,3100.0
1302,1302,3,3,1.0,0,1,0,1,21,5,2019,6,30,18,15,11,14781.0
1303,1303,4,4,1.0,0,1,0,0,21,5,2019,21,50,19,0,21,12898.0
1304,1304,3,3,3.0,1,0,0,1,18,6,2019,14,25,16,55,2,4804.0
1305,1305,3,3,3.0,0,0,1,1,15,4,2019,9,0,11,25,2,4174.0
1306,1306,2,2,3.0,1,0,0,1,24,5,2019,23,30,2,20,2,4591.0
1307,1307,3,3,1.0,0,1,0,0,6,5,2019,16,30,19,50,27,9663.0
1308,1308,4,4,1.0,0,0,1,1,15,5,2019,8,45,19,15,10,8266.0
1309,1309,2,2,3.0,1,0,0,1,6,5,2019,7,10,10,5,2,4823.0
1310,1310,4,4,3.0,0,0,0,1,21,5,2019,18,5,21,10,3,6094.0
1311,1311,3,3,1.0,0,1,0,1,24,5,2019,21,10,4,40,7,14178.0
1312,1312,4,4,2.0,0,1,0,1,9,6,2019,6,45,12,35,29,13376.0
1313,1313,1,1,3.0,0,0,0,1,24,3,2019,21,5,22,25,1,2575.0
1314,1314,1,1,1.0,0,0,1,1,6,3,2019,7,30,19,55,12,12395.0
1315,1315,4,4,1.0,1,0,0,1,27,3,2019,9,10,21,0,11,10351.0
1316,1316,3,3,1.0,0,0,1,1,21,5,2019,7,35,23,30,15,5192.0
1317,1317,4,4,1.0,0,0,1,1,15,5,2019,12,50,21,0,8,7670.0
1318,1318,2,2,2.0,0,0,0,1,18,3,2019,11,5,22,10,35,11161.0
1319,1319,3,3,1.0,0,1,0,1,24,5,2019,20,25,18,0,21,14151.0
1320,1320,3,3,1.0,1,0,0,1,6,5,2019,15,15,20,5,4,4775.0
1321,1321,4,4,2.0,0,0,0,1,6,3,2019,13,5,9,25,20,12865.0
1322,1322,1,1,3.0,0,0,0,1,6,3,2019,19,30,20,45,1,5462.0
1323,1323,4,4,1.0,0,0,1,1,9,3,2019,6,10,11,20,5,8382.0
1324,1324,2,2,3.0,0,1,0,0,24,4,2019,17,45,20,45,3,4544.0
1325,1325,2,2,3.0,0,1,0,0,1,4,2019,15,15,18,10,2,4544.0
1326,1326,3,3,1.0,0,1,0,1,18,5,2019,16,30,23,35,7,14781.0
1327,1327,4,4,1.0,0,0,1,0,27,5,2019,8,45,13,15,4,5158.0
1328,1328,1,1,3.0,0,1,0,1,21,3,2019,15,50,17,20,1,5678.0
1329,1329,4,4,2.0,0,1,0,1,9,6,2019,11,40,19,0,7,18804.0
1330,1330,1,1,3.0,1,0,0,1,3,6,2019,9,10,10,40,1,4049.0
1331,1331,3,3,3.0,1,0,0,1,24,3,2019,10,10,12,55,2,6565.0
1332,1332,4,4,1.0,0,1,0,0,18,5,2019,18,15,12,35,18,12373.0
1333,1333,2,2,3.0,0,0,0,1,18,3,2019,17,0,19,45,2,4441.0
1334,1334,0,0,3.0,0,0,1,1,18,5,2019,17,45,20,5,2,3597.0
1335,1335,1,1,3.0,0,1,0,1,18,6,2019,19,35,21,5,1,5678.0
1336,1336,4,4,2.0,0,0,0,1,9,3,2019,9,45,9,25,23,10660.0
1337,1337,2,2,3.0,0,1,0,0,21,4,2019,6,0,8,45,2,4544.0
1338,1338,2,2,3.0,1,0,0,1,24,5,2019,8,30,11,20,2,4823.0
1339,1339,3,3,2.0,0,0,0,1,9,5,2019,14,30,23,15,8,14214.0
1340,1340,3,3,1.0,0,1,0,1,1,5,2019,8,25,16,20,7,14781.0
1341,1341,4,4,1.0,0,0,1,1,1,3,2019,19,0,1,35,6,23533.0
1342,1342,4,4,1.0,0,1,0,0,9,3,2019,19,15,18,50,23,14053.0
1343,1343,4,4,1.0,0,1,0,0,27,6,2019,21,50,19,0,21,10262.0
1344,1344,2,2,3.0,1,0,0,1,21,6,2019,20,0,22,50,2,4823.0
1345,1345,4,4,1.0,0,0,0,1,18,5,2019,17,40,8,15,14,8361.0
1346,1346,4,4,2.0,0,0,0,1,9,6,2019,5,55,19,15,37,10493.0
1347,1347,4,4,1.0,0,0,1,1,3,3,2019,7,5,13,20,6,17057.0
1348,1348,4,4,2.0,0,0,0,1,18,5,2019,17,15,19,15,26,12392.0
1349,1349,4,4,1.0,1,0,0,1,12,6,2019,11,25,1,30,14,5883.0
1350,1350,4,4,1.0,0,1,0,0,21,5,2019,11,30,19,0,7,12898.0
1351,1351,4,4,1.0,0,1,0,1,21,5,2019,2,15,19,0,16,16079.0
1352,1352,4,4,1.0,0,0,1,1,12,6,2019,4,55,12,35,7,10678.0
1353,1353,2,2,2.0,0,0,0,1,1,3,2019,6,45,11,10,28,20999.0
1354,1354,2,2,1.0,1,0,0,1,21,3,2019,19,35,0,35,5,6575.0
1355,1355,4,4,2.0,0,1,0,1,21,5,2019,19,30,4,25,8,15129.0
1356,1356,3,3,1.0,0,1,0,0,6,6,2019,18,55,18,15,23,10844.0
1357,1357,2,2,1.0,0,0,0,1,3,3,2019,9,30,23,45,14,11654.0
1358,1358,3,3,1.0,1,0,0,1,1,4,2019,8,10,13,0,4,5069.0
1359,1359,2,2,3.0,0,0,0,1,1,4,2019,6,10,8,55,2,5176.0
1360,1360,4,4,2.0,0,1,0,1,9,6,2019,5,30,4,25,22,13292.0
1361,1361,4,4,1.0,1,0,0,1,6,6,2019,2,0,7,45,5,6386.0
1362,1362,4,4,2.0,0,1,0,1,21,5,2019,13,25,19,0,29,15129.0
1363,1363,3,3,3.0,0,0,0,1,6,3,2019,20,45,23,20,2,4435.0
1364,1364,2,2,3.0,1,0,0,1,18,5,2019,23,30,2,20,2,4591.0
1365,1365,2,2,1.0,0,1,0,0,21,3,2019,5,45,23,0,17,7832.0
1366,1366,3,3,3.0,1,0,0,1,12,4,2019,4,40,7,15,2,4174.0
1367,1367,4,4,1.0,0,0,1,1,27,3,2019,7,0,15,30,8,6148.0
1368,1368,4,4,1.0,0,0,1,1,27,5,2019,9,15,19,15,10,9149.0
1369,1369,4,4,2.0,0,0,1,1,27,3,2019,13,5,21,20,8,6128.0
1370,1370,4,4,1.0,1,0,0,1,27,3,2019,16,10,22,20,6,6412.0
1371,1371,4,4,1.0,0,0,1,1,18,5,2019,8,0,21,0,13,8073.0
1372,1372,4,4,3.0,0,1,0,0,24,6,2019,11,0,14,15,3,4256.0
1373,1373,3,3,2.0,0,0,0,1,12,5,2019,10,0,5,25,19,14634.0
1374,1374,4,4,1.0,0,0,1,1,21,5,2019,13,0,21,0,8,14067.0
1375,1375,3,3,3.0,1,0,0,1,6,5,2019,15,30,18,5,2,4804.0
1376,1376,3,3,3.0,0,0,1,1,21,4,2019,17,10,19,40,2,4911.0
1377,1377,4,4,1.0,1,0,0,1,9,6,2019,16,10,22,30,6,6412.0
1378,1378,0,0,3.0,0,0,1,0,15,6,2019,8,20,10,35,2,3543.0
1379,1379,0,0,3.0,1,0,0,1,6,6,2019,11,35,14,0,2,3858.0
1380,1380,3,3,2.0,0,0,0,1,15,5,2019,12,0,7,55,19,9941.0
1381,1381,2,2,3.0,0,1,0,1,9,4,2019,8,20,11,20,3,7229.0
1382,1382,2,2,1.0,0,0,1,1,3,3,2019,15,45,20,15,4,8352.0
1383,1383,3,3,1.0,0,1,0,1,12,5,2019,9,35,22,5,12,14151.0
1384,1384,4,4,1.0,0,0,1,1,6,6,2019,17,45,1,30,7,6795.0
1385,1385,3,3,3.0,1,0,0,1,3,5,2019,20,20,22,55,2,4804.0
1386,1386,4,4,1.0,0,0,0,1,6,6,2019,5,15,6,50,25,6587.0
1387,1387,4,4,1.0,0,0,1,1,3,4,2019,7,25,13,35,6,4106.0
1388,1388,3,3,3.0,0,0,0,1,18,4,2019,14,15,16,45,2,5510.0
1389,1389,4,4,2.0,0,1,0,1,9,5,2019,9,40,19,0,9,15129.0
1390,1390,4,4,2.0,0,1,0,0,9,5,2019,9,40,4,25,18,13029.0
1391,1391,4,4,1.0,1,0,0,1,15,6,2019,7,15,12,30,5,6582.0
1392,1392,4,4,1.0,0,0,1,0,27,6,2019,17,45,1,30,7,5797.0
1393,1393,3,3,1.0,0,1,0,1,12,6,2019,20,25,10,55,14,12692.0
1394,1394,0,0,3.0,0,0,1,0,27,3,2019,8,20,10,35,2,3332.0
1395,1395,3,3,2.0,0,0,0,1,9,6,2019,12,0,7,55,19,10151.0
1396,1396,4,4,1.0,1,0,0,1,6,4,2019,2,0,7,25,5,5046.0
1397,1397,4,4,1.0,0,0,0,1,15,6,2019,6,10,23,0,16,8907.0
1398,1398,2,2,3.0,0,0,0,1,6,5,2019,21,5,23,55,2,5228.0
1399,1399,4,4,1.0,1,0,0,1,3,3,2019,5,35,10,10,4,13753.0
1400,1400,2,2,1.0,0,1,0,0,9,3,2019,8,55,21,20,12,11087.0
1401,1401,3,3,1.0,0,1,0,1,18,5,2019,14,5,23,35,9,14781.0
1402,1402,3,3,3.0,1,0,0,1,6,5,2019,11,30,14,5,2,5224.0
1403,1403,2,2,3.0,0,1,0,0,6,5,2019,15,15,18,10,2,3702.0
1404,1404,1,1,3.0,1,0,0,1,18,3,2019,19,5,20,30,1,2754.0
1405,1405,2,2,3.0,0,0,1,1,24,5,2019,11,10,13,55,2,3383.0
1406,1406,2,2,3.0,0,0,0,1,15,4,2019,13,20,16,10,2,5228.0
1407,1407,4,4,1.0,1,0,0,1,27,5,2019,20,25,1,30,5,5054.0
1408,1408,2,2,1.0,0,1,0,1,18,3,2019,8,55,19,10,10,13555.0
1409,1409,4,4,1.0,0,0,1,1,1,6,2019,17,0,1,30,8,7408.0
1410,1410,3,3,3.0,1,0,0,1,24,5,2019,14,25,16,55,2,5224.0
1411,1411,2,2,1.0,1,0,0,1,1,3,2019,12,10,17,5,4,9694.0
1412,1412,4,4,1.0,1,0,0,1,21,3,2019,17,10,1,35,8,7318.0
1413,1413,4,4,1.0,1,0,0,1,21,5,2019,7,35,12,10,4,5054.0
1414,1414,2,2,3.0,0,1,0,0,1,5,2019,18,55,22,0,3,4030.0
1415,1415,2,2,1.0,0,1,0,1,6,3,2019,8,0,18,25,10,16736.0
1416,1416,1,1,3.0,0,0,0,1,18,3,2019,19,30,20,45,1,2050.0
1417,1417,1,1,2.0,0,0,0,1,12,3,2019,1,35,14,50,13,9977.0
1418,1418,4,4,2.0,0,1,0,0,6,6,2019,5,30,4,25,22,10368.0
1419,1419,4,4,1.0,1,0,0,1,9,3,2019,7,45,13,40,5,6755.0
1420,1420,2,2,3.0,0,1,0,0,15,5,2019,15,15,18,10,2,3502.0
1421,1421,2,2,3.0,0,0,0,1,24,6,2019,10,0,12,45,2,6961.0
1422,1422,2,2,3.0,0,1,0,0,9,4,2019,15,50,18,45,2,4544.0
1423,1423,3,3,3.0,0,0,1,0,18,5,2019,14,55,17,25,2,3841.0
1424,1424,1,1,2.0,0,1,0,1,6,3,2019,14,20,16,50,26,24115.0
1425,1425,3,3,1.0,0,0,1,1,24,5,2019,7,10,9,5,25,9502.0
1426,1426,1,1,3.0,0,0,0,1,1,4,2019,6,20,7,40,1,3100.0
1427,1427,2,2,3.0,0,0,1,0,15,4,2019,5,55,8,35,2,4319.0
1428,1428,1,1,3.0,1,0,0,1,1,5,2019,20,5,21,40,1,2227.0
1429,1429,3,3,3.0,0,0,1,1,24,3,2019,22,20,0,40,2,5831.0
1430,1430,3,3,3.0,1,0,0,1,9,6,2019,21,25,0,5,2,4804.0
1431,1431,4,4,1.0,1,0,0,1,6,6,2019,7,35,12,10,4,5458.0
1432,1432,2,2,3.0,0,1,0,0,9,6,2019,18,55,22,0,3,7229.0
1433,1433,3,3,1.0,0,1,0,1,6,6,2019,18,55,10,5,15,14571.0
1434,1434,2,2,3.0,0,0,1,0,9,6,2019,21,10,0,5,2,3919.0
1435,1435,4,4,1.0,0,0,1,1,9,3,2019,7,5,16,10,9,6916.0
1436,1436,4,4,1.0,0,1,0,0,27,3,2019,13,0,4,25,15,6960.0
1437,1437,2,2,1.0,0,1,0,1,6,3,2019,9,45,14,25,4,16757.0
1438,1438,4,4,1.0,1,0,0,1,6,3,2019,16,0,1,35,9,14871.0
1439,1439,4,4,1.0,1,0,0,1,12,6,2019,7,35,12,10,4,5054.0
1440,1440,4,4,2.0,0,0,0,1,3,6,2019,12,20,19,15,30,12488.0
1441,1441,2,2,3.0,1,0,0,1,15,4,2019,18,25,21,20,2,4823.0
1442,1442,4,4,2.0,0,0,0,1,9,3,2019,5,55,19,15,37,14483.0
1443,1443,4,4,2.0,0,0,0,1,24,6,2019,17,15,19,15,26,11989.0
1444,1444,4,4,1.0,0,1,0,1,21,5,2019,22,50,19,0,20,16079.0
1445,1445,3,3,1.0,0,1,0,1,6,5,2019,9,35,10,55,25,13067.0
1446,1446,4,4,1.0,1,0,0,1,12,6,2019,5,5,16,10,11,6818.0
1447,1447,3,3,1.0,0,1,0,1,12,5,2019,8,25,8,15,23,13941.0
1448,1448,4,4,1.0,0,0,1,1,24,6,2019,9,0,19,0,10,12927.0
1449,1449,3,3,3.0,1,0,0,1,15,5,2019,22,15,0,50,2,4804.0
1450,1450,4,4,1.0,0,1,0,0,1,4,2019,16,0,12,35,20,5406.0
1451,1451,4,4,1.0,1,0,0,1,21,3,2019,10,45,1,35,14,7318.0
1452,1452,0,0,3.0,1,0,0,1,21,3,2019,7,55,10,15,2,3384.0
1453,1453,4,4,1.0,0,0,1,1,3,6,2019,20,45,6,35,9,11410.0
1454,1454,2,2,1.0,0,1,0,0,15,3,2019,5,45,13,15,7,9134.0
1455,1455,2,2,1.0,0,1,0,0,21,3,2019,14,5,21,20,7,7832.0
1456,1456,2,2,1.0,0,1,0,1,6,3,2019,8,55,7,40,22,14815.0
1457,1457,2,2,3.0,1,0,0,1,3,6,2019,23,30,2,20,2,4591.0
1458,1458,4,4,1.0,0,1,0,0,9,5,2019,22,50,19,0,20,12373.0
1459,1459,2,2,3.0,0,0,1,1,9,3,2019,5,50,8,40,2,4284.0
1460,1460,3,3,1.0,0,1,0,1,18,5,2019,5,45,4,40,22,13941.0
1461,1461,4,4,1.0,0,1,0,1,9,3,2019,17,25,18,50,25,16289.0
1462,1462,4,4,1.0,1,0,0,1,24,6,2019,23,30,4,35,5,9165.0
1463,1463,2,2,3.0,0,1,0,1,21,6,2019,6,0,8,45,2,8016.0
1464,1464,3,3,1.0,0,0,1,1,1,4,2019,22,40,10,40,12,5192.0
1465,1465,3,3,1.0,0,1,0,1,9,6,2019,21,10,8,15,11,14939.0
1466,1466,2,2,1.0,0,1,0,1,1,3,2019,11,40,9,30,21,25735.0
1467,1467,4,4,1.0,0,0,1,1,3,6,2019,10,0,19,0,9,14502.0
1468,1468,2,2,1.0,0,1,0,1,12,3,2019,22,55,12,25,13,13817.0
1469,1469,3,3,1.0,0,1,0,1,24,5,2019,9,35,18,0,8,14151.0
1470,1470,4,4,1.0,0,0,1,1,6,3,2019,10,45,19,15,8,15077.0
1471,1471,4,4,1.0,0,0,1,1,12,6,2019,9,0,19,0,10,12192.0
1472,1472,1,1,3.0,0,0,1,0,21,5,2019,13,15,14,45,1,1965.0
1473,1473,0,0,3.0,1,0,0,1,18,5,2019,7,55,10,15,2,3850.0
1474,1474,1,1,3.0,1,0,0,1,1,6,2019,16,55,18,25,1,3175.0
1475,1475,2,2,3.0,0,1,0,1,21,5,2019,18,55,22,0,3,7229.0
1476,1476,4,4,1.0,0,1,0,1,27,5,2019,19,15,19,0,23,16079.0
1477,1477,1,1,3.0,1,0,0,1,27,3,2019,9,10,10,40,1,4392.0
1478,1478,2,2,1.0,0,1,0,1,18,3,2019,18,40,0,45,6,54826.0
1479,1479,4,4,2.0,0,1,0,0,15,6,2019,9,40,19,0,9,10368.0
1480,1480,4,4,1.0,0,1,0,0,27,5,2019,22,50,19,0,20,12898.0
1481,1481,3,3,2.0,0,0,0,1,1,5,2019,16,45,12,30,19,14960.0
1482,1482,4,4,1.0,1,0,0,1,27,5,2019,8,35,22,30,13,6442.0
1483,1483,0,0,3.0,0,0,1,1,21,5,2019,8,20,10,35,2,3597.0
1484,1484,4,4,2.0,0,1,0,1,6,6,2019,11,40,19,0,7,18804.0
1485,1485,4,4,3.0,0,0,1,1,15,3,2019,6,0,9,10,3,6111.0
1486,1486,4,4,3.0,1,0,0,1,9,6,2019,21,5,0,20,3,6015.0
1487,1487,2,2,3.0,0,0,0,1,18,5,2019,13,20,16,10,2,6121.0
1488,1488,3,3,1.0,0,1,0,0,24,5,2019,10,20,17,35,7,6287.0
1489,1489,2,2,3.0,0,1,0,1,9,5,2019,15,15,18,10,2,7229.0
1490,1490,4,4,1.0,1,0,0,1,12,6,2019,8,35,16,10,7,6442.0
1491,1491,2,2,3.0,0,1,0,0,27,4,2019,15,15,18,10,2,4544.0
1492,1492,3,3,2.0,0,0,0,1,12,6,2019,9,25,13,45,28,11542.0
1493,1493,4,4,1.0,0,1,0,1,21,5,2019,19,45,4,25,8,16079.0
1494,1494,4,4,1.0,0,0,1,1,27,3,2019,7,5,16,10,9,6076.0
1495,1495,3,3,2.0,0,0,0,1,1,4,2019,10,0,1,20,15,10408.0
1496,1496,4,4,2.0,0,0,0,1,27,3,2019,5,55,19,15,37,8446.0
1497,1497,2,2,3.0,0,0,1,1,1,3,2019,7,45,10,40,2,13663.0
1498,1498,4,4,1.0,0,0,0,1,15,5,2019,20,30,8,15,11,10671.0
1499,1499,2,2,3.0,0,0,1,1,18,6,2019,23,55,2,45,2,3383.0
1500,1500,4,4,1.0,0,0,1,1,9,5,2019,10,20,1,30,15,9021.0
1501,1501,4,4,1.0,0,0,1,1,18,5,2019,9,0,19,15,10,14533.0
1502,1502,4,4,2.0,0,1,0,0,6,6,2019,11,45,4,25,16,11992.0
1503,1503,0,0,3.0,1,0,0,1,12,5,2019,13,15,15,35,2,3597.0
1504,1504,2,2,3.0,1,0,0,1,9,6,2019,1,30,4,15,2,4077.0
1505,1505,4,4,1.0,0,0,1,1,12,6,2019,7,5,16,10,9,9646.0
1506,1506,3,3,3.0,0,0,1,1,1,4,2019,22,20,0,40,2,3873.0
1507,1507,4,4,2.0,0,1,0,1,9,5,2019,19,10,19,0,23,15129.0
1508,1508,4,4,1.0,1,0,0,1,9,6,2019,17,30,1,30,8,6104.0
1509,1509,4,4,2.0,0,1,0,0,6,3,2019,19,10,4,25,33,16022.0
1510,1510,2,2,1.0,0,1,0,0,9,3,2019,9,45,0,30,14,10562.0
1511,1511,4,4,1.0,0,0,0,1,9,3,2019,6,5,9,25,27,10945.0
1512,1512,3,3,3.0,0,0,1,1,27,5,2019,9,0,11,25,2,3873.0
1513,1513,1,1,3.0,0,1,0,0,27,3,2019,2,55,4,25,1,1840.0
1514,1514,4,4,1.0,1,0,0,1,3,3,2019,4,55,12,0,7,9585.0
1515,1515,1,1,3.0,0,1,0,0,18,5,2019,19,35,21,5,1,3210.0
1516,1516,4,4,1.0,1,0,0,1,9,5,2019,15,10,20,0,4,6147.0
1517,1517,3,3,1.0,0,1,0,0,9,5,2019,17,0,23,35,6,7341.0
1518,1518,4,4,1.0,0,0,0,1,21,5,2019,9,0,19,15,10,8372.0
1519,1519,4,4,1.0,0,0,1,1,27,6,2019,7,30,19,0,11,10877.0
1520,1520,4,4,2.0,0,0,0,1,9,5,2019,22,0,19,15,21,10441.0
1521,1521,4,4,1.0,1,0,0,1,6,3,2019,4,45,21,0,16,13611.0
1522,1522,2,2,1.0,0,1,0,0,9,3,2019,8,55,10,45,25,11087.0
1523,1523,4,4,1.0,0,1,0,0,27,3,2019,19,15,19,45,24,5963.0
1524,1524,0,0,3.0,1,0,0,1,24,5,2019,13,15,15,35,2,3597.0
1525,1525,3,3,1.0,0,1,0,0,12,6,2019,18,55,10,5,15,8529.0
1526,1526,4,4,1.0,0,0,1,1,12,6,2019,4,55,19,0,14,10678.0
1527,1527,4,4,1.0,1,0,0,1,27,3,2019,8,25,21,0,12,8285.0
1528,1528,4,4,1.0,0,1,0,1,12,6,2019,2,15,12,35,10,18371.0
1529,1529,3,3,1.0,0,1,0,1,6,6,2019,20,25,9,45,13,12692.0
1530,1530,2,2,3.0,1,0,0,1,24,4,2019,6,5,8,50,2,4423.0
1531,1531,2,2,3.0,0,1,0,0,9,6,2019,19,50,22,50,3,7229.0
1532,1532,2,2,3.0,1,0,0,1,3,3,2019,23,30,2,20,2,6144.0
1533,1533,4,4,2.0,0,1,0,0,1,6,2019,6,45,4,25,21,10919.0
1534,1534,3,3,3.0,1,0,0,1,27,3,2019,21,25,0,5,2,4148.0
1535,1535,2,2,3.0,0,0,1,0,24,3,2019,20,30,23,20,2,3873.0
1536,1536,4,4,2.0,0,1,0,1,21,3,2019,9,40,18,50,9,11702.0
1537,1537,4,4,1.0,1,0,0,1,6,3,2019,17,10,1,35,8,14871.0
1538,1538,2,2,2.0,0,0,0,1,18,3,2019,6,45,11,10,28,11234.0
1539,1539,4,4,1.0,1,0,0,1,6,6,2019,14,20,22,30,8,6938.0
1540,1540,4,4,1.0,1,0,0,1,12,6,2019,8,30,21,0,12,6093.0
1541,1541,2,2,3.0,1,0,0,1,15,5,2019,10,10,13,0,2,3943.0
1542,1542,1,1,3.0,0,1,0,1,6,6,2019,10,20,11,50,1,8040.0
1543,1543,4,4,2.0,0,1,0,1,9,5,2019,23,5,12,35,13,15129.0
1544,1544,0,0,3.0,0,0,1,1,9,5,2019,17,45,20,5,2,3597.0
1545,1545,3,3,1.0,0,0,1,1,6,5,2019,7,10,18,50,11,8610.0
1546,1546,3,3,1.0,0,1,0,1,1,5,2019,17,0,23,35,6,13067.0
1547,1547,2,2,3.0,0,0,1,1,9,5,2019,9,30,12,20,2,4991.0
1548,1548,3,3,1.0,0,0,1,1,1,4,2019,15,5,20,20,5,4649.0
1549,1549,0,0,3.0,0,0,1,1,18,5,2019,8,20,10,35,2,3597.0
1550,1550,4,4,1.0,0,1,0,0,21,5,2019,8,0,19,0,11,12898.0
1551,1551,4,4,2.0,0,1,0,0,27,3,2019,6,20,19,45,37,9296.0
1552,1552,2,2,3.0,1,0,0,1,3,3,2019,16,55,19,45,2,8855.0
1553,1553,4,4,1.0,0,1,0,0,6,6,2019,21,50,19,0,21,10262.0
1554,1554,2,2,3.0,1,0,0,1,24,6,2019,6,5,8,50,2,3943.0
1555,1555,4,4,1.0,0,0,1,1,3,6,2019,12,50,19,15,6,9001.0
1556,1556,4,4,1.0,0,0,1,1,18,5,2019,10,20,1,30,15,7670.0
1557,1557,4,4,1.0,0,0,1,1,3,6,2019,17,45,1,30,7,7530.0
1558,1558,3,3,1.0,1,0,0,1,1,5,2019,9,20,14,15,4,8443.0
1559,1559,4,4,1.0,0,0,1,1,1,4,2019,6,5,11,20,5,5351.0
1560,1560,4,4,3.0,0,0,1,1,21,3,2019,6,0,9,10,3,6688.0
1561,1561,2,2,1.0,0,1,0,0,12,3,2019,20,35,19,10,22,11087.0
1562,1562,2,2,2.0,0,0,0,1,15,3,2019,5,50,12,5,30,7664.0
1563,1563,3,3,1.0,1,0,0,1,15,4,2019,15,15,20,30,5,4775.0
1564,1564,3,3,3.0,0,0,1,1,27,6,2019,15,20,17,55,2,3514.0
1565,1565,4,4,2.0,0,1,0,1,24,6,2019,6,45,4,25,21,13376.0
1566,1566,4,4,2.0,0,1,0,1,12,6,2019,8,10,12,35,28,14300.0
1567,1567,4,4,1.0,0,0,0,1,27,6,2019,20,40,9,25,12,7480.0
1568,1568,1,1,3.0,1,0,0,1,12,5,2019,21,20,22,50,1,2227.0
1569,1569,4,4,1.0,0,0,1,1,18,5,2019,7,55,22,25,14,7452.0
1570,1570,3,3,3.0,0,0,1,1,24,5,2019,10,20,12,55,2,4409.0
1571,1571,3,3,2.0,0,0,0,1,3,4,2019,9,10,11,5,25,4647.0
1572,1572,0,0,3.0,0,0,1,0,21,3,2019,9,30,12,5,2,3332.0
1573,1573,4,4,1.0,0,0,0,1,27,3,2019,10,0,19,15,9,6902.0
1574,1574,3,3,1.0,0,0,1,1,6,6,2019,19,55,23,30,3,6857.0
1575,1575,4,4,1.0,0,1,0,0,9,5,2019,19,15,4,25,9,12373.0
1576,1576,4,4,1.0,0,0,1,1,15,6,2019,11,40,19,0,7,11789.0
1577,1577,4,4,2.0,0,0,0,1,9,5,2019,17,15,7,40,14,13039.0
1578,1578,2,2,1.0,0,1,0,0,12,3,2019,22,55,11,25,12,11087.0
1579,1579,3,3,1.0,0,0,1,1,18,5,2019,20,20,23,25,27,9345.0
1580,1580,1,1,3.0,0,0,1,0,24,6,2019,22,45,0,15,1,1965.0
1581,1581,4,4,1.0,1,0,0,1,3,6,2019,7,30,21,0,13,6093.0
1582,1582,3,3,1.0,0,1,0,0,9,6,2019,18,55,8,15,13,11841.0
1583,1583,3,3,1.0,0,1,0,0,9,5,2019,21,10,10,5,12,9663.0
1584,1584,4,4,1.0,0,1,0,1,6,6,2019,19,15,19,0,23,14714.0
1585,1585,3,3,1.0,0,1,0,0,12,6,2019,18,55,22,35,27,8529.0
1586,1586,4,4,1.0,1,0,0,1,6,4,2019,7,35,12,10,4,5073.0
1587,1587,2,2,3.0,0,1,0,1,24,4,2019,7,10,10,10,3,7229.0
1588,1588,4,4,1.0,0,0,0,1,6,6,2019,10,0,19,15,9,9194.0
1589,1589,4,4,1.0,0,0,1,1,12,6,2019,11,40,19,0,7,11789.0
1590,1590,1,1,3.0,0,0,1,1,12,6,2019,13,15,14,45,1,2017.0
1591,1591,3,3,2.0,0,0,0,1,6,6,2019,14,30,12,30,22,15894.0
1592,1592,2,2,3.0,1,0,0,1,9,5,2019,1,30,4,15,2,3419.0
1593,1593,4,4,2.0,0,1,0,0,9,6,2019,5,30,4,25,22,10368.0
1594,1594,4,4,1.0,1,0,0,1,24,4,2019,15,10,20,0,4,6027.0
1595,1595,4,4,1.0,0,0,0,1,18,5,2019,20,40,9,25,12,7480.0
1596,1596,3,3,1.0,0,0,1,1,12,6,2019,8,35,17,15,8,7189.0
1597,1597,2,2,3.0,0,0,0,1,15,3,2019,10,0,12,45,2,7276.0
1598,1598,4,4,1.0,0,1,0,1,6,3,2019,11,30,4,25,16,15764.0
1599,1599,4,4,1.0,0,1,0,1,6,6,2019,19,15,4,25,9,14714.0
1600,1600,4,4,1.0,0,0,1,1,21,5,2019,17,0,1,30,8,7888.0
1601,1601,4,4,1.0,0,1,0,0,6,6,2019,8,0,4,25,20,10262.0
1602,1602,4,4,2.0,0,1,0,0,18,5,2019,20,0,4,25,8,15318.0
1603,1603,3,3,1.0,0,1,0,0,1,5,2019,10,20,17,35,7,5608.0
1604,1604,3,3,1.0,0,1,0,1,1,4,2019,8,25,18,15,9,12681.0
1605,1605,4,4,2.0,0,0,0,1,6,3,2019,17,15,9,25,16,9417.0
1606,1606,4,4,1.0,0,0,1,1,3,3,2019,7,5,21,0,13,17057.0
1607,1607,4,4,1.0,0,0,1,1,27,3,2019,13,0,21,0,8,12537.0
1608,1608,4,4,2.0,0,0,0,1,27,5,2019,22,0,19,15,21,10651.0
1609,1609,4,4,3.0,0,0,1,1,1,6,2019,6,0,9,10,3,6741.0
1610,1610,3,3,1.0,0,1,0,0,24,5,2019,20,0,22,35,26,10844.0
1611,1611,4,4,2.0,0,0,0,1,27,5,2019,14,25,19,15,28,13381.0
1612,1612,2,2,3.0,1,0,0,1,6,4,2019,6,5,8,50,2,4423.0
1613,1613,1,1,3.0,0,1,0,1,27,5,2019,19,35,21,5,1,5678.0
1614,1614,4,4,2.0,0,1,0,0,21,5,2019,9,35,12,35,27,12719.0
1615,1615,4,4,1.0,1,0,0,1,1,6,2019,7,35,12,10,4,5054.0
1616,1616,4,4,1.0,0,0,0,1,24,5,2019,9,45,9,25,23,7480.0
1617,1617,2,2,3.0,0,0,0,1,3,6,2019,17,0,19,45,2,6961.0
1618,1618,3,3,3.0,0,0,1,0,24,4,2019,17,10,19,40,2,3841.0
1619,1619,2,2,3.0,1,0,0,1,3,6,2019,21,15,0,15,3,3943.0
1620,1620,2,2,3.0,0,1,0,1,3,5,2019,8,20,11,20,3,7229.0
1621,1621,2,2,3.0,0,0,1,0,15,5,2019,9,30,12,20,2,4319.0
1622,1622,2,2,3.0,1,0,0,1,24,4,2019,13,0,15,50,2,4423.0
1623,1623,4,4,1.0,0,1,0,1,21,5,2019,22,50,4,25,5,16079.0
1624,1624,2,2,3.0,0,1,0,0,21,6,2019,19,50,22,50,3,7754.0
1625,1625,4,4,2.0,0,0,0,1,1,6,2019,13,15,9,25,20,10467.0
1626,1626,4,4,1.0,0,1,0,1,3,6,2019,17,30,12,35,19,14714.0
1627,1627,3,3,1.0,0,0,0,1,1,5,2019,16,45,21,5,28,7452.0
1628,1628,4,4,2.0,0,0,0,1,21,5,2019,13,20,19,15,29,13276.0
1629,1629,2,2,2.0,0,0,0,1,1,3,2019,8,50,10,35,25,31783.0
1630,1630,0,0,3.0,0,0,0,1,1,5,2019,11,40,13,55,2,4667.0
1631,1631,2,2,3.0,0,1,0,0,15,6,2019,15,15,18,10,2,7229.0
1632,1632,4,4,2.0,0,1,0,1,15,6,2019,18,25,12,35,18,14237.0
1633,1633,4,4,1.0,0,0,1,1,15,5,2019,10,20,19,15,8,8266.0
1634,1634,4,4,2.0,0,1,0,1,24,6,2019,9,25,4,25,19,13882.0
1635,1635,2,2,3.0,1,0,0,1,6,5,2019,20,0,22,50,2,4823.0
1636,1636,2,2,3.0,0,0,1,1,24,5,2019,23,55,2,45,2,4483.0
1637,1637,2,2,3.0,0,0,0,1,12,6,2019,6,10,8,55,2,6961.0
1638,1638,3,3,1.0,0,1,0,0,12,5,2019,18,55,10,5,15,9663.0
1639,1639,4,4,2.0,0,1,0,1,18,5,2019,23,5,4,25,29,16704.0
1640,1640,1,1,3.0,1,0,0,1,12,5,2019,9,10,10,40,1,4049.0
1641,1641,0,0,3.0,0,0,1,0,24,3,2019,8,20,10,35,2,3807.0
1642,1642,4,4,1.0,1,0,0,1,9,6,2019,6,50,22,30,15,6442.0
1643,1643,2,2,1.0,0,1,0,0,15,3,2019,7,0,7,40,24,7832.0
1644,1644,4,4,1.0,1,0,0,1,24,6,2019,8,35,22,30,13,6442.0
1645,1645,2,2,3.0,1,0,0,1,21,4,2019,20,0,22,50,2,4823.0
1646,1646,2,2,1.0,0,1,0,1,6,3,2019,5,45,5,5,23,13555.0
1647,1647,4,4,1.0,0,0,1,1,6,4,2019,10,35,19,35,9,5135.0
1648,1648,2,2,3.0,0,0,1,1,15,5,2019,23,55,2,45,2,3383.0
1649,1649,4,4,1.0,0,0,1,1,15,6,2019,7,25,13,35,6,5842.0
1650,1650,4,4,2.0,0,1,0,1,18,5,2019,13,25,4,25,15,16704.0
1651,1651,3,3,1.0,0,0,0,1,1,5,2019,16,50,7,55,15,8366.0
1652,1652,1,1,3.0,0,0,1,0,9,5,2019,5,45,7,15,1,1965.0
1653,1653,3,3,3.0,0,0,1,1,6,6,2019,17,10,19,40,2,3873.0
1654,1654,2,2,1.0,0,1,0,1,1,3,2019,8,0,20,20,12,27992.0
1655,1655,4,4,1.0,0,0,1,1,6,6,2019,4,55,12,35,7,10678.0
1656,1656,2,2,1.0,0,0,0,1,21,3,2019,8,50,23,15,14,6824.0
1657,1657,4,4,2.0,0,0,0,1,12,6,2019,5,0,19,15,38,9443.0
1658,1658,4,4,1.0,0,0,1,1,21,3,2019,7,5,19,15,12,13378.0
1659,1659,2,2,3.0,1,0,0,1,1,5,2019,4,0,6,50,2,3943.0
1660,1660,4,4,1.0,1,0,0,1,18,5,2019,11,25,21,0,9,7191.0
1661,1661,2,2,3.0,0,0,1,1,27,6,2019,5,55,8,35,2,3625.0
1662,1662,4,4,1.0,0,0,1,1,27,5,2019,7,25,13,35,6,6841.0
1663,1663,3,3,1.0,0,1,0,0,24,3,2019,16,55,23,25,6,11134.0
1664,1664,3,3,1.0,0,1,0,1,6,6,2019,18,55,20,45,25,14571.0
1665,1665,2,2,0.0,0,0,0,1,1,3,2019,5,50,12,15,30,12346.0
1666,1666,2,2,3.0,0,1,0,0,21,4,2019,17,45,20,45,3,4544.0
1667,1667,4,4,2.0,0,1,0,1,9,6,2019,14,35,4,25,13,13376.0
1668,1668,2,2,1.0,0,1,0,0,12,3,2019,18,55,12,25,17,11087.0
1669,1669,3,3,3.0,0,0,1,1,3,3,2019,9,0,11,30,2,5515.0
1670,1670,3,3,3.0,1,0,0,1,27,6,2019,4,40,7,15,2,4804.0
1671,1671,0,0,3.0,1,0,0,1,12,6,2019,13,15,15,35,2,3597.0
1672,1672,4,4,1.0,0,0,1,1,6,3,2019,6,0,19,15,13,15353.0
1673,1673,3,3,1.0,0,1,0,0,12,6,2019,6,30,16,20,9,9899.0
1674,1674,2,2,3.0,1,0,0,1,24,3,2019,18,25,21,20,2,7303.0
1675,1675,2,2,1.0,0,1,0,1,12,3,2019,8,55,21,20,12,13817.0
1676,1676,4,4,2.0,0,1,0,1,6,3,2019,19,10,19,45,24,19329.0
1677,1677,4,4,1.0,0,1,0,1,12,6,2019,7,5,12,35,5,16289.0
1678,1678,3,3,1.0,0,1,0,0,15,5,2019,18,55,10,5,15,9663.0
1679,1679,4,4,2.0,0,0,0,1,3,6,2019,9,45,9,25,23,10975.0
1680,1680,3,3,3.0,0,0,1,1,18,3,2019,10,20,12,55,2,4384.0
1681,1681,4,4,1.0,0,1,0,1,12,6,2019,9,0,19,0,10,14714.0
1682,1682,4,4,2.0,0,1,0,0,12,6,2019,14,35,4,25,13,10919.0
1683,1683,3,3,1.0,0,1,0,1,21,5,2019,14,5,4,40,14,14388.0
1684,1684,4,4,1.0,0,0,1,1,15,6,2019,11,25,19,0,7,10877.0
1685,1685,4,4,2.0,0,1,0,1,9,5,2019,23,5,12,35,13,15129.0
1686,1686,4,4,1.0,1,0,0,1,6,5,2019,7,30,21,0,13,7191.0
1687,1687,3,3,1.0,0,0,1,1,1,5,2019,23,30,7,45,8,6686.0
1688,1688,4,4,1.0,0,0,1,1,3,6,2019,12,50,1,30,12,7530.0
1689,1689,4,4,1.0,1,0,0,1,15,6,2019,7,35,22,30,14,6442.0
1690,1690,4,4,1.0,0,1,0,0,27,6,2019,9,0,12,35,27,10262.0
1691,1691,2,2,1.0,0,1,0,1,12,3,2019,18,55,9,30,14,13817.0
1692,1692,3,3,1.0,0,1,0,1,12,6,2019,14,5,23,35,9,13626.0
1693,1693,3,3,1.0,0,1,0,1,12,5,2019,18,55,10,5,15,14388.0
1694,1694,3,3,3.0,1,0,0,1,27,4,2019,4,40,7,15,2,4804.0
1695,1695,4,4,3.0,1,0,0,1,21,3,2019,14,30,17,35,3,5406.0
1696,1696,4,4,1.0,0,0,1,1,3,4,2019,17,55,22,50,4,4611.0
1697,1697,3,3,1.0,1,0,0,1,9,6,2019,8,10,13,0,4,5069.0
1698,1698,2,2,3.0,0,0,1,1,6,6,2019,7,45,10,40,2,3898.0
1699,1699,1,1,3.0,1,0,0,1,6,6,2019,12,0,13,30,1,2754.0
1700,1700,4,4,1.0,0,0,1,0,27,5,2019,15,0,1,30,10,6943.0
1701,1701,3,3,1.0,0,1,0,1,18,5,2019,5,45,18,15,12,14781.0
1702,1702,4,4,1.0,0,1,0,1,21,5,2019,13,0,19,0,6,16079.0
1703,1703,2,2,3.0,1,0,0,1,15,3,2019,16,55,19,45,2,8033.0
1704,1704,2,2,3.0,1,0,0,1,9,3,2019,18,25,21,20,2,6860.0
1705,1705,4,4,1.0,0,0,1,1,27,3,2019,11,40,19,15,7,6953.0
1706,1706,2,2,3.0,1,0,0,1,12,5,2019,7,10,10,5,2,4823.0
1707,1707,3,3,3.0,1,0,0,1,9,4,2019,4,40,7,15,2,4174.0
1708,1708,4,4,2.0,0,1,0,1,27,6,2019,13,25,19,0,29,12819.0
1709,1709,3,3,1.0,0,1,0,0,15,5,2019,21,10,4,40,7,9663.0
1710,1710,3,3,3.0,0,0,1,0,3,5,2019,6,55,9,30,2,3841.0
1711,1711,4,4,3.0,1,0,0,1,27,6,2019,5,35,8,50,3,5000.0
1712,1712,2,2,2.0,0,0,0,0,1,3,2019,5,50,22,10,16,13366.0
1713,1713,1,1,1.0,0,0,1,1,6,3,2019,21,55,16,45,18,12395.0
1714,1714,3,3,1.0,0,0,0,1,15,5,2019,16,45,21,5,28,7452.0
1715,1715,4,4,1.0,0,1,0,1,18,5,2019,19,45,19,0,23,15554.0
1716,1716,3,3,1.0,0,1,0,1,6,5,2019,17,0,15,5,22,13067.0
1717,1717,3,3,3.0,1,0,0,1,1,3,2019,15,10,17,45,2,6565.0
1718,1718,1,1,3.0,0,0,1,0,24,5,2019,5,45,7,15,1,1965.0
1719,1719,0,0,3.0,0,0,1,0,27,3,2019,9,30,12,5,2,3332.0
1720,1720,2,2,1.0,1,0,0,1,21,3,2019,5,25,10,10,4,6208.0
1721,1721,2,2,1.0,0,0,0,1,18,3,2019,13,50,18,40,28,11161.0
1722,1722,3,3,2.0,0,0,0,1,12,6,2019,10,0,13,45,27,12224.0
1723,1723,3,3,1.0,0,1,0,0,1,5,2019,18,55,12,0,17,9663.0
1724,1724,2,2,1.0,0,1,0,1,18,3,2019,8,55,15,15,6,12284.0
1725,1725,4,4,1.0,0,0,0,1,27,5,2019,17,20,9,25,16,7480.0
1726,1726,4,4,1.0,0,1,0,1,6,3,2019,19,15,4,25,9,17024.0
1727,1727,3,3,1.0,0,1,0,1,6,6,2019,20,25,19,10,22,14151.0
1728,1728,3,3,3.0,1,0,0,1,21,6,2019,17,15,19,50,2,4804.0
1729,1729,4,4,1.0,1,0,0,1,18,5,2019,16,0,21,0,5,6069.0
1730,1730,2,2,1.0,0,0,1,1,21,3,2019,6,40,21,55,15,6065.0
1731,1731,3,3,1.0,0,1,0,1,18,5,2019,20,25,9,45,13,14151.0
1732,1732,3,3,1.0,0,1,0,1,24,3,2019,18,55,12,0,17,14231.0
1733,1733,1,1,1.0,0,0,1,1,6,3,2019,15,40,9,25,17,12395.0
1734,1734,4,4,1.0,1,0,0,1,24,4,2019,2,0,7,25,5,5636.0
1735,1735,4,4,1.0,0,0,0,1,6,4,2019,17,40,23,0,5,5232.0
1736,1736,4,4,1.0,0,1,0,1,1,6,2019,14,0,4,25,14,14714.0
1737,1737,0,0,3.0,1,0,0,1,6,5,2019,7,55,10,15,2,3850.0
1738,1738,4,4,1.0,0,0,0,1,27,5,2019,17,40,9,35,15,7258.0
1739,1739,2,2,1.0,0,1,0,1,6,3,2019,21,25,20,20,22,17471.0
1740,1740,2,2,3.0,0,0,1,1,9,5,2019,21,10,0,5,2,4423.0
1741,1741,1,1,3.0,1,0,0,1,18,6,2019,21,20,22,50,1,2227.0
1742,1742,4,4,1.0,0,0,1,1,24,6,2019,10,0,1,30,15,13377.0
1743,1743,2,2,3.0,0,1,0,1,12,6,2019,8,20,11,20,3,8016.0
1744,1744,2,2,1.0,0,0,0,1,9,3,2019,6,50,8,50,26,5626.0
1745,1745,2,2,3.0,1,0,0,1,21,3,2019,16,55,19,45,2,6860.0
1746,1746,4,4,1.0,1,0,0,1,1,6,2019,18,35,1,30,6,6628.0
1747,1747,4,4,1.0,0,1,0,0,6,6,2019,13,0,12,35,23,11627.0
1748,1748,3,3,3.0,0,0,1,1,9,6,2019,17,10,19,40,2,4174.0
1749,1749,4,4,1.0,0,1,0,1,1,6,2019,18,15,4,25,10,14714.0
1750,1750,3,3,1.0,0,1,0,1,12,5,2019,9,35,21,5,11,14151.0
1751,1751,4,4,1.0,0,1,0,0,27,5,2019,16,0,19,0,27,12898.0
1752,1752,4,4,1.0,0,1,0,0,18,5,2019,21,50,4,25,6,12373.0
1753,1753,2,2,3.0,1,0,0,1,18,6,2019,10,10,13,0,2,3943.0
1754,1754,3,3,2.0,0,0,1,1,9,6,2019,15,10,23,30,8,7870.0
1755,1755,2,2,3.0,0,1,0,1,18,6,2019,18,55,22,0,3,8016.0
1756,1756,4,4,2.0,0,0,0,1,15,5,2019,13,5,9,25,20,10975.0
1757,1757,0,0,3.0,1,0,0,1,27,5,2019,7,55,10,15,2,3850.0
1758,1758,3,3,3.0,1,0,0,1,18,6,2019,20,25,23,10,2,4804.0
1759,1759,4,4,1.0,0,1,0,1,9,3,2019,20,50,4,25,7,15554.0
1760,1760,3,3,3.0,0,0,1,1,18,3,2019,6,55,9,35,2,4465.0
1761,1761,3,3,1.0,0,1,0,0,9,6,2019,21,10,10,5,12,11841.0
1762,1762,4,4,1.0,0,0,1,1,9,3,2019,8,0,19,15,11,19332.0
1763,1763,3,3,3.0,0,0,1,0,21,6,2019,17,10,19,40,2,3841.0
1764,1764,2,2,3.0,1,0,0,1,12,4,2019,10,10,13,0,2,4591.0
1765,1765,3,3,1.0,1,0,0,1,24,5,2019,15,15,20,5,4,5192.0
1766,1766,4,4,1.0,0,1,0,0,9,6,2019,18,15,12,35,18,10577.0
1767,1767,4,4,2.0,0,1,0,1,18,5,2019,19,30,4,25,8,15129.0
1768,1768,4,4,1.0,0,0,1,1,6,6,2019,6,0,19,0,13,11789.0
1769,1769,4,4,1.0,0,0,0,1,15,6,2019,21,0,7,40,10,8372.0
1770,1770,4,4,1.0,0,0,1,1,9,5,2019,6,0,19,15,13,8266.0
1771,1771,3,3,1.0,0,1,0,1,6,5,2019,6,30,19,50,13,14781.0
1772,1772,2,2,3.0,0,0,1,1,21,4,2019,17,0,19,35,2,5613.0
1773,1773,2,2,3.0,0,1,0,1,24,4,2019,15,15,18,10,2,7229.0
1774,1774,4,4,1.0,1,0,0,1,24,6,2019,8,30,21,0,12,6093.0
1775,1775,4,4,2.0,0,1,0,0,21,5,2019,5,30,12,35,7,15544.0
1776,1776,4,4,1.0,0,0,1,1,18,5,2019,7,25,13,35,6,6296.0
1777,1777,3,3,3.0,1,0,0,1,27,4,2019,9,35,12,20,2,4804.0
1778,1778,2,2,3.0,0,0,1,1,18,3,2019,5,50,8,40,2,4284.0
1779,1779,4,4,1.0,1,0,0,1,21,3,2019,7,35,22,20,14,6558.0
1780,1780,4,4,1.0,1,0,0,1,24,6,2019,21,50,3,35,5,5775.0
1781,1781,0,0,3.0,0,0,1,0,21,6,2019,8,20,10,35,2,3543.0
1782,1782,4,4,1.0,0,1,0,1,6,3,2019,9,55,18,50,8,17024.0
1783,1783,1,1,3.0,0,1,0,0,9,6,2019,7,5,8,30,1,4050.0
1784,1784,1,1,2.0,0,0,0,1,6,3,2019,6,0,15,15,33,14219.0
1785,1785,2,2,1.0,0,1,0,1,1,3,2019,11,40,18,25,6,26890.0
1786,1786,4,4,2.0,0,0,0,1,15,6,2019,19,45,19,15,23,9653.0
1787,1787,2,2,3.0,1,0,0,1,21,6,2019,6,5,8,50,2,3943.0
1788,1788,3,3,1.0,0,1,0,0,18,5,2019,14,5,16,20,26,10844.0
1789,1789,3,3,1.0,0,1,0,0,1,4,2019,21,10,4,40,7,8849.0
1790,1790,1,1,3.0,1,0,0,1,12,6,2019,1,40,3,10,1,2754.0
1791,1791,4,4,2.0,0,0,0,1,21,3,2019,6,50,19,15,36,10756.0
1792,1792,3,3,1.0,0,1,0,1,21,5,2019,17,0,21,5,28,14151.0
1793,1793,3,3,1.0,0,1,0,0,12,6,2019,8,25,20,45,12,9899.0
1794,1794,4,4,1.0,0,1,0,1,21,3,2019,22,0,4,25,6,12242.0
1795,1795,4,4,2.0,0,1,0,0,9,6,2019,19,30,12,35,17,10368.0
1796,1796,1,1,3.0,1,0,0,1,24,5,2019,9,10,10,40,1,5755.0
1797,1797,4,4,1.0,0,1,0,0,15,6,2019,18,15,4,25,10,10262.0
1798,1798,3,3,1.0,0,0,1,1,6,6,2019,8,35,17,15,8,6643.0
1799,1799,4,4,1.0,0,0,1,1,21,3,2019,7,30,21,0,13,9845.0
1800,1800,3,3,1.0,0,1,0,0,24,3,2019,18,55,12,0,17,11134.0
1801,1801,4,4,1.0,0,0,1,1,1,6,2019,6,5,11,20,5,5583.0
1802,1802,4,4,1.0,1,0,0,1,15,5,2019,16,0,21,0,5,6069.0
1803,1803,2,2,1.0,0,1,0,1,12,3,2019,5,45,20,20,14,13817.0
1804,1804,4,4,2.0,0,0,0,1,6,3,2019,5,0,19,15,38,10283.0
1805,1805,3,3,1.0,0,0,0,1,24,3,2019,9,50,21,5,11,7795.0
1806,1806,4,4,1.0,0,0,1,0,9,3,2019,0,20,7,40,7,13977.0
1807,1807,4,4,2.0,0,1,0,0,1,6,2019,6,45,4,25,21,10919.0
1808,1808,3,3,3.0,1,0,0,1,3,3,2019,20,25,23,5,2,6038.0
1809,1809,4,4,3.0,1,0,0,1,21,5,2019,5,35,8,50,3,5601.0
1810,1810,4,4,1.0,1,0,0,1,9,3,2019,7,30,21,0,13,12351.0
1811,1811,4,4,3.0,0,0,0,1,15,4,2019,5,10,8,0,2,6094.0
1812,1812,4,4,1.0,0,0,1,1,15,5,2019,10,35,19,15,8,7575.0
1813,1813,4,4,1.0,0,1,0,1,27,5,2019,21,50,4,25,6,16079.0
1814,1814,4,4,1.0,0,1,0,0,15,6,2019,19,15,19,0,23,10262.0
1815,1815,4,4,1.0,0,0,1,1,9,6,2019,16,45,22,25,5,13470.0
1816,1816,2,2,3.0,0,1,0,1,27,6,2019,11,10,14,5,2,8016.0
1817,1817,4,4,1.0,0,1,0,1,9,3,2019,18,15,18,50,24,16289.0
1818,1818,4,4,1.0,0,1,0,0,6,6,2019,19,45,4,25,8,10262.0
1819,1819,2,2,3.0,1,0,0,1,27,6,2019,18,25,21,20,2,4823.0
1820,1820,2,2,3.0,0,0,1,1,9,4,2019,9,45,12,35,2,5403.0
1821,1821,4,4,1.0,0,1,0,0,18,5,2019,17,30,19,0,25,12373.0
1822,1822,1,1,1.0,0,0,1,1,6,3,2019,14,10,22,25,8,13552.0
1823,1823,3,3,1.0,0,1,0,0,9,5,2019,8,25,20,45,12,10844.0
1824,1824,1,1,2.0,0,0,0,1,6,3,2019,9,40,23,45,14,22619.0
1825,1825,4,4,1.0,0,0,1,1,27,5,2019,10,35,19,15,8,8625.0
1826,1826,2,2,3.0,1,0,0,1,24,3,2019,6,0,8,45,2,4777.0
1827,1827,4,4,3.0,1,0,0,1,21,6,2019,5,35,8,50,3,5000.0
1828,1828,4,4,2.0,0,1,0,1,6,3,2019,19,10,19,45,24,21954.0
1829,1829,4,4,1.0,0,1,0,0,3,6,2019,11,30,4,25,16,11627.0
1830,1830,3,3,1.0,0,1,0,1,24,5,2019,14,5,4,40,14,13731.0
1831,1831,2,2,3.0,1,0,0,1,3,4,2019,22,10,1,0,2,3943.0
1832,1832,2,2,1.0,0,1,0,0,21,3,2019,8,55,23,0,14,6992.0
1833,1833,3,3,1.0,0,1,0,1,6,5,2019,18,55,4,40,9,13941.0
1834,1834,4,4,1.0,0,1,0,1,12,6,2019,8,0,19,0,11,14924.0
1835,1835,4,4,1.0,0,1,0,1,27,6,2019,2,15,12,35,10,18371.0
1836,1836,0,0,3.0,1,0,0,1,3,3,2019,19,35,21,55,2,7295.0
1837,1837,2,2,1.0,0,0,0,1,9,3,2019,17,0,16,40,23,9292.0
1838,1838,3,3,1.0,0,1,0,1,1,5,2019,20,0,8,15,12,13941.0
1839,1839,3,3,1.0,1,0,0,1,24,3,2019,4,15,9,50,5,4150.0
1840,1840,3,3,1.0,0,1,0,1,1,4,2019,20,0,23,35,27,12681.0
1841,1841,4,4,3.0,1,0,0,1,3,6,2019,5,35,8,50,3,5601.0
1842,1842,3,3,2.0,0,0,0,1,21,5,2019,9,50,8,55,23,14960.0
1843,1843,4,4,1.0,0,0,1,1,6,6,2019,16,0,1,30,9,13377.0
1844,1844,1,1,3.0,1,0,0,1,21,3,2019,12,0,13,25,1,3342.0
1845,1845,2,2,3.0,0,1,0,1,6,6,2019,11,10,14,5,2,8016.0
1846,1846,2,2,1.0,0,1,0,1,6,3,2019,5,45,23,0,17,16736.0
1847,1847,3,3,1.0,0,1,0,0,24,3,2019,21,10,19,40,22,10031.0
1848,1848,4,4,1.0,0,0,0,1,21,4,2019,20,30,8,15,11,7258.0
1849,1849,2,2,3.0,0,1,0,0,15,5,2019,6,0,8,45,2,4030.0
1850,1850,4,4,2.0,0,0,0,1,24,6,2019,14,25,19,15,28,13381.0
1851,1851,4,4,2.0,0,1,0,1,24,5,2019,23,5,4,25,29,16704.0
1852,1852,4,4,1.0,0,0,1,1,24,6,2019,9,0,21,0,12,13587.0
1853,1853,1,1,3.0,0,1,0,1,24,5,2019,2,55,4,20,1,5678.0
1854,1854,3,3,1.0,0,1,0,0,1,4,2019,6,30,9,20,26,7064.0
1855,1855,1,1,3.0,1,0,0,1,3,6,2019,1,40,3,10,1,2754.0
1856,1856,2,2,3.0,0,0,1,1,1,5,2019,9,45,12,35,2,4668.0
1857,1857,3,3,3.0,0,0,1,1,21,6,2019,19,55,22,25,2,4107.0
1858,1858,4,4,1.0,1,0,0,1,12,6,2019,4,55,21,0,16,5894.0
1859,1859,4,4,1.0,0,1,0,0,6,6,2019,17,30,4,25,10,10262.0
1860,1860,3,3,1.0,0,1,0,1,9,5,2019,16,30,8,15,15,13941.0
1861,1861,4,4,1.0,0,0,1,1,27,4,2019,16,45,7,10,14,6451.0
1862,1862,4,4,2.0,0,0,0,1,27,6,2019,9,45,9,25,23,10975.0
1863,1863,4,4,2.0,0,0,0,1,6,3,2019,12,0,7,40,19,14746.0
1864,1864,4,4,1.0,0,0,1,1,6,6,2019,20,45,7,10,10,11410.0
1865,1865,3,3,3.0,0,0,1,0,1,5,2019,6,55,9,30,2,3841.0
1866,1866,4,4,2.0,0,0,0,1,3,6,2019,6,50,7,40,24,13381.0
1867,1867,4,4,1.0,0,0,1,1,9,5,2019,11,30,1,30,14,15078.0
1868,1868,3,3,1.0,0,0,0,1,9,5,2019,9,25,18,30,9,8891.0
1869,1869,3,3,1.0,0,1,0,0,9,5,2019,14,5,10,5,20,7757.0
1870,1870,2,2,3.0,0,0,0,1,9,4,2019,5,45,8,45,3,4441.0
1871,1871,3,3,1.0,0,1,0,0,24,3,2019,19,45,18,10,22,10031.0
1872,1872,2,2,3.0,1,0,0,1,12,4,2019,13,0,15,50,2,4823.0
1873,1873,3,3,1.0,0,0,0,1,24,5,2019,9,25,18,30,9,8576.0
1874,1874,2,2,1.0,0,1,0,0,12,3,2019,20,35,16,10,19,11087.0
1875,1875,4,4,1.0,0,1,0,0,18,5,2019,10,0,12,35,26,12373.0
1876,1876,3,3,2.0,0,0,0,1,21,5,2019,9,25,5,35,20,11432.0
1877,1877,1,1,3.0,1,0,0,1,15,6,2019,16,55,18,25,1,3175.0
1878,1878,3,3,3.0,1,0,0,1,12,5,2019,9,35,12,20,2,4804.0
1879,1879,4,4,2.0,0,1,0,1,27,6,2019,9,40,12,35,26,13014.0
1880,1880,4,4,1.0,0,0,1,0,6,3,2019,7,10,22,20,15,7563.0
1881,1881,3,3,3.0,0,0,1,1,27,6,2019,9,0,11,25,2,3873.0
1882,1882,4,4,1.0,1,0,0,1,21,5,2019,11,55,0,55,13,6282.0
1883,1883,4,4,1.0,0,0,1,1,1,6,2019,8,30,19,0,10,11200.0
1884,1884,2,2,3.0,0,0,1,1,24,4,2019,19,30,22,15,2,5613.0
1885,1885,4,4,3.0,1,0,0,1,9,6,2019,14,20,17,35,3,5601.0
1886,1886,4,4,1.0,0,1,0,0,15,6,2019,14,0,12,35,22,10262.0
1887,1887,2,2,3.0,1,0,0,1,1,3,2019,20,0,22,55,2,14306.0
1888,1888,3,3,1.0,0,1,0,0,1,4,2019,20,0,20,45,24,7064.0
1889,1889,4,4,1.0,0,1,0,1,27,6,2019,7,5,19,0,11,18371.0
1890,1890,4,4,2.0,0,0,0,1,18,5,2019,20,15,19,15,23,13591.0
1891,1891,4,4,2.0,0,1,0,0,1,6,2019,9,40,12,35,26,10368.0
1892,1892,4,4,2.0,0,0,1,1,12,6,2019,17,50,1,30,7,18275.0
1893,1893,2,2,3.0,1,0,0,1,27,5,2019,22,10,1,0,2,3749.0
1894,1894,3,3,2.0,0,0,1,1,6,6,2019,15,10,23,30,8,6810.0
1895,1895,4,4,1.0,0,0,1,1,21,5,2019,11,40,21,0,9,7485.0
1896,1896,3,3,3.0,0,0,0,1,27,5,2019,14,15,16,45,2,5510.0
1897,1897,4,4,1.0,0,1,0,0,3,6,2019,18,15,4,25,10,10262.0
1898,1898,4,4,1.0,0,0,1,1,24,6,2019,7,10,16,10,9,6723.0
1899,1899,4,4,1.0,0,0,1,1,21,3,2019,8,0,15,30,7,8307.0
1900,1900,4,4,1.0,0,0,1,1,21,4,2019,5,55,13,35,7,6146.0
1901,1901,4,4,2.0,0,1,0,1,27,5,2019,13,25,12,35,23,15129.0
1902,1902,3,3,1.0,0,1,0,1,1,5,2019,6,30,12,0,5,14388.0
1903,1903,2,2,3.0,0,1,0,0,6,4,2019,6,0,8,45,2,4544.0
1904,1904,2,2,3.0,0,1,0,0,12,4,2019,11,10,14,5,2,5198.0
1905,1905,4,4,1.0,1,0,0,1,18,5,2019,9,15,1,30,16,7503.0
1906,1906,2,2,1.0,0,0,1,1,1,3,2019,15,45,20,15,4,12314.0
1907,1907,4,4,1.0,0,0,0,1,15,5,2019,13,0,19,15,6,8372.0
1908,1908,3,3,1.0,0,1,0,1,21,5,2019,16,30,23,35,7,14781.0
1909,1909,2,2,3.0,0,1,0,1,24,6,2019,19,50,22,50,3,8016.0
1910,1910,0,0,3.0,1,0,0,1,12,3,2019,7,55,10,15,2,6297.0
1911,1911,3,3,1.0,0,1,0,1,1,5,2019,8,25,9,20,24,14388.0
1912,1912,4,4,1.0,0,0,1,1,1,6,2019,7,25,13,35,6,6393.0
1913,1913,3,3,1.0,0,1,0,1,9,6,2019,21,10,10,5,12,14939.0
1914,1914,3,3,1.0,0,1,0,1,21,5,2019,8,25,19,50,11,14781.0
1915,1915,4,4,1.0,1,0,0,1,6,3,2019,7,30,21,0,13,14871.0
1916,1916,2,2,3.0,0,0,1,0,6,4,2019,9,30,12,20,2,4319.0
1917,1917,3,3,1.0,0,1,0,1,15,5,2019,17,0,9,45,16,13067.0
1918,1918,2,2,1.0,0,1,0,1,1,3,2019,16,55,8,15,15,26890.0
1919,1919,2,2,1.0,0,1,0,0,15,3,2019,7,0,13,15,6,9134.0
1920,1920,2,2,3.0,1,0,0,1,3,4,2019,21,15,0,15,3,3943.0
1921,1921,4,4,1.0,0,0,0,1,24,6,2019,7,0,19,15,12,8879.0
1922,1922,3,3,1.0,0,1,0,1,24,5,2019,18,55,12,0,17,14571.0
1923,1923,3,3,3.0,1,0,0,1,15,6,2019,9,35,12,10,2,5644.0
1924,1924,3,3,1.0,0,1,0,0,9,6,2019,6,30,4,40,22,9663.0
1925,1925,3,3,1.0,0,1,0,1,9,6,2019,14,5,23,35,9,14571.0
1926,1926,2,2,3.0,0,0,1,1,9,6,2019,21,10,0,5,2,3971.0
1927,1927,4,4,1.0,0,1,0,1,6,3,2019,9,0,18,50,9,17024.0
1928,1928,3,3,3.0,0,0,1,0,15,5,2019,17,10,19,40,2,3841.0
1929,1929,4,4,1.0,0,1,0,0,27,5,2019,19,45,19,0,23,12898.0
1930,1930,4,4,2.0,0,1,0,1,6,6,2019,14,35,4,25,13,13376.0
1931,1931,4,4,2.0,0,1,0,0,15,6,2019,21,25,12,35,15,9905.0
1932,1932,4,4,1.0,0,0,1,1,15,6,2019,8,0,21,0,13,13587.0
1933,1933,4,4,1.0,0,0,1,1,24,6,2019,6,0,21,0,15,7740.0
1934,1934,4,4,1.0,0,0,1,1,21,5,2019,6,0,12,35,6,9794.0
1935,1935,2,2,1.0,0,1,0,1,6,3,2019,22,50,21,20,22,17471.0
1936,1936,4,4,2.0,0,1,0,0,9,3,2019,13,45,4,25,14,15129.0
1937,1937,3,3,1.0,0,1,0,1,1,5,2019,9,35,14,25,28,11467.0
1938,1938,3,3,1.0,0,0,0,1,12,6,2019,14,35,14,35,24,6528.0
1939,1939,4,4,1.0,0,0,1,1,27,6,2019,7,30,19,15,11,8266.0
1940,1940,4,4,1.0,1,0,0,1,6,3,2019,6,40,22,20,15,6442.0
1941,1941,4,4,1.0,0,1,0,0,12,6,2019,22,50,12,35,13,10262.0
1942,1942,1,1,3.0,0,1,0,1,1,3,2019,7,10,8,35,1,17501.0
1943,1943,2,2,3.0,0,0,0,1,24,5,2019,6,10,8,55,2,8273.0
1944,1944,4,4,2.0,0,0,0,1,21,3,2019,18,30,19,15,24,10703.0
1945,1945,4,4,1.0,0,0,1,1,15,6,2019,10,0,1,30,15,8510.0
1946,1946,1,1,3.0,1,0,0,1,15,3,2019,20,5,21,35,1,2754.0
1947,1947,1,1,3.0,1,0,0,1,18,5,2019,21,20,22,50,1,2227.0
1948,1948,4,4,2.0,0,0,1,1,27,6,2019,17,50,1,30,7,18275.0
1949,1949,4,4,1.0,0,0,1,0,21,4,2019,8,45,13,15,4,6356.0
1950,1950,3,3,1.0,0,1,0,1,15,5,2019,14,5,20,45,6,14781.0
1951,1951,4,4,2.0,0,1,0,0,27,5,2019,9,40,12,35,26,13029.0
1952,1952,2,2,3.0,0,0,1,1,1,5,2019,11,40,14,30,2,4340.0
1953,1953,3,3,2.0,0,0,0,1,12,6,2019,17,30,13,45,20,12224.0
1954,1954,3,3,1.0,0,1,0,0,24,5,2019,16,30,18,15,25,10844.0
1955,1955,3,3,3.0,1,0,0,1,15,4,2019,9,35,12,20,2,4174.0
1956,1956,2,2,2.0,0,0,0,1,1,3,2019,17,0,22,55,29,14887.0
1957,1957,4,4,1.0,0,0,1,1,9,4,2019,9,0,19,15,10,12853.0
1958,1958,2,2,3.0,0,0,1,1,15,5,2019,11,10,13,55,2,3383.0
1959,1959,2,2,3.0,0,0,1,1,1,3,2019,11,40,14,35,2,11111.0
1960,1960,2,2,3.0,0,1,0,1,1,4,2019,17,45,20,45,3,7229.0
1961,1961,2,2,3.0,0,1,0,0,6,5,2019,17,45,20,45,3,4030.0
1962,1962,4,4,1.0,1,0,0,1,3,3,2019,15,0,1,35,10,14871.0
1963,1963,4,4,1.0,0,1,0,0,27,5,2019,19,45,4,25,8,12898.0
1964,1964,4,4,1.0,0,0,1,1,18,5,2019,11,30,19,15,7,14533.0
1965,1965,4,4,1.0,0,0,0,1,6,6,2019,17,40,8,15,14,7258.0
1966,1966,4,4,1.0,0,0,1,1,1,4,2019,8,45,13,15,4,4812.0
1967,1967,3,3,1.0,0,1,0,0,9,5,2019,9,35,21,5,11,12384.0
1968,1968,4,4,2.0,0,0,0,1,6,6,2019,12,0,7,40,19,8603.0
1969,1969,4,4,2.0,0,0,0,1,6,6,2019,12,0,19,15,7,8603.0
1970,1970,3,3,1.0,0,1,0,1,24,3,2019,13,55,23,25,9,14231.0
1971,1971,4,4,2.0,0,1,0,1,9,5,2019,23,5,4,25,29,15129.0
1972,1972,4,4,1.0,0,0,1,1,1,6,2019,20,45,7,10,10,11410.0
1973,1973,2,2,2.0,0,0,0,1,12,3,2019,8,50,9,25,24,12725.0
1974,1974,4,4,2.0,0,1,0,1,9,6,2019,9,35,12,35,27,13292.0
1975,1975,3,3,3.0,0,0,1,1,24,4,2019,6,55,9,30,2,3873.0
1976,1976,0,0,3.0,1,0,0,1,15,6,2019,7,55,10,15,2,3850.0
1977,1977,3,3,1.0,0,0,1,1,9,6,2019,11,35,18,50,7,8479.0
1978,1978,3,3,1.0,0,1,0,1,24,5,2019,9,35,23,35,14,14151.0
1979,1979,2,2,3.0,0,0,0,1,24,4,2019,6,10,8,55,2,5228.0
1980,1980,3,3,1.0,0,0,1,1,9,6,2019,7,10,9,5,25,9397.0
1981,1981,1,1,3.0,0,1,0,0,18,6,2019,7,5,8,30,1,4995.0
1982,1982,4,4,2.0,0,0,0,1,1,6,2019,19,45,19,15,23,10651.0
1983,1983,2,2,3.0,0,0,1,1,3,4,2019,4,55,7,45,2,4282.0
1984,1984,3,3,2.0,0,0,0,1,21,5,2019,8,20,21,50,13,10697.0
1985,1985,3,3,1.0,0,1,0,0,21,5,2019,9,35,14,25,28,9314.0
1986,1986,0,0,3.0,1,0,0,1,27,6,2019,5,15,7,40,2,3540.0
1987,1987,4,4,2.0,0,0,0,1,12,6,2019,16,40,19,15,26,9443.0
1988,1988,4,4,1.0,0,0,1,1,6,3,2019,7,30,15,30,8,15147.0
1989,1989,2,2,3.0,0,1,0,1,27,6,2019,8,20,11,20,3,8016.0
1990,1990,1,1,3.0,1,0,0,1,24,5,2019,21,20,22,50,1,2437.0
1991,1991,4,4,1.0,1,0,0,1,27,5,2019,10,35,1,30,14,6104.0
1992,1992,1,1,3.0,0,0,1,0,6,6,2019,22,45,0,15,1,1965.0
1993,1993,4,4,1.0,0,0,1,1,12,6,2019,13,0,21,0,8,7408.0
1994,1994,1,1,3.0,1,0,0,1,18,6,2019,6,25,7,55,1,4049.0
1995,1995,2,2,3.0,0,1,0,1,1,6,2019,19,50,22,50,3,8016.0
1996,1996,4,4,1.0,0,0,1,1,9,5,2019,7,0,19,0,12,10197.0
1997,1997,3,3,1.0,0,1,0,0,1,5,2019,21,10,8,15,11,10844.0
1998,1998,3,3,1.0,0,1,0,1,9,6,2019,17,0,19,10,26,12692.0
1999,1999,3,3,1.0,0,1,0,1,6,5,2019,8,25,16,20,7,14781.0
2000,2000,3,3,1.0,0,0,1,1,24,5,2019,23,30,7,45,8,7335.0
2001,2001,2,2,3.0,0,1,0,1,27,5,2019,8,20,11,20,3,7229.0
2002,2002,2,2,3.0,0,0,1,1,24,3,2019,21,10,0,5,2,4353.0
2003,2003,3,3,1.0,0,1,0,1,18,5,2019,20,0,8,15,12,13941.0
2004,2004,2,2,1.0,0,1,0,1,12,3,2019,9,45,14,25,4,12295.0
2005,2005,4,4,1.0,0,1,0,0,27,5,2019,22,50,12,35,13,12898.0
2006,2006,3,3,1.0,0,0,1,1,9,5,2019,7,10,22,40,15,7927.0
2007,2007,2,2,3.0,0,0,1,1,15,4,2019,23,55,2,45,2,4483.0
2008,2008,2,2,1.0,0,1,0,1,6,3,2019,11,40,18,25,6,19225.0
2009,2009,4,4,1.0,0,0,1,1,24,4,2019,7,25,13,35,6,4692.0
2010,2010,2,2,1.0,0,1,0,1,18,3,2019,21,25,9,30,12,13555.0
2011,2011,4,4,1.0,1,0,0,1,9,4,2019,15,0,1,30,10,6270.0
2012,2012,3,3,1.0,0,1,0,1,6,5,2019,18,55,16,20,21,13584.0
2013,2013,4,4,2.0,0,1,0,1,21,3,2019,16,10,18,50,26,13180.0
2014,2014,3,3,1.0,0,1,0,1,12,5,2019,20,25,18,0,21,14151.0
2015,2015,4,4,3.0,0,0,1,1,12,5,2019,6,0,9,10,3,6216.0
2016,2016,4,4,1.0,0,0,1,1,3,3,2019,7,30,18,50,11,15135.0
2017,2017,4,4,1.0,0,0,1,0,6,3,2019,11,30,21,0,9,15136.0
2018,2018,4,4,1.0,0,1,0,0,27,6,2019,2,15,19,0,16,10262.0
2019,2019,3,3,1.0,0,1,0,0,18,5,2019,9,35,22,5,12,12384.0
2020,2020,3,3,1.0,0,1,0,0,1,4,2019,9,35,19,10,9,9314.0
2021,2021,3,3,1.0,0,1,0,0,6,5,2019,17,0,18,0,25,9314.0
2022,2022,4,4,1.0,0,0,0,1,1,6,2019,9,0,19,15,10,10454.0
2023,2023,4,4,1.0,0,0,0,1,18,5,2019,23,0,7,40,8,8372.0
2024,2024,4,4,1.0,0,1,0,0,9,3,2019,19,45,4,25,8,11848.0
2025,2025,4,4,1.0,1,0,0,1,1,6,2019,8,30,21,0,12,6416.0
2026,2026,1,1,3.0,1,0,0,1,1,4,2019,9,10,10,40,1,3342.0
2027,2027,3,3,2.0,0,1,0,0,6,6,2019,6,30,7,25,24,10118.0
2028,2028,3,3,2.0,0,0,0,1,12,6,2019,16,45,12,30,19,14960.0
2029,2029,4,4,1.0,1,0,0,1,15,6,2019,5,5,16,10,11,6818.0
2030,2030,3,3,3.0,0,0,0,1,12,6,2019,14,15,16,45,2,5510.0
2031,2031,3,3,1.0,0,1,0,1,21,5,2019,6,30,9,20,26,14388.0
2032,2032,4,4,1.0,0,0,1,1,3,6,2019,14,55,22,30,7,7038.0
2033,2033,4,4,1.0,0,0,1,1,9,5,2019,8,45,19,15,10,8266.0
2034,2034,4,4,2.0,0,1,0,1,27,6,2019,18,20,19,0,24,14300.0
2035,2035,3,3,1.0,0,0,0,1,9,5,2019,9,25,7,55,22,8366.0
2036,2036,2,2,1.0,0,1,0,1,6,3,2019,22,50,10,25,11,17261.0
2037,2037,3,3,1.0,0,0,1,1,6,6,2019,7,10,9,5,25,8452.0
2038,2038,3,3,1.0,1,0,0,1,1,4,2019,15,10,20,30,5,8567.0
2039,2039,4,4,1.0,0,0,1,1,15,6,2019,7,5,22,30,15,9646.0
2040,2040,4,4,2.0,0,0,0,1,9,4,2019,22,0,19,15,21,8341.0
2041,2041,4,4,1.0,0,1,0,0,9,5,2019,17,30,19,0,25,12373.0
2042,2042,0,0,3.0,0,0,1,0,21,6,2019,17,45,20,5,2,3543.0
2043,2043,3,3,1.0,0,1,0,0,9,6,2019,17,0,23,35,6,13994.0
2044,2044,2,2,3.0,1,0,0,1,24,3,2019,4,0,6,50,2,4777.0
2045,2045,4,4,1.0,0,0,1,1,1,6,2019,14,55,22,30,7,7038.0
2046,2046,1,1,3.0,1,0,0,1,3,4,2019,16,55,18,25,1,3175.0
2047,2047,4,4,1.0,0,0,1,1,9,6,2019,10,0,21,0,11,7408.0
2048,2048,2,2,3.0,1,0,0,1,15,6,2019,21,15,0,15,3,3943.0
2049,2049,4,4,1.0,0,1,0,1,6,3,2019,8,0,4,25,20,15974.0
2050,2050,3,3,3.0,0,0,1,1,27,5,2019,6,55,9,30,2,3873.0
2051,2051,2,2,3.0,1,0,0,1,15,4,2019,10,10,13,0,2,4423.0
2052,2052,4,4,2.0,0,1,0,1,27,5,2019,9,40,4,25,18,15129.0
2053,2053,4,4,1.0,1,0,0,1,21,3,2019,8,25,21,0,12,8285.0
2054,2054,1,1,3.0,0,0,0,1,6,6,2019,6,20,7,40,1,3100.0
2055,2055,2,2,2.0,0,0,0,1,1,3,2019,8,50,9,25,24,25430.0
2056,2056,1,1,3.0,0,0,1,0,18,3,2019,13,10,14,30,1,2385.0
2057,2057,3,3,1.0,0,1,0,1,6,6,2019,10,20,17,35,7,11316.0
2058,2058,4,4,1.0,0,1,0,0,15,6,2019,2,15,19,0,16,10262.0
2059,2059,3,3,2.0,0,0,0,1,24,5,2019,5,50,13,15,7,7662.0
2060,2060,3,3,1.0,0,1,0,1,24,3,2019,16,55,19,40,26,14231.0
2061,2061,4,4,1.0,1,0,0,1,9,6,2019,9,15,21,0,11,6838.0
2062,2062,4,4,2.0,0,1,0,1,15,6,2019,6,45,4,25,21,13376.0
2063,2063,4,4,1.0,0,1,0,0,24,6,2019,15,0,19,0,28,10262.0
2064,2064,4,4,1.0,1,0,0,1,27,3,2019,7,30,15,30,8,8574.0
2065,2065,2,2,1.0,0,1,0,0,9,3,2019,21,25,7,40,10,7832.0
2066,2066,4,4,1.0,0,0,1,1,24,6,2019,3,50,19,0,15,12192.0
2067,2067,1,1,3.0,0,1,0,0,15,6,2019,10,20,11,50,1,4050.0
2068,2068,2,2,3.0,0,0,1,1,12,4,2019,7,45,10,40,2,6722.0
2069,2069,3,3,1.0,0,1,0,0,9,6,2019,20,0,16,20,20,10844.0
2070,2070,4,4,1.0,0,0,1,1,15,6,2019,7,0,21,0,14,7408.0
2071,2071,4,4,1.0,0,1,0,1,21,3,2019,20,50,4,25,7,14189.0
2072,2072,3,3,3.0,0,0,1,0,24,5,2019,17,10,19,40,2,3841.0
2073,2073,3,3,1.0,0,1,0,0,9,5,2019,14,5,4,40,14,8586.0
2074,2074,4,4,1.0,0,0,1,1,27,6,2019,10,35,19,15,8,7155.0
2075,2075,3,3,1.0,0,1,0,0,12,6,2019,8,25,18,15,9,9899.0
2076,2076,3,3,1.0,0,1,0,1,6,6,2019,8,25,19,50,11,14571.0
2077,2077,2,2,3.0,1,0,0,1,18,5,2019,18,55,21,50,2,4823.0
2078,2078,2,2,3.0,0,1,0,0,9,5,2019,8,20,11,20,3,4544.0
2079,2079,2,2,1.0,0,0,0,0,1,3,2019,0,30,20,30,20,14752.0
2080,2080,3,3,2.0,0,0,0,1,9,5,2019,9,25,13,45,28,11542.0
2081,2081,4,4,3.0,0,1,0,0,21,5,2019,9,50,13,5,3,7202.0
2082,2082,4,4,1.0,0,0,1,1,9,6,2019,10,35,19,0,8,11098.0
2083,2083,1,1,3.0,0,0,0,1,27,3,2019,19,30,20,45,1,2575.0
2084,2084,4,4,1.0,0,0,1,1,27,3,2019,13,0,1,35,12,6673.0
2085,2085,2,2,3.0,1,0,0,1,1,3,2019,18,55,21,45,2,14306.0
2086,2086,4,4,1.0,0,1,0,1,18,5,2019,21,50,4,25,6,15554.0
2087,2087,3,3,1.0,0,1,0,0,15,5,2019,9,35,14,25,28,9314.0
2088,2088,1,1,3.0,0,1,0,0,9,3,2019,6,30,8,0,1,4995.0
2089,2089,2,2,1.0,0,1,0,0,21,3,2019,11,40,7,40,20,7832.0
2090,2090,3,3,1.0,0,1,0,0,21,5,2019,8,25,8,15,23,8586.0
2091,2091,4,4,3.0,0,0,0,1,27,4,2019,5,10,8,0,2,6094.0
2092,2092,4,4,2.0,0,1,0,1,24,6,2019,5,30,19,0,13,13292.0
2093,2093,4,4,2.0,0,1,0,0,9,6,2019,5,30,4,25,22,10368.0
2094,2094,4,4,1.0,0,0,1,1,27,5,2019,10,0,21,0,11,9718.0
2095,2095,2,2,1.0,0,1,0,0,21,3,2019,8,55,7,40,22,7412.0
2096,2096,4,4,2.0,0,0,0,1,6,6,2019,22,0,19,15,21,10441.0
2097,2097,4,4,1.0,1,0,0,1,3,3,2019,10,45,1,35,14,14871.0
2098,2098,4,4,1.0,0,1,0,1,18,5,2019,8,0,19,0,11,15554.0
2099,2099,2,2,1.0,0,1,0,1,1,3,2019,14,5,19,10,5,36235.0
2100,2100,1,1,3.0,1,0,0,1,24,3,2019,16,55,18,25,1,3175.0
2101,2101,0,0,3.0,0,0,1,1,24,5,2019,17,45,20,5,2,3597.0
2102,2102,1,1,3.0,0,0,1,0,27,6,2019,13,15,14,45,1,1965.0
2103,2103,4,4,1.0,0,0,1,1,24,6,2019,10,0,19,0,9,12717.0
2104,2104,4,4,3.0,1,0,0,1,3,6,2019,14,25,17,40,3,6015.0
2105,2105,2,2,3.0,0,0,1,1,9,3,2019,23,25,2,10,2,5615.0
2106,2106,4,4,1.0,0,0,1,1,27,3,2019,19,0,1,35,6,7845.0
2107,2107,3,3,1.0,0,1,0,0,9,6,2019,21,10,22,35,25,10844.0
2108,2108,2,2,1.0,0,1,0,1,15,3,2019,21,25,5,5,7,27210.0
2109,2109,3,3,3.0,1,0,0,1,6,4,2019,14,25,16,55,2,4174.0
2110,2110,4,4,1.0,0,0,1,1,21,3,2019,8,0,21,0,13,6883.0
2111,2111,4,4,1.0,0,0,1,1,21,3,2019,9,0,21,0,12,6883.0
2112,2112,3,3,1.0,0,1,0,1,21,5,2019,10,20,17,35,7,8355.0
2113,2113,2,2,3.0,0,0,1,0,24,3,2019,20,30,23,20,2,5469.0
2114,2114,2,2,3.0,0,1,0,0,27,6,2019,6,0,8,45,2,6478.0
2115,2115,2,2,3.0,0,0,1,1,3,3,2019,19,40,22,20,2,11913.0
2116,2116,4,4,1.0,1,0,0,1,21,5,2019,18,35,1,30,6,7006.0
2117,2117,3,3,1.0,0,1,0,1,1,4,2019,16,30,22,35,6,12681.0
2118,2118,4,4,2.0,0,1,0,1,21,5,2019,23,5,19,0,19,15129.0
2119,2119,4,4,1.0,0,0,1,1,15,6,2019,14,0,21,0,7,13587.0
2120,2120,4,4,1.0,0,1,0,1,1,6,2019,19,15,19,0,23,14714.0
2121,2121,2,2,1.0,1,0,0,1,3,3,2019,7,30,12,20,4,6220.0
2122,2122,4,4,1.0,0,1,0,0,6,6,2019,7,5,12,35,5,10262.0
2123,2123,3,3,1.0,0,0,0,1,12,5,2019,9,25,18,30,9,8576.0
2124,2124,3,3,1.0,0,1,0,0,24,3,2019,19,45,20,40,24,10031.0
2125,2125,4,4,2.0,0,1,0,1,24,6,2019,19,10,19,0,23,12819.0
2126,2126,4,4,1.0,0,0,1,1,15,4,2019,7,25,13,35,6,5052.0
2127,2127,2,2,1.0,0,1,0,1,1,3,2019,8,0,8,15,24,22270.0
2128,2128,2,2,3.0,0,0,1,1,27,4,2019,7,0,9,40,2,5613.0
2129,2129,3,3,3.0,0,0,1,1,1,4,2019,9,0,11,25,2,3873.0
2130,2130,4,4,3.0,1,0,0,1,15,5,2019,5,35,8,50,3,6015.0
2131,2131,3,3,1.0,0,1,0,0,9,6,2019,6,30,12,0,5,10844.0
2132,2132,1,1,3.0,0,0,1,1,12,5,2019,13,15,14,45,1,2227.0
2133,2133,2,2,3.0,0,1,0,1,1,4,2019,19,50,22,50,3,7229.0
2134,2134,4,4,2.0,0,1,0,0,6,6,2019,5,30,19,0,13,10368.0
2135,2135,4,4,1.0,0,1,0,0,21,5,2019,17,30,4,25,10,12898.0
2136,2136,4,4,1.0,0,0,1,1,12,6,2019,7,0,19,0,12,12192.0
2137,2137,3,3,1.0,0,1,0,1,9,5,2019,9,35,23,35,14,12121.0
2138,2138,4,4,2.0,0,0,0,1,27,5,2019,6,50,7,40,24,16163.0
2139,2139,2,2,1.0,0,1,0,1,18,3,2019,5,45,18,25,12,12284.0
2140,2140,2,2,3.0,1,0,0,1,21,6,2019,19,30,22,15,2,5780.0
2141,2141,1,1,3.0,0,1,0,0,9,5,2019,10,20,11,50,1,4995.0
2142,2142,4,4,1.0,1,0,0,1,9,6,2019,5,10,10,5,4,6496.0
2143,2143,4,4,2.0,0,0,0,1,12,6,2019,12,20,19,15,30,12488.0
2144,2144,2,2,3.0,1,0,0,1,15,5,2019,7,10,10,5,2,4823.0
2145,2145,1,1,3.0,0,0,1,0,18,6,2019,5,45,7,15,1,2647.0
2146,2146,2,2,3.0,1,0,0,1,3,3,2019,13,0,15,50,2,12649.0
2147,2147,4,4,1.0,0,0,1,1,12,6,2019,11,40,19,15,7,8266.0
2148,2148,4,4,3.0,0,0,1,1,15,5,2019,6,0,9,10,3,6216.0
2149,2149,2,2,3.0,1,0,0,1,1,4,2019,1,30,4,15,2,4423.0
2150,2150,2,2,1.0,0,1,0,1,6,3,2019,8,0,8,15,24,17996.0
2151,2151,4,4,1.0,0,0,1,0,15,4,2019,8,45,13,15,4,5726.0
2152,2152,4,4,1.0,0,0,1,1,6,3,2019,6,0,15,30,9,15147.0
2153,2153,4,4,1.0,0,1,0,1,18,5,2019,20,55,19,0,22,15554.0
2154,2154,4,4,2.0,0,1,0,1,24,6,2019,23,5,4,25,29,12819.0
2155,2155,4,4,1.0,0,0,1,1,27,6,2019,18,0,1,30,7,7198.0
2156,2156,4,4,1.0,1,0,0,1,3,4,2019,16,0,21,0,5,5073.0
2157,2157,2,2,3.0,1,0,0,1,27,6,2019,21,15,0,15,3,3943.0
2158,2158,1,1,3.0,0,1,0,0,27,3,2019,7,10,8,35,1,3205.0
2159,2159,2,2,3.0,0,0,1,0,12,5,2019,5,55,8,35,2,3257.0
2160,2160,3,3,3.0,1,0,0,1,3,6,2019,22,15,0,50,2,4804.0
2161,2161,2,2,1.0,1,0,0,1,9,3,2019,16,50,21,35,4,10231.0
2162,2162,4,4,1.0,0,1,0,0,21,5,2019,20,55,4,25,7,12898.0
2163,2163,1,1,3.0,1,0,0,1,21,3,2019,21,20,22,45,1,2227.0
2164,2164,3,3,2.0,0,0,0,1,1,4,2019,12,0,11,10,23,9258.0
2165,2165,3,3,1.0,0,1,0,0,24,5,2019,16,30,9,20,16,9663.0
2166,2166,1,1,3.0,0,1,0,1,21,5,2019,7,5,8,30,1,8040.0
2167,2167,2,2,3.0,0,0,1,1,6,6,2019,20,55,23,40,2,3419.0
2168,2168,2,2,3.0,0,1,0,1,1,6,2019,7,10,10,10,3,8016.0
2169,2169,2,2,3.0,0,1,0,1,6,4,2019,17,45,20,45,3,7229.0
2170,2170,4,4,1.0,0,0,1,1,6,6,2019,10,35,19,35,9,4959.0
2171,2171,3,3,2.0,0,0,0,1,9,6,2019,12,0,11,10,23,10151.0
2172,2172,4,4,0.0,0,0,0,1,18,5,2019,5,15,19,15,38,10703.0
2173,2173,3,3,1.0,0,1,0,0,9,6,2019,8,25,18,15,9,10844.0
2174,2174,4,4,1.0,1,0,0,1,6,3,2019,16,10,22,20,6,7205.0
2175,2175,2,2,1.0,0,1,0,1,18,3,2019,8,55,18,25,9,12284.0
2176,2176,3,3,1.0,0,1,0,0,9,6,2019,9,35,22,5,12,13994.0
2177,2177,4,4,3.0,1,0,0,1,15,4,2019,14,25,17,40,3,6015.0
2178,2178,3,3,1.0,1,0,0,1,3,4,2019,6,15,10,30,4,4226.0
2179,2179,4,4,2.0,0,1,0,1,21,3,2019,19,10,18,50,23,9483.0
2180,2180,2,2,3.0,0,1,0,0,15,5,2019,7,10,10,10,3,5198.0
2181,2181,4,4,2.0,0,1,0,0,27,6,2019,5,30,19,0,13,10368.0
2182,2182,0,0,3.0,0,0,1,1,3,6,2019,17,45,20,5,2,11982.0
2183,2183,2,2,1.0,0,0,0,1,15,3,2019,11,50,13,0,25,8032.0
2184,2184,3,3,3.0,0,0,0,1,15,5,2019,14,15,16,45,2,5510.0
2185,2185,4,4,1.0,1,0,0,1,9,5,2019,23,30,4,35,5,8177.0
2186,2186,4,4,1.0,0,0,1,1,1,6,2019,16,45,22,25,5,11410.0
2187,2187,4,4,1.0,0,0,1,1,21,3,2019,7,0,12,50,5,9385.0
2188,2188,4,4,1.0,0,1,0,0,6,6,2019,10,0,19,0,9,10262.0
2189,2189,3,3,3.0,0,0,1,1,18,6,2019,9,0,11,25,2,3873.0
2190,2190,4,4,1.0,0,0,1,1,21,3,2019,11,40,18,50,7,11999.0
2191,2191,4,4,2.0,0,1,0,1,27,6,2019,18,20,12,35,18,14300.0
2192,2192,1,1,3.0,0,0,1,0,12,5,2019,13,15,14,45,1,2175.0
2193,2193,4,4,2.0,0,0,0,1,9,5,2019,6,50,7,40,24,14431.0
2194,2194,2,2,3.0,0,1,0,1,21,5,2019,6,0,8,45,2,7229.0
2195,2195,3,3,1.0,1,0,0,1,24,5,2019,19,20,23,45,4,3809.0
2196,2196,4,4,1.0,0,0,1,1,24,6,2019,7,30,19,15,11,7354.0
2197,2197,4,4,1.0,0,0,1,1,27,3,2019,8,0,15,30,7,12537.0
2198,2198,4,4,1.0,0,0,0,1,27,5,2019,13,0,19,15,6,9719.0
2199,2199,1,1,3.0,0,1,0,1,24,5,2019,10,20,11,50,1,8040.0
2200,2200,1,1,3.0,0,1,0,0,24,5,2019,7,5,8,30,1,4995.0
2201,2201,2,2,3.0,1,0,0,1,6,4,2019,23,30,2,20,2,4591.0
2202,2202,3,3,1.0,0,0,0,1,6,6,2019,16,45,21,5,28,7662.0
2203,2203,0,0,3.0,1,0,0,1,24,6,2019,7,55,10,15,2,3850.0
2204,2204,4,4,1.0,1,0,0,1,3,6,2019,8,35,22,30,13,6442.0
2205,2205,4,4,1.0,1,0,0,1,3,6,2019,23,30,4,35,5,11378.0
2206,2206,4,4,1.0,0,0,1,1,27,6,2019,15,0,1,30,10,13377.0
2207,2207,3,3,1.0,0,1,0,0,21,5,2019,8,25,20,45,12,10844.0
2208,2208,1,1,3.0,0,1,0,0,9,5,2019,7,5,8,30,1,4995.0
2209,2209,4,4,2.0,0,0,0,1,27,3,2019,17,15,9,25,16,6057.0
2210,2210,2,2,3.0,0,0,0,1,6,4,2019,10,0,12,45,2,5176.0
2211,2211,4,4,2.0,0,1,0,1,9,6,2019,9,40,4,25,18,13014.0
2212,2212,2,2,1.0,1,0,0,0,1,3,2019,16,15,20,35,4,7917.0
2213,2213,4,4,1.0,0,0,1,1,9,6,2019,6,5,11,20,5,5583.0
2214,2214,2,2,3.0,0,1,0,1,9,4,2019,6,0,8,45,2,7229.0
2215,2215,4,4,1.0,1,0,0,1,18,5,2019,16,0,1,30,9,7191.0
2216,2216,1,1,3.0,0,1,0,0,12,6,2019,19,35,21,5,1,3210.0
2217,2217,4,4,1.0,1,0,0,1,6,3,2019,15,0,1,35,10,14871.0
2218,2218,4,4,1.0,0,0,1,1,15,5,2019,8,30,19,15,10,8099.0
2219,2219,3,3,1.0,0,0,0,1,21,5,2019,9,25,18,30,9,8366.0
2220,2220,0,0,3.0,1,0,0,1,9,3,2019,22,5,0,25,2,6297.0
2221,2221,4,4,1.0,0,0,1,1,3,3,2019,13,0,21,0,8,18286.0
2222,2222,4,4,1.0,0,1,0,1,6,3,2019,23,5,19,45,20,17024.0
2223,2223,2,2,3.0,0,1,0,0,24,4,2019,7,10,10,10,3,6144.0
2224,2224,4,4,1.0,0,0,1,1,9,3,2019,6,0,19,45,13,13941.0
2225,2225,2,2,3.0,0,1,0,0,9,5,2019,18,55,22,0,3,3702.0
2226,2226,4,4,1.0,0,0,1,1,15,5,2019,6,5,11,20,5,5583.0
2227,2227,1,1,1.0,0,0,0,1,12,3,2019,19,40,9,10,13,10208.0
2228,2228,3,3,1.0,0,1,0,0,6,5,2019,9,35,18,0,8,12384.0
2229,2229,3,3,2.0,0,0,0,1,6,5,2019,10,0,5,25,19,17049.0
2230,2230,4,4,1.0,1,0,0,1,24,5,2019,7,30,21,0,13,7006.0
2231,2231,3,3,2.0,0,0,0,1,12,6,2019,5,50,20,25,14,12723.0
2232,2232,4,4,1.0,0,1,0,0,12,6,2019,8,0,4,25,20,10577.0
2233,2233,2,2,1.0,0,1,0,1,6,3,2019,7,0,19,10,12,16736.0
2234,2234,4,4,1.0,0,1,0,0,24,6,2019,13,0,4,25,15,10262.0
2235,2235,4,4,1.0,0,0,1,1,24,6,2019,11,25,19,15,7,7155.0
2236,2236,4,4,1.0,0,0,1,1,3,3,2019,10,20,1,35,15,15147.0
2237,2237,2,2,3.0,1,0,0,1,12,6,2019,7,10,10,5,2,4823.0
2238,2238,2,2,1.0,0,0,0,1,15,3,2019,9,30,16,20,6,8714.0
2239,2239,3,3,1.0,0,1,0,1,6,5,2019,9,35,9,45,24,10953.0
2240,2240,3,3,1.0,0,0,0,1,12,6,2019,20,30,20,25,23,10203.0
2241,2241,4,4,1.0,0,1,0,0,18,5,2019,13,0,12,35,23,12373.0
2242,2242,3,3,1.0,0,1,0,1,12,5,2019,9,35,23,35,14,14151.0
2243,2243,3,3,1.0,0,1,0,1,24,5,2019,9,35,14,25,28,12121.0
2244,2244,4,4,3.0,0,0,1,1,9,4,2019,6,0,9,10,3,5586.0
2245,2245,3,3,1.0,0,1,0,0,18,5,2019,8,25,12,0,27,10844.0
2246,2246,3,3,1.0,0,1,0,0,21,5,2019,21,10,4,40,7,8586.0
2247,2247,4,4,1.0,0,0,1,1,6,6,2019,17,55,22,50,4,5409.0
2248,2248,4,4,2.0,0,0,1,1,21,3,2019,9,45,21,20,11,7178.0
2249,2249,4,4,1.0,0,0,1,0,24,6,2019,10,20,1,30,15,5797.0
2250,2250,3,3,1.0,0,1,0,1,24,3,2019,19,45,19,40,23,13759.0
2251,2251,3,3,2.0,0,0,0,1,24,5,2019,7,0,1,20,18,13873.0
2252,2252,4,4,1.0,0,1,0,1,21,5,2019,20,55,19,0,22,16079.0
2253,2253,1,1,3.0,0,0,1,1,27,6,2019,13,15,14,45,1,2017.0
2254,2254,3,3,1.0,0,1,0,0,18,5,2019,20,0,18,15,22,10844.0
2255,2255,2,2,3.0,0,0,1,0,24,4,2019,21,10,0,5,2,3573.0
2256,2256,3,3,1.0,0,1,0,0,6,5,2019,9,35,9,45,24,8066.0
2257,2257,4,4,1.0,0,1,0,0,9,3,2019,20,50,18,50,22,14053.0
2258,2258,2,2,1.0,0,1,0,1,18,3,2019,8,0,15,15,7,12284.0
2259,2259,4,4,1.0,0,0,1,1,9,4,2019,6,5,11,20,5,5351.0
2260,2260,3,3,1.0,0,1,0,0,1,4,2019,16,30,16,20,23,7064.0
2261,2261,4,4,1.0,1,0,0,1,3,3,2019,2,5,7,25,5,10394.0
2262,2262,3,3,1.0,0,1,0,0,15,5,2019,18,55,9,20,14,9663.0
2263,2263,4,4,1.0,0,0,1,1,18,5,2019,17,30,1,30,8,13727.0
2264,2264,4,4,1.0,0,1,0,0,12,6,2019,19,15,12,35,17,10262.0
2265,2265,2,2,3.0,1,0,0,1,9,4,2019,7,10,10,5,2,4823.0
2266,2266,2,2,3.0,0,0,1,1,3,3,2019,5,50,8,40,2,7074.0
2267,2267,4,4,1.0,0,0,1,1,6,3,2019,7,5,21,0,13,17267.0
2268,2268,4,4,1.0,0,0,1,1,21,5,2019,15,0,1,30,10,14067.0
2269,2269,2,2,3.0,1,0,0,1,1,5,2019,8,30,11,20,2,4823.0
2270,2270,2,2,3.0,1,0,0,1,27,4,2019,20,0,22,50,2,4823.0
2271,2271,2,2,3.0,0,0,1,1,12,5,2019,23,55,2,45,2,4483.0
2272,2272,3,3,2.0,0,0,0,1,6,6,2019,9,50,23,15,13,14960.0
2273,2273,2,2,3.0,0,0,0,1,1,6,2019,17,0,19,45,2,7171.0
2274,2274,3,3,1.0,0,0,0,1,24,3,2019,20,30,8,55,12,12173.0
2275,2275,2,2,1.0,0,0,0,1,3,3,2019,0,30,8,45,8,11392.0
2276,2276,3,3,2.0,0,0,0,1,15,5,2019,10,0,13,45,27,16057.0
2277,2277,3,3,1.0,0,1,0,1,9,6,2019,17,0,10,55,17,14151.0
2278,2278,2,2,3.0,0,1,0,0,21,5,2019,11,10,14,5,2,4030.0
2279,2279,3,3,1.0,1,0,0,1,6,5,2019,19,35,23,15,3,4226.0
2280,2280,4,4,1.0,0,0,0,1,9,3,2019,4,0,19,15,15,11050.0
2281,2281,2,2,3.0,0,0,0,1,21,5,2019,10,0,12,45,2,6961.0
2282,2282,3,3,1.0,0,1,0,1,24,3,2019,21,10,9,15,12,14231.0
2283,2283,4,4,2.0,0,1,0,0,27,6,2019,14,35,12,35,22,10919.0
2284,2284,4,4,2.0,0,0,0,1,27,3,2019,7,0,19,15,12,10913.0
2285,2285,0,0,3.0,1,0,0,1,27,6,2019,22,5,0,25,2,5277.0
2286,2286,4,4,1.0,0,0,1,1,21,5,2019,10,20,21,0,10,7485.0
2287,2287,3,3,1.0,0,1,0,1,24,3,2019,16,55,16,20,23,14231.0
2288,2288,4,4,1.0,0,0,1,1,6,4,2019,7,25,13,35,6,4201.0
2289,2289,4,4,3.0,0,0,0,1,6,3,2019,14,10,17,10,3,7931.0
2290,2290,4,4,1.0,0,0,1,1,15,5,2019,14,55,22,30,7,6513.0
2291,2291,4,4,1.0,0,1,0,1,6,6,2019,15,0,19,0,28,14714.0
2292,2292,3,3,1.0,1,0,0,1,9,5,2019,18,5,23,30,5,6218.0
2293,2293,4,4,2.0,0,0,0,1,27,6,2019,12,0,19,15,7,8603.0
2294,2294,4,4,1.0,1,0,0,1,21,5,2019,8,30,21,0,12,7318.0
2295,2295,4,4,1.0,0,0,1,1,15,6,2019,10,0,19,0,9,13504.0
2296,2296,4,4,1.0,0,0,1,1,15,5,2019,7,5,22,30,15,9646.0
2297,2297,3,3,3.0,1,0,0,1,27,5,2019,11,30,14,5,2,5224.0
2298,2298,3,3,1.0,0,1,0,1,12,6,2019,9,35,18,0,8,12692.0
2299,2299,3,3,1.0,0,1,0,0,6,6,2019,10,20,17,35,7,9689.0
2300,2300,3,3,2.0,0,0,0,1,9,5,2019,10,0,1,20,15,13033.0
2301,2301,3,3,1.0,0,1,0,1,12,6,2019,6,30,16,20,9,13626.0
2302,2302,1,1,3.0,1,0,0,1,18,5,2019,19,5,20,35,1,2754.0
2303,2303,3,3,1.0,0,1,0,1,9,5,2019,17,0,9,45,16,12121.0
2304,2304,2,2,3.0,1,0,0,1,24,4,2019,1,30,4,15,2,3419.0
2305,2305,3,3,2.0,0,0,0,1,21,5,2019,10,0,1,20,15,13033.0
2306,2306,3,3,3.0,1,0,0,1,6,4,2019,4,40,7,15,2,4174.0
2307,2307,4,4,1.0,0,0,1,1,27,6,2019,7,55,22,25,14,6152.0
2308,2308,4,4,3.0,0,0,0,1,27,6,2019,5,10,8,0,2,5201.0
2309,2309,2,2,1.0,0,1,0,0,15,3,2019,7,0,16,10,9,9134.0
2310,2310,3,3,2.0,0,0,0,1,18,5,2019,7,0,1,20,18,13243.0
2311,2311,4,4,2.0,0,1,0,1,27,5,2019,5,30,4,25,22,15129.0
2312,2312,1,1,3.0,0,1,0,0,9,5,2019,19,35,21,5,1,2759.0
2313,2313,2,2,3.0,1,0,0,1,15,5,2019,6,5,8,50,2,4423.0
2314,2314,3,3,1.0,0,0,1,1,18,5,2019,7,10,22,40,15,9187.0
2315,2315,4,4,1.0,0,0,1,1,18,5,2019,7,10,22,30,15,7740.0
2316,2316,2,2,3.0,0,1,0,0,24,5,2019,19,50,22,50,3,6144.0
2317,2317,4,4,1.0,0,0,1,1,9,6,2019,4,55,12,35,7,10877.0
2318,2318,4,4,1.0,1,0,0,1,15,6,2019,11,55,22,30,10,6442.0
2319,2319,4,4,1.0,1,0,0,1,27,3,2019,4,45,15,30,10,7048.0
2320,2320,4,4,1.0,0,0,1,0,27,6,2019,15,15,1,30,10,5797.0
2321,2321,2,2,2.0,0,0,0,1,3,3,2019,6,45,23,55,17,10573.0
2322,2322,4,4,1.0,1,0,0,1,15,5,2019,8,30,21,0,12,7503.0
2323,2323,4,4,1.0,1,0,0,1,12,6,2019,17,30,1,30,8,6104.0
2324,2324,3,3,1.0,0,1,0,0,9,5,2019,21,10,8,15,11,9663.0
2325,2325,2,2,3.0,0,1,0,0,3,6,2019,11,10,14,5,2,5769.0
2326,2326,1,1,3.0,0,0,0,1,15,6,2019,13,55,15,25,1,3100.0
2327,2327,4,4,1.0,0,1,0,0,18,5,2019,17,30,4,25,10,12373.0
2328,2328,3,3,3.0,0,0,1,0,15,3,2019,9,0,11,30,2,3815.0
2329,2329,4,4,2.0,0,1,0,1,15,6,2019,12,15,12,35,24,14300.0
2330,2330,2,2,3.0,1,0,0,1,1,6,2019,7,10,10,5,2,4823.0
2331,2331,1,1,3.0,1,0,0,1,18,6,2019,19,5,20,35,1,2754.0
2332,2332,4,4,1.0,0,0,1,1,3,6,2019,6,0,19,15,13,9736.0
2333,2333,2,2,1.0,0,1,0,0,21,3,2019,9,45,14,25,4,7280.0
2334,2334,4,4,1.0,0,0,1,1,9,6,2019,8,0,21,0,13,7408.0
2335,2335,3,3,1.0,0,1,0,1,12,6,2019,20,0,12,0,16,13044.0
2336,2336,3,3,2.0,0,0,0,1,24,5,2019,5,50,23,15,17,12723.0
2337,2337,3,3,1.0,0,1,0,0,6,5,2019,16,30,4,40,12,8586.0
2338,2338,4,4,1.0,1,0,0,1,12,6,2019,16,0,1,30,9,6316.0
2339,2339,4,4,1.0,0,1,0,1,9,5,2019,9,0,19,0,10,15554.0
2340,2340,1,1,3.0,0,0,1,0,15,3,2019,13,10,14,30,1,2385.0
2341,2341,4,4,1.0,0,0,1,1,9,6,2019,13,0,21,0,8,13587.0
2342,2342,4,4,1.0,1,0,0,1,3,3,2019,2,35,8,30,5,13790.0
2343,2343,4,4,2.0,0,0,0,1,15,5,2019,9,45,9,25,23,10975.0
2344,2344,3,3,1.0,0,1,0,1,21,5,2019,8,25,9,20,24,14388.0
2345,2345,4,4,1.0,0,0,1,1,6,6,2019,18,0,1,30,7,7198.0
2346,2346,4,4,2.0,0,1,0,0,9,5,2019,9,40,12,35,26,13029.0
2347,2347,4,4,1.0,0,0,1,0,27,5,2019,7,5,19,15,12,12717.0
2348,2348,4,4,1.0,1,0,0,1,3,3,2019,6,40,13,20,6,14871.0
2349,2349,3,3,2.0,0,1,0,0,6,6,2019,6,30,20,50,14,10118.0
2350,2350,4,4,1.0,0,1,0,0,6,6,2019,22,50,4,25,5,10262.0
2351,2351,1,1,3.0,0,1,0,0,24,3,2019,2,55,4,25,1,2071.0
2352,2352,2,2,3.0,0,0,0,1,27,4,2019,21,5,23,55,2,5228.0
2353,2353,2,2,1.0,0,1,0,0,21,3,2019,16,55,11,25,18,7832.0
2354,2354,4,4,1.0,0,0,1,1,6,6,2019,11,40,21,0,9,7005.0
2355,2355,4,4,2.0,0,1,0,1,9,6,2019,18,25,12,35,18,14237.0
2356,2356,2,2,3.0,0,0,1,1,6,4,2019,21,10,0,5,2,3971.0
2357,2357,2,2,3.0,1,0,0,1,21,6,2019,22,10,1,0,2,3943.0
2358,2358,4,4,1.0,1,0,0,1,27,3,2019,6,40,15,30,8,8574.0
2359,2359,4,4,2.0,0,0,0,1,15,6,2019,5,55,19,15,13,12646.0
2360,2360,4,4,2.0,0,1,0,1,21,3,2019,13,0,18,50,29,13082.0
2361,2361,3,3,1.0,0,1,0,1,21,5,2019,8,25,8,15,23,13941.0
2362,2362,4,4,1.0,0,0,1,1,6,4,2019,7,0,12,55,5,5135.0
2363,2363,3,3,1.0,0,0,0,1,21,5,2019,10,0,20,25,10,11096.0
2364,2364,2,2,1.0,0,1,0,1,18,3,2019,22,50,9,30,10,13555.0
2365,2365,2,2,3.0,0,0,1,1,12,4,2019,9,45,12,35,2,5403.0
2366,2366,4,4,2.0,0,1,0,0,24,6,2019,11,40,19,0,7,15812.0
2367,2367,3,3,1.0,0,1,0,1,21,5,2019,20,0,8,15,12,14781.0
2368,2368,4,4,1.0,0,0,0,1,6,6,2019,13,30,23,0,9,8907.0
2369,2369,3,3,3.0,0,0,0,1,3,5,2019,20,45,23,20,2,4145.0
2370,2370,3,3,1.0,0,1,0,1,9,6,2019,20,25,9,45,13,14151.0
2371,2371,4,4,1.0,0,0,1,1,27,3,2019,6,0,15,30,9,7845.0
2372,2372,4,4,1.0,0,0,1,1,15,5,2019,9,15,19,15,10,8099.0
2373,2373,4,4,1.0,0,0,1,1,27,5,2019,15,0,1,30,10,13377.0
2374,2374,2,2,2.0,0,0,0,1,12,3,2019,6,50,11,20,28,12734.0
2375,2375,4,4,1.0,0,1,0,0,3,6,2019,22,50,4,25,5,10262.0
2376,2376,2,2,3.0,0,1,0,1,15,5,2019,18,55,22,0,3,7229.0
2377,2377,1,1,1.0,0,0,1,1,6,3,2019,8,45,9,25,24,12395.0
2378,2378,3,3,1.0,0,1,0,0,24,3,2019,19,45,9,15,13,11134.0
2379,2379,4,4,1.0,0,1,0,0,21,3,2019,13,0,18,50,5,6540.0
2380,2380,4,4,1.0,0,0,1,1,6,6,2019,6,40,19,15,12,7354.0
2381,2381,4,4,2.0,0,0,0,1,24,6,2019,12,0,7,40,19,9548.0
2382,2382,3,3,1.0,0,0,1,1,1,5,2019,7,10,10,45,27,9187.0
2383,2383,4,4,1.0,1,0,0,1,9,5,2019,7,35,12,10,4,5054.0
2384,2384,3,3,1.0,0,0,0,1,9,6,2019,10,0,20,25,10,10413.0
2385,2385,3,3,3.0,1,0,0,1,27,5,2019,21,25,0,5,2,4804.0
2386,2386,1,1,3.0,1,0,0,1,15,6,2019,6,25,7,55,1,4049.0
2387,2387,4,4,1.0,0,0,1,1,27,6,2019,19,0,1,30,6,6795.0
2388,2388,3,3,3.0,0,0,0,1,21,3,2019,20,45,23,20,2,4435.0
2389,2389,3,3,1.0,0,1,0,0,12,6,2019,16,30,4,40,12,6224.0
2390,2390,3,3,3.0,1,0,0,1,12,6,2019,20,20,22,55,2,4804.0
2391,2391,4,4,1.0,1,0,0,1,15,4,2019,5,5,16,10,11,6171.0
2392,2392,4,4,1.0,1,0,0,1,3,6,2019,11,25,21,0,9,6093.0
2393,2393,3,3,3.0,1,0,0,1,12,4,2019,17,15,19,50,2,4174.0
2394,2394,1,1,3.0,1,0,0,1,6,5,2019,2,35,4,5,1,3342.0
2395,2395,4,4,1.0,0,0,1,1,3,6,2019,10,0,21,0,11,13587.0
2396,2396,4,4,1.0,0,1,0,1,21,5,2019,21,50,4,25,6,16079.0
2397,2397,4,4,3.0,1,0,0,1,18,4,2019,5,35,8,50,3,6015.0
2398,2398,3,3,1.0,0,1,0,1,24,5,2019,17,0,19,10,26,13067.0
2399,2399,4,4,1.0,0,0,1,1,15,5,2019,4,55,12,35,7,9103.0
2400,2400,3,3,1.0,0,1,0,1,24,5,2019,20,25,23,35,27,14151.0
2401,2401,4,4,2.0,0,1,0,1,27,3,2019,6,20,18,50,12,11538.0
2402,2402,4,4,2.0,1,0,0,1,9,3,2019,8,35,21,20,12,8146.0
2403,2403,3,3,1.0,0,0,0,1,6,5,2019,19,0,4,40,9,6117.0
2404,2404,4,4,1.0,0,1,0,1,3,3,2019,2,15,4,25,26,17024.0
2405,2405,2,2,1.0,0,1,0,0,1,3,2019,14,5,7,40,17,22270.0
2406,2406,3,3,1.0,0,1,0,1,9,6,2019,20,25,21,5,24,12692.0
2407,2407,3,3,1.0,0,0,1,1,12,6,2019,7,10,20,20,13,8610.0
2408,2408,4,4,1.0,0,0,1,1,24,6,2019,7,10,22,30,15,6723.0
2409,2409,2,2,3.0,0,0,1,1,12,5,2019,17,0,19,35,2,4878.0
2410,2410,2,2,1.0,0,1,0,1,6,3,2019,20,35,7,40,11,16736.0
2411,2411,3,3,1.0,0,1,0,0,24,3,2019,13,55,9,15,19,11134.0
2412,2412,2,2,3.0,1,0,0,1,3,5,2019,4,0,6,50,2,3943.0
2413,2413,4,4,1.0,0,0,1,1,12,6,2019,9,0,21,0,12,13587.0
2414,2414,4,4,2.0,0,1,0,1,6,3,2019,5,25,4,25,23,16914.0
2415,2415,1,1,3.0,0,0,1,0,18,5,2019,22,45,0,15,1,1965.0
2416,2416,4,4,1.0,0,0,1,1,9,5,2019,13,0,21,0,8,8073.0
2417,2417,2,2,3.0,1,0,0,1,3,6,2019,13,0,15,50,2,3943.0
2418,2418,3,3,1.0,1,0,0,1,12,5,2019,15,15,20,5,4,5170.0
2419,2419,2,2,3.0,0,0,1,1,15,5,2019,11,40,14,30,2,3398.0
2420,2420,3,3,3.0,0,0,1,1,18,4,2019,10,20,12,55,2,4409.0
2421,2421,2,2,3.0,0,1,0,1,21,6,2019,17,45,20,45,3,8541.0
2422,2422,2,2,3.0,1,0,0,1,21,3,2019,4,0,6,50,2,4777.0
2423,2423,3,3,3.0,0,0,1,1,18,3,2019,22,20,0,40,2,3847.0
2424,2424,3,3,1.0,0,1,0,0,1,4,2019,18,55,12,0,17,7064.0
2425,2425,2,2,3.0,0,0,1,1,27,5,2019,21,0,23,50,2,4668.0
2426,2426,1,1,3.0,0,0,1,0,18,3,2019,22,45,0,10,1,1965.0
2427,2427,3,3,1.0,0,1,0,1,21,5,2019,6,30,16,20,9,14781.0
2428,2428,1,1,3.0,1,0,0,1,15,6,2019,9,10,10,40,1,4049.0
2429,2429,3,3,1.0,0,1,0,1,18,5,2019,18,55,8,15,13,13584.0
2430,2430,4,4,1.0,0,1,0,0,18,5,2019,20,55,12,35,15,12373.0
2431,2431,4,4,1.0,0,1,0,1,27,5,2019,16,0,19,0,27,16079.0
2432,2432,2,2,3.0,0,1,0,1,24,5,2019,8,20,11,20,3,7229.0
2433,2433,2,2,1.0,0,1,0,1,6,3,2019,21,25,21,20,23,17471.0
2434,2434,3,3,1.0,0,1,0,1,12,5,2019,6,30,16,20,9,14781.0
2435,2435,3,3,1.0,0,1,0,1,9,6,2019,6,30,19,50,13,14571.0
2436,2436,4,4,1.0,0,0,1,1,18,5,2019,3,50,12,35,8,10197.0
2437,2437,4,4,1.0,0,0,1,1,1,6,2019,17,55,22,50,4,5975.0
2438,2438,4,4,1.0,0,0,1,1,9,4,2019,17,45,1,30,7,8535.0
2439,2439,4,4,1.0,0,0,1,1,27,3,2019,9,55,21,0,11,12537.0
2440,2440,3,3,3.0,0,0,0,1,24,5,2019,20,45,23,20,2,4145.0
2441,2441,1,1,3.0,1,0,0,1,15,3,2019,9,10,10,40,1,4049.0
2442,2442,3,3,1.0,0,0,1,1,9,5,2019,22,40,10,40,12,5192.0
2443,2443,2,2,3.0,0,0,0,1,9,5,2019,21,5,23,55,2,6121.0
2444,2444,4,4,1.0,0,0,0,1,24,6,2019,3,50,19,15,15,8669.0
2445,2445,4,4,1.0,0,0,1,1,18,5,2019,6,0,19,15,13,8476.0
2446,2446,1,1,3.0,0,0,1,0,21,6,2019,5,45,7,15,1,2647.0
2447,2447,4,4,1.0,0,1,0,1,6,6,2019,20,55,19,0,22,14714.0
2448,2448,4,4,1.0,0,0,0,1,6,3,2019,20,30,8,15,11,10566.0
2449,2449,4,4,1.0,0,1,0,0,15,6,2019,11,30,19,0,7,10262.0
2450,2450,4,4,1.0,0,0,1,1,21,3,2019,10,0,1,35,15,8098.0
2451,2451,4,4,1.0,0,0,1,1,27,3,2019,10,0,21,0,11,6883.0
2452,2452,4,4,1.0,0,0,1,1,15,6,2019,10,0,19,15,9,16108.0
2453,2453,3,3,3.0,0,0,1,0,18,3,2019,17,15,19,45,2,4413.0
2454,2454,4,4,2.0,0,1,0,0,1,6,2019,14,35,12,35,22,10919.0
2455,2455,3,3,3.0,1,0,0,1,9,5,2019,21,25,0,5,2,4804.0
2456,2456,3,3,1.0,0,1,0,0,6,6,2019,20,25,10,55,14,10539.0
2457,2457,2,2,3.0,1,0,0,1,9,3,2019,22,20,1,10,2,4377.0
2458,2458,2,2,3.0,0,0,0,1,6,6,2019,6,10,8,55,2,6961.0
2459,2459,4,4,1.0,0,0,1,1,27,5,2019,13,0,21,0,8,7408.0
2460,2460,2,2,3.0,1,0,0,1,9,5,2019,18,55,21,50,2,4823.0
2461,2461,3,3,3.0,1,0,0,1,21,3,2019,14,20,16,55,2,5198.0
2462,2462,4,4,1.0,0,1,0,0,1,6,2019,17,30,19,0,25,10262.0
2463,2463,2,2,3.0,0,0,1,1,27,4,2019,17,0,19,35,2,5613.0
2464,2464,4,4,1.0,0,1,0,0,12,6,2019,20,55,4,25,7,10262.0
2465,2465,1,1,3.0,1,0,0,1,3,5,2019,9,10,10,40,1,5755.0
2466,2466,0,0,3.0,0,0,1,1,21,5,2019,7,5,9,20,2,3687.0
2467,2467,1,1,3.0,0,1,0,1,3,6,2019,19,35,21,5,1,5678.0
2468,2468,4,4,1.0,0,0,1,1,21,3,2019,18,15,1,35,7,13542.0
2469,2469,4,4,1.0,0,1,0,1,21,3,2019,19,15,18,50,23,12347.0
2470,2470,3,3,1.0,0,1,0,0,21,5,2019,9,35,19,10,9,12384.0
2471,2471,4,4,2.0,0,1,0,1,9,4,2019,5,30,4,25,22,10909.0
2472,2472,2,2,3.0,1,0,0,1,3,6,2019,16,55,19,55,3,4823.0
2473,2473,4,4,1.0,1,0,0,1,12,6,2019,16,0,21,0,5,6069.0
2474,2474,4,4,1.0,0,1,0,0,21,5,2019,16,0,19,0,27,12898.0
2475,2475,3,3,3.0,1,0,0,1,15,6,2019,4,40,7,15,2,4804.0
2476,2476,3,3,1.0,0,1,0,0,24,3,2019,8,25,4,45,20,10031.0
2477,2477,4,4,1.0,1,0,0,1,9,6,2019,7,35,22,30,14,6442.0
2478,2478,4,4,2.0,0,0,0,1,21,5,2019,12,0,7,40,19,9653.0
2479,2479,3,3,1.0,0,0,1,1,9,6,2019,17,0,20,20,27,8610.0
2480,2480,4,4,1.0,0,1,0,1,12,6,2019,14,0,19,0,5,14714.0
2481,2481,2,2,1.0,0,0,0,0,1,3,2019,0,30,23,55,23,12599.0
2482,2482,4,4,1.0,0,0,1,1,9,5,2019,4,55,19,0,14,9103.0
2483,2483,4,4,1.0,0,1,0,0,21,5,2019,22,50,4,25,5,12898.0
2484,2484,1,1,3.0,0,0,1,0,6,6,2019,5,45,7,15,1,2647.0
2485,2485,1,1,3.0,0,1,0,1,3,3,2019,7,10,8,35,1,5678.0
2486,2486,4,4,1.0,0,1,0,0,18,5,2019,19,15,12,35,17,12373.0
2487,2487,3,3,3.0,0,0,1,1,27,3,2019,17,15,19,45,2,3847.0
2488,2488,3,3,1.0,0,1,0,1,21,5,2019,17,0,18,0,25,14151.0
2489,2489,4,4,1.0,0,1,0,0,6,3,2019,8,0,4,25,20,13843.0
2490,2490,2,2,3.0,0,1,0,1,18,5,2019,15,15,18,10,2,7229.0
2491,2491,1,1,3.0,0,1,0,0,18,6,2019,2,55,4,20,1,4995.0
2492,2492,4,4,1.0,0,1,0,0,6,6,2019,20,55,4,25,7,10262.0
2493,2493,4,4,2.0,0,1,0,0,9,5,2019,5,30,4,25,22,13029.0
2494,2494,4,4,1.0,0,1,0,0,9,3,2019,19,15,4,25,9,14053.0
2495,2495,2,2,1.0,0,1,0,0,1,3,2019,16,55,7,40,14,26890.0
2496,2496,3,3,3.0,0,0,1,0,1,4,2019,17,10,19,40,2,3841.0
2497,2497,2,2,1.0,0,0,0,1,1,3,2019,10,30,22,55,12,11003.0
2498,2498,2,2,3.0,0,0,1,1,9,4,2019,11,30,14,20,2,5403.0
2499,2499,4,4,1.0,0,0,1,1,3,3,2019,8,0,18,50,10,15342.0
2500,2500,3,3,2.0,0,0,0,1,12,6,2019,20,30,13,45,17,12224.0
2501,2501,0,0,3.0,1,0,0,1,15,3,2019,19,35,21,55,2,6297.0
2502,2502,3,3,1.0,0,0,1,1,1,5,2019,15,55,21,25,5,8844.0
2503,2503,4,4,1.0,0,0,1,1,1,6,2019,14,0,1,30,11,13377.0
2504,2504,2,2,3.0,0,0,1,1,9,3,2019,20,55,23,50,2,5706.0
2505,2505,4,4,1.0,0,0,0,1,12,6,2019,21,0,7,40,10,8372.0
2506,2506,4,4,1.0,1,0,0,1,27,5,2019,6,40,21,0,14,6526.0
2507,2507,2,2,3.0,1,0,0,1,1,6,2019,16,55,19,45,2,4823.0
2508,2508,1,1,3.0,1,0,0,1,24,6,2019,16,55,18,25,1,3175.0
2509,2509,4,4,1.0,0,0,1,1,6,5,2019,9,0,19,0,10,10407.0
2510,2510,2,2,3.0,1,0,0,1,18,4,2019,4,0,6,50,2,4423.0
2511,2511,3,3,1.0,0,0,1,1,9,5,2019,17,0,20,20,27,9555.0
2512,2512,3,3,1.0,0,1,0,1,1,4,2019,16,30,16,20,23,12681.0
2513,2513,3,3,1.0,0,1,0,1,6,6,2019,14,5,4,40,14,13059.0
2514,2514,3,3,1.0,0,1,0,0,9,5,2019,16,30,10,5,17,8586.0
2515,2515,2,2,3.0,0,0,1,1,6,4,2019,20,55,23,40,2,3419.0
2516,2516,3,3,3.0,0,0,1,1,3,6,2019,17,10,19,40,2,3873.0
2517,2517,3,3,1.0,0,0,0,1,6,6,2019,10,0,20,25,10,10203.0
2518,2518,4,4,2.0,0,1,0,0,27,5,2019,19,30,4,25,8,13029.0
2519,2519,3,3,1.0,0,1,0,0,15,5,2019,16,30,22,35,6,10844.0
2520,2520,3,3,1.0,0,1,0,0,24,3,2019,18,55,8,10,13,11134.0
2521,2521,3,3,1.0,0,0,1,1,12,6,2019,20,20,18,50,22,8610.0
2522,2522,3,3,3.0,1,0,0,1,15,4,2019,20,20,22,55,2,4174.0
2523,2523,2,2,1.0,0,1,0,0,9,3,2019,8,0,9,30,25,11087.0
2524,2524,2,2,3.0,0,0,1,1,18,6,2019,21,10,0,5,2,3971.0
2525,2525,4,4,1.0,0,1,0,1,9,4,2019,7,5,19,0,11,17531.0
2526,2526,2,2,3.0,0,0,1,0,6,6,2019,5,55,8,35,2,3573.0
2527,2527,3,3,1.0,0,0,0,1,1,5,2019,9,25,7,55,22,8366.0
2528,2528,3,3,3.0,0,0,0,1,3,3,2019,14,15,16,45,2,13885.0
2529,2529,4,4,2.0,0,0,1,1,9,6,2019,17,50,1,30,7,18485.0
2530,2530,3,3,3.0,0,0,1,1,27,4,2019,19,55,22,25,2,4409.0
2531,2531,3,3,1.0,0,0,1,1,1,5,2019,20,20,23,25,27,8085.0
2532,2532,4,4,1.0,0,0,1,1,6,6,2019,17,30,1,30,8,13377.0
2533,2533,4,4,2.0,0,0,0,1,21,5,2019,13,20,7,40,18,13538.0
2534,2534,4,4,1.0,0,0,1,1,6,3,2019,19,0,1,35,6,15147.0
2535,2535,2,2,3.0,0,1,0,0,27,5,2019,11,10,14,5,2,4030.0
2536,2536,4,4,1.0,0,0,1,1,6,6,2019,8,0,19,15,11,14848.0
2537,2537,2,2,1.0,0,1,0,1,18,3,2019,22,50,8,15,9,13555.0
2538,2538,4,4,2.0,0,0,0,1,18,5,2019,7,5,9,25,26,10975.0
2539,2539,4,4,2.0,0,1,0,0,21,5,2019,9,40,12,35,26,13029.0
2540,2540,3,3,1.0,0,1,0,0,12,5,2019,8,25,9,20,24,9663.0
2541,2541,1,1,3.0,0,1,0,0,1,6,2019,10,20,11,50,1,4050.0
2542,2542,4,4,1.0,0,1,0,1,3,6,2019,17,30,4,25,10,14714.0
2543,2543,2,2,2.0,0,0,0,1,1,3,2019,10,30,21,25,10,11213.0
2544,2544,2,2,3.0,0,1,0,0,9,4,2019,6,0,8,45,2,4544.0
2545,2545,3,3,3.0,0,0,1,1,15,6,2019,9,0,11,25,2,3873.0
2546,2546,4,4,1.0,0,0,1,1,9,4,2019,13,0,21,0,8,12537.0
2547,2547,3,3,1.0,0,1,0,1,6,5,2019,9,35,19,10,9,13067.0
2548,2548,4,4,2.0,0,1,0,1,9,5,2019,23,5,4,25,29,16704.0
2549,2549,2,2,1.0,0,0,0,1,15,3,2019,6,45,12,15,5,8714.0
2550,2550,4,4,2.0,0,1,0,1,3,6,2019,14,35,12,35,22,13376.0
2551,2551,0,0,3.0,0,0,1,1,27,6,2019,8,20,10,35,2,3597.0
2552,2552,4,4,1.0,0,0,1,1,18,5,2019,12,50,1,30,12,7670.0
2553,2553,3,3,2.0,0,0,0,1,24,3,2019,9,50,23,15,37,14410.0
2554,2554,4,4,1.0,0,0,0,1,15,5,2019,9,45,9,25,23,7480.0
2555,2555,3,3,1.0,0,1,0,1,9,5,2019,20,0,18,15,22,13584.0
2556,2556,2,2,1.0,0,1,0,0,1,3,2019,16,55,10,25,17,25735.0
2557,2557,2,2,3.0,0,1,0,0,1,4,2019,17,45,20,45,3,4544.0
2558,2558,4,4,1.0,0,0,1,1,21,5,2019,9,15,19,15,10,8099.0
2559,2559,3,3,1.0,0,1,0,0,15,5,2019,16,30,4,40,12,10844.0
2560,2560,4,4,1.0,0,1,0,1,21,3,2019,19,15,4,25,9,12557.0
2561,2561,4,4,3.0,0,1,0,1,9,5,2019,11,0,14,15,3,9564.0
2562,2562,2,2,1.0,0,1,0,1,12,3,2019,21,25,9,30,12,13817.0
2563,2563,3,3,1.0,0,1,0,0,18,5,2019,9,35,19,10,9,12384.0
2564,2564,4,4,1.0,0,0,1,1,21,5,2019,4,55,19,15,14,7575.0
2565,2565,3,3,2.0,0,0,0,1,6,5,2019,16,45,12,0,19,14120.0
2566,2566,4,4,1.0,0,0,1,1,9,3,2019,7,5,22,20,15,6916.0
2567,2567,4,4,1.0,0,0,1,1,27,5,2019,7,10,22,30,15,7878.0
2568,2568,2,2,1.0,0,1,0,0,18,3,2019,22,50,20,20,21,11087.0
2569,2569,3,3,3.0,1,0,0,1,27,4,2019,14,25,16,55,2,4804.0
2570,2570,0,0,3.0,0,0,1,1,15,6,2019,9,45,12,0,2,3597.0
2571,2571,3,3,2.0,0,0,0,1,15,5,2019,5,50,16,15,34,12723.0
2572,2572,1,1,3.0,1,0,0,1,15,5,2019,20,5,21,40,1,2227.0
2573,2573,4,4,1.0,0,0,0,1,24,5,2019,7,0,19,15,12,9929.0
2574,2574,3,3,1.0,0,1,0,0,9,6,2019,21,10,9,20,12,11841.0
2575,2575,4,4,1.0,0,1,0,0,9,5,2019,11,30,4,25,16,12373.0
2576,2576,4,4,1.0,0,1,0,0,21,5,2019,20,55,19,0,22,12898.0
2577,2577,4,4,2.0,0,0,0,1,3,3,2019,5,55,7,40,25,15113.0
2578,2578,4,4,1.0,0,0,1,1,18,5,2019,11,40,19,0,7,10529.0
2579,2579,4,4,2.0,0,0,0,1,27,3,2019,13,5,7,40,18,8875.0
2580,2580,3,3,1.0,0,1,0,0,15,5,2019,8,25,20,45,12,10844.0
2581,2581,2,2,3.0,0,0,0,1,1,3,2019,6,10,8,55,2,15676.0
2582,2582,3,3,1.0,0,1,0,0,1,4,2019,8,25,23,35,15,7064.0
2583,2583,3,3,1.0,0,1,0,0,9,6,2019,8,25,19,50,11,10844.0
2584,2584,1,1,1.0,0,1,0,1,6,3,2019,14,0,16,50,26,19595.0
2585,2585,3,3,1.0,0,1,0,1,1,5,2019,14,5,8,15,18,13941.0
2586,2586,4,4,1.0,1,0,0,1,21,3,2019,8,35,16,10,7,6790.0
2587,2587,3,3,3.0,0,0,1,0,27,4,2019,9,0,11,25,2,3841.0
2588,2588,2,2,1.0,0,1,0,0,18,3,2019,11,40,9,0,21,11087.0
2589,2589,4,4,2.0,0,0,0,1,15,5,2019,19,45,19,15,23,11491.0
2590,2590,2,2,3.0,1,0,0,1,9,4,2019,5,30,8,20,2,3943.0
2591,2591,2,2,1.0,0,1,0,1,1,3,2019,11,40,7,40,20,22270.0
2592,2592,2,2,3.0,0,0,1,1,9,6,2019,17,0,19,35,2,4878.0
2593,2593,4,4,1.0,0,1,0,1,9,6,2019,22,50,4,25,5,14714.0
2594,2594,4,4,1.0,0,0,1,1,24,6,2019,6,40,19,0,12,10877.0
2595,2595,4,4,2.0,0,0,0,1,15,6,2019,19,45,19,15,23,9653.0
2596,2596,3,3,1.0,0,1,0,1,24,5,2019,20,0,12,0,16,14571.0
2597,2597,3,3,1.0,0,1,0,0,1,4,2019,18,55,20,45,25,7064.0
2598,2598,3,3,3.0,1,0,0,1,6,3,2019,15,20,17,55,2,5618.0
2599,2599,4,4,1.0,0,0,1,1,15,5,2019,14,0,1,30,11,13727.0
2600,2600,4,4,3.0,0,0,1,1,1,4,2019,14,40,17,50,3,4851.0
2601,2601,3,3,2.0,0,0,0,1,24,3,2019,9,10,21,50,12,15187.0
2602,2602,2,2,3.0,0,0,1,1,15,5,2019,7,45,10,40,2,3419.0
2603,2603,2,2,3.0,1,0,0,1,1,4,2019,6,5,8,50,2,3943.0
2604,2604,4,4,2.0,0,1,0,1,18,5,2019,9,40,12,35,26,15129.0
2605,2605,2,2,3.0,1,0,0,1,21,6,2019,0,25,3,15,2,3419.0
2606,2606,4,4,2.0,0,0,0,1,21,5,2019,20,0,19,15,23,10861.0
2607,2607,4,4,1.0,1,0,0,1,21,4,2019,5,10,10,5,4,7074.0
2608,2608,3,3,2.0,0,0,0,1,6,5,2019,9,25,15,5,29,11542.0
2609,2609,4,4,1.0,1,0,0,1,21,4,2019,6,50,12,10,5,6968.0
2610,2610,2,2,3.0,0,1,0,0,12,6,2019,17,45,20,45,3,5769.0
2611,2611,3,3,1.0,0,0,1,1,12,6,2019,20,20,22,40,26,7927.0
2612,2612,3,3,1.0,0,1,0,1,12,6,2019,18,55,8,15,13,13044.0
2613,2613,4,4,2.0,0,1,0,1,21,5,2019,23,5,12,35,13,15129.0
2614,2614,3,3,3.0,0,0,1,0,1,5,2019,9,0,11,25,2,3841.0
2615,2615,3,3,3.0,1,0,0,1,24,6,2019,20,20,22,55,2,4804.0
2616,2616,2,2,3.0,0,0,1,0,12,4,2019,5,55,8,35,2,4319.0
2617,2617,4,4,1.0,0,1,0,1,27,5,2019,21,50,19,0,21,16079.0
2618,2618,2,2,1.0,0,1,0,1,18,3,2019,22,50,5,5,6,54826.0
2619,2619,4,4,1.0,1,0,0,1,9,3,2019,17,30,1,35,8,12351.0
2620,2620,3,3,1.0,0,1,0,1,6,5,2019,17,0,19,10,26,13067.0
2621,2621,2,2,1.0,0,1,0,1,12,3,2019,18,55,7,40,12,13817.0
2622,2622,2,2,3.0,0,0,1,1,21,5,2019,21,10,0,5,2,3625.0
2623,2623,1,1,0.0,0,0,0,1,12,3,2019,9,40,15,15,29,18293.0
2624,2624,2,2,3.0,0,0,1,1,1,4,2019,19,30,22,15,2,5613.0
2625,2625,4,4,1.0,0,0,0,1,6,3,2019,6,10,8,15,26,11038.0
2626,2626,2,2,3.0,1,0,0,1,3,4,2019,6,5,8,50,2,4077.0
2627,2627,4,4,1.0,0,0,1,1,27,3,2019,8,0,21,0,13,6883.0
2628,2628,2,2,3.0,0,0,0,1,3,3,2019,17,0,19,45,2,19508.0
2629,2629,2,2,1.0,0,0,0,1,15,3,2019,8,50,23,15,14,8714.0
2630,2630,3,3,3.0,1,0,0,1,1,5,2019,4,40,7,15,2,4804.0
2631,2631,4,4,1.0,0,0,1,1,3,3,2019,8,0,15,30,7,15078.0
2632,2632,3,3,3.0,0,0,1,0,21,4,2019,17,10,19,40,2,4807.0
2633,2633,4,4,0.0,0,0,1,1,6,3,2019,11,35,21,0,9,21829.0
2634,2634,2,2,3.0,0,0,1,1,24,3,2019,11,30,14,10,2,5403.0
2635,2635,2,2,1.0,0,1,0,1,1,3,2019,7,0,16,10,9,26890.0
2636,2636,3,3,1.0,0,0,1,1,18,5,2019,23,30,7,45,8,7335.0
2637,2637,4,4,2.0,0,1,0,0,27,3,2019,17,35,4,25,10,9412.0
2638,2638,3,3,1.0,0,1,0,0,21,5,2019,8,25,19,50,11,10844.0
2639,2639,2,2,3.0,1,0,0,1,6,6,2019,18,55,21,50,2,4990.0
2640,2640,4,4,2.0,0,1,0,1,27,5,2019,23,5,4,25,29,16704.0
2641,2641,4,4,2.0,0,0,0,1,9,4,2019,5,55,19,15,37,7711.0
2642,2642,4,4,1.0,0,1,0,0,3,6,2019,17,30,4,25,10,10262.0
2643,2643,4,4,1.0,0,0,1,0,24,6,2019,12,50,21,0,8,6007.0
2644,2644,3,3,2.0,0,0,0,1,1,4,2019,9,25,5,25,20,12219.0
2645,2645,2,2,3.0,0,0,1,1,1,5,2019,20,55,23,40,2,3898.0
2646,2646,3,3,1.0,0,1,0,1,6,5,2019,17,0,22,5,29,11467.0
2647,2647,3,3,2.0,0,0,0,1,18,5,2019,8,20,20,25,12,12534.0
2648,2648,3,3,1.0,0,1,0,0,6,6,2019,8,25,18,15,9,10844.0
2649,2649,2,2,3.0,0,0,1,1,24,3,2019,5,45,8,35,2,4377.0
2650,2650,0,0,3.0,0,0,1,1,9,6,2019,17,45,20,5,2,11982.0
2651,2651,2,2,3.0,0,0,1,1,9,6,2019,9,30,12,20,2,4423.0
2652,2652,4,4,1.0,0,1,0,1,3,3,2019,19,15,4,25,9,17234.0
2653,2653,3,3,1.0,0,0,1,1,1,4,2019,7,10,22,55,15,8295.0
2654,2654,4,4,2.0,0,1,0,0,6,3,2019,5,30,19,45,38,15864.0
2655,2655,2,2,3.0,0,0,1,1,27,5,2019,11,40,14,30,2,3398.0
2656,2656,4,4,1.0,0,0,1,1,9,6,2019,13,0,1,30,12,7198.0
2657,2657,2,2,3.0,0,1,0,1,6,4,2019,6,0,8,45,2,7229.0
2658,2658,4,4,2.0,0,1,0,1,12,6,2019,5,30,4,25,22,13014.0
2659,2659,3,3,1.0,0,0,0,1,9,5,2019,14,35,14,35,24,6528.0
2660,2661,4,4,2.0,0,1,0,1,21,5,2019,19,10,19,0,23,15129.0
2661,2662,4,4,2.0,0,0,0,1,15,6,2019,20,0,19,15,23,11071.0
2662,2663,3,3,3.0,0,0,1,1,21,4,2019,6,55,9,30,2,4174.0
2663,2664,4,4,1.0,0,0,1,1,27,3,2019,4,0,18,50,14,11299.0
2664,2665,4,4,1.0,0,1,0,0,18,5,2019,19,45,12,35,16,12373.0
2665,2666,2,2,1.0,0,0,0,1,1,3,2019,5,50,9,15,27,13439.0
2666,2667,3,3,3.0,1,0,0,1,1,5,2019,20,20,22,55,2,4804.0
2667,2668,3,3,2.0,0,0,0,1,12,5,2019,9,25,5,35,20,11642.0
2668,2669,2,2,3.0,1,0,0,1,18,6,2019,0,25,3,15,2,3419.0
2669,2670,3,3,2.0,1,0,0,1,21,5,2019,6,35,12,10,5,6103.0
2670,2671,3,3,2.0,0,0,0,1,9,5,2019,7,0,1,20,18,13033.0
2671,2672,2,2,2.0,0,1,0,0,18,3,2019,8,55,15,55,7,11245.0
2672,2673,3,3,1.0,0,1,0,0,1,4,2019,6,30,12,0,5,10056.0
2673,2674,3,3,1.0,0,1,0,0,6,6,2019,20,25,14,25,18,10539.0
2674,2675,0,0,3.0,1,0,0,1,18,3,2019,22,5,0,25,2,5277.0
2675,2676,3,3,1.0,0,0,0,1,21,5,2019,10,0,23,15,13,11936.0
2676,2677,4,4,2.0,0,1,0,1,9,6,2019,5,30,4,25,22,13014.0
2677,2678,3,3,1.0,0,0,1,1,6,6,2019,17,0,20,20,27,8820.0
2678,2679,4,4,1.0,0,1,0,0,9,5,2019,15,0,12,35,21,12373.0
2679,2680,4,4,1.0,0,1,0,0,1,6,2019,9,0,12,35,27,10262.0
2680,2681,1,1,3.0,0,1,0,0,3,6,2019,7,5,8,30,1,4995.0
2681,2682,4,4,1.0,0,1,0,0,27,3,2019,21,50,19,45,21,7438.0
2682,2683,3,3,3.0,1,0,0,1,21,3,2019,5,30,8,20,2,4148.0
2683,2684,0,0,3.0,1,0,0,1,27,5,2019,14,45,17,5,2,3597.0
2684,2685,3,3,1.0,0,0,1,1,1,5,2019,7,35,23,30,15,5192.0
2685,2686,2,2,1.0,0,1,0,1,6,3,2019,8,0,20,20,12,16736.0
2686,2687,4,4,1.0,0,0,1,1,1,6,2019,13,0,21,0,8,7933.0
2687,2688,4,4,1.0,0,0,0,1,18,5,2019,8,0,19,15,11,8879.0
2688,2689,4,4,3.0,1,0,0,1,12,5,2019,14,25,17,40,3,5000.0
2689,2690,3,3,1.0,0,0,1,1,6,5,2019,17,0,9,5,16,8137.0
2690,2691,4,4,2.0,0,0,0,1,9,3,2019,16,55,19,15,26,22096.0
2691,2692,2,2,3.0,0,0,1,0,24,3,2019,5,45,8,35,2,4273.0
2692,2693,2,2,1.0,0,1,0,1,1,3,2019,18,40,0,45,6,35185.0
2693,2694,3,3,1.0,1,0,0,1,15,4,2019,19,35,23,15,3,4226.0
2694,2695,3,3,1.0,0,1,0,0,1,5,2019,8,25,16,20,7,10844.0
2695,2696,1,1,3.0,1,0,0,1,12,6,2019,12,0,13,30,1,2754.0
2696,2697,3,3,1.0,1,0,0,1,6,6,2019,10,30,16,5,5,6301.0
2697,2698,3,3,2.0,0,0,0,1,18,5,2019,9,25,13,45,28,13222.0
2698,2699,4,4,1.0,0,1,0,0,21,5,2019,17,30,12,35,19,12898.0
2699,2700,2,2,1.0,0,0,0,1,12,3,2019,6,45,20,35,13,12127.0
2700,2701,3,3,1.0,0,1,0,1,21,5,2019,20,25,22,5,25,13067.0
2701,2702,3,3,2.0,0,0,0,1,1,4,2019,16,45,20,25,27,9920.0
2702,2703,2,2,3.0,0,0,1,1,1,4,2019,7,45,10,40,2,4239.0
2703,2704,4,4,1.0,0,1,0,1,6,6,2019,21,50,19,0,21,14714.0
2704,2705,3,3,1.0,1,0,0,1,6,5,2019,18,5,23,30,5,6218.0
2705,2706,0,0,3.0,1,0,0,1,1,3,2019,5,15,7,35,2,7295.0
2706,2707,4,4,1.0,0,0,1,1,9,6,2019,3,50,11,30,7,7408.0
2707,2708,3,3,1.0,0,1,0,0,9,6,2019,9,35,18,0,8,13994.0
2708,2709,3,3,3.0,1,0,0,1,15,5,2019,14,25,16,55,2,5224.0
2709,2710,1,1,3.0,0,0,1,1,9,3,2019,5,45,7,5,1,4391.0
2710,2711,3,3,2.0,0,0,0,1,18,5,2019,10,0,5,25,19,14109.0
2711,2712,2,2,3.0,0,0,1,0,27,4,2019,9,30,12,20,2,4885.0
2712,2713,2,2,3.0,0,1,0,1,1,6,2019,8,20,11,20,3,8016.0
2713,2714,4,4,1.0,0,0,1,1,24,6,2019,6,0,12,35,6,12524.0
2714,2715,4,4,1.0,0,1,0,0,27,3,2019,2,15,18,50,16,6017.0
2715,2716,4,4,2.0,0,0,0,1,9,5,2019,22,0,19,15,21,10441.0
2716,2717,2,2,3.0,0,0,1,1,1,4,2019,21,10,0,5,2,3625.0
2717,2718,4,4,0.0,0,0,0,1,9,3,2019,5,15,19,15,38,15586.0
2718,2719,4,4,1.0,0,0,0,1,27,3,2019,8,0,19,15,11,7199.0
2719,2720,4,4,2.0,0,1,0,1,21,3,2019,6,20,4,25,22,12273.0
2720,2721,4,4,1.0,0,0,1,1,6,6,2019,19,0,1,30,6,7530.0
2721,2722,1,1,3.0,0,1,0,1,21,5,2019,19,35,21,5,1,5678.0
2722,2723,4,4,2.0,0,0,0,1,24,6,2019,10,55,7,40,20,11753.0
2723,2724,1,1,3.0,0,0,1,0,21,5,2019,22,45,0,15,1,1965.0
2724,2725,4,4,1.0,1,0,0,1,21,3,2019,6,40,13,20,6,10208.0
2725,2726,4,4,1.0,1,0,0,1,21,5,2019,20,25,1,30,5,5054.0
2726,2727,4,4,1.0,1,0,0,1,3,3,2019,8,25,15,30,7,14871.0
2727,2728,4,4,1.0,0,1,0,0,18,5,2019,7,5,19,0,11,12373.0
2728,2729,1,1,3.0,0,0,1,1,15,6,2019,22,45,0,15,1,2017.0
2729,2730,3,3,1.0,0,1,0,0,24,3,2019,13,55,4,45,14,10661.0
2730,2731,4,4,1.0,0,0,1,1,9,5,2019,10,20,19,0,8,9794.0
2731,2732,3,3,1.0,0,1,0,1,9,5,2019,20,25,23,35,27,13067.0
2732,2733,0,0,3.0,0,0,1,1,3,3,2019,17,45,20,5,2,7298.0
2733,2734,2,2,3.0,1,0,0,1,3,3,2019,10,5,13,0,2,7648.0
2734,2735,3,3,2.0,0,0,0,1,12,5,2019,12,0,21,50,9,10676.0
2735,2736,2,2,3.0,0,0,0,1,3,6,2019,10,0,12,45,2,6961.0
2736,2737,4,4,1.0,1,0,0,1,15,5,2019,11,25,1,30,14,6979.0
2737,2738,4,4,1.0,0,0,1,1,27,5,2019,9,0,21,0,12,13587.0
2738,2739,3,3,1.0,0,1,0,0,24,5,2019,14,5,23,35,9,10844.0
2739,2740,2,2,3.0,1,0,0,1,12,5,2019,10,10,13,0,2,3943.0
2740,2741,4,4,1.0,1,0,0,1,12,6,2019,9,15,21,0,11,6838.0
2741,2742,4,4,1.0,0,1,0,0,15,4,2019,13,0,19,0,6,6542.0
2742,2743,4,4,1.0,0,1,0,0,21,5,2019,7,5,19,0,11,12239.0
2743,2744,3,3,1.0,0,1,0,1,12,5,2019,16,30,4,40,12,14388.0
2744,2745,3,3,3.0,1,0,0,1,12,3,2019,5,30,8,20,2,4148.0
2745,2746,4,4,2.0,0,0,1,1,18,5,2019,15,5,1,30,10,16840.0
2746,2747,4,4,1.0,0,0,1,1,3,6,2019,9,45,22,30,12,9646.0
2747,2748,3,3,1.0,0,1,0,1,9,6,2019,21,10,18,15,21,14571.0
2748,2749,4,4,1.0,1,0,0,1,15,5,2019,16,0,1,30,9,7923.0
2749,2750,3,3,1.0,0,1,0,0,12,5,2019,20,0,4,40,8,8586.0
2750,2751,4,4,1.0,0,0,1,1,3,6,2019,13,15,22,30,9,9646.0
2751,2752,3,3,1.0,0,1,0,1,18,5,2019,14,5,12,0,21,14388.0
2752,2753,3,3,1.0,0,1,0,1,12,6,2019,16,30,16,20,23,13044.0
2753,2754,4,4,1.0,0,0,1,1,21,5,2019,10,0,19,0,9,10197.0
2754,2755,4,4,1.0,0,1,0,1,1,6,2019,19,45,19,0,23,14714.0
2755,2756,4,4,1.0,0,0,0,1,1,6,2019,10,0,19,15,9,9929.0
2756,2757,4,4,1.0,0,1,0,0,21,3,2019,22,50,4,25,5,6017.0
2757,2758,0,0,3.0,0,0,1,1,27,6,2019,9,45,12,0,2,3597.0
2758,2759,4,4,1.0,0,0,0,1,21,3,2019,13,30,23,0,9,5704.0
2759,2760,4,4,1.0,0,1,0,1,3,6,2019,19,45,4,25,8,14714.0
2760,2761,2,2,3.0,0,0,0,1,12,5,2019,10,0,12,45,2,5228.0
2761,2762,3,3,1.0,0,1,0,1,1,4,2019,9,35,10,55,25,11467.0
2762,2763,2,2,3.0,0,0,1,1,6,6,2019,9,45,12,35,2,4668.0
2763,2764,2,2,3.0,1,0,0,1,18,4,2019,21,15,0,15,3,4591.0
2764,2765,2,2,3.0,1,0,0,1,12,5,2019,21,15,0,15,3,3943.0
2765,2766,2,2,3.0,0,0,0,1,21,4,2019,10,0,12,45,2,5228.0
2766,2767,4,4,1.0,0,1,0,1,27,3,2019,2,15,18,50,16,12242.0
2767,2768,4,4,2.0,0,0,0,1,9,6,2019,7,5,9,25,26,11185.0
2768,2769,4,4,1.0,1,0,0,1,9,4,2019,9,15,1,30,16,6573.0
2769,2770,3,3,1.0,0,1,0,1,15,5,2019,16,30,22,35,6,14781.0
2770,2771,3,3,2.0,0,0,0,1,12,6,2019,16,45,8,55,16,14960.0
2771,2772,0,0,3.0,1,0,0,1,15,5,2019,11,35,14,0,2,4332.0
2772,2773,2,2,3.0,0,0,1,1,3,3,2019,5,50,8,40,2,7652.0
2773,2774,3,3,1.0,0,1,0,1,24,5,2019,9,35,21,5,11,14151.0
2774,2775,2,2,3.0,0,0,1,0,12,6,2019,9,30,12,20,2,4319.0
2775,2776,4,4,2.0,0,1,0,1,21,3,2019,19,10,18,50,23,10929.0
2776,2777,3,3,2.0,0,0,0,1,24,3,2019,7,0,10,0,27,11491.0
2777,2778,4,4,3.0,1,0,0,1,18,4,2019,14,20,17,35,3,6015.0
2778,2779,3,3,1.0,0,1,0,1,12,6,2019,9,35,21,5,11,12692.0
2779,2780,3,3,3.0,0,0,1,1,9,3,2019,22,50,1,20,2,4384.0
2780,2781,2,2,3.0,1,0,0,1,3,6,2019,6,5,8,50,2,3943.0
2781,2782,4,4,1.0,0,1,0,0,18,5,2019,9,0,19,0,10,12373.0
2782,2783,2,2,1.0,0,1,0,1,6,3,2019,8,0,13,15,5,19225.0
2783,2784,4,4,1.0,0,1,0,0,9,3,2019,19,45,18,50,23,14053.0
2784,2785,2,2,3.0,0,0,0,1,12,4,2019,13,20,16,10,2,5911.0
2785,2786,4,4,1.0,0,0,1,1,9,6,2019,6,40,19,0,12,10877.0
2786,2787,3,3,1.0,0,1,0,0,6,6,2019,18,55,4,40,9,7757.0
2787,2788,4,4,1.0,1,0,0,1,21,3,2019,7,35,16,10,8,6558.0
2788,2789,3,3,3.0,1,0,0,1,21,4,2019,9,35,12,20,2,4804.0
2789,2790,1,1,3.0,0,1,0,1,18,3,2019,15,50,17,20,1,5678.0
2790,2791,4,4,1.0,0,1,0,0,9,5,2019,10,0,4,25,18,12373.0
2791,2792,2,2,3.0,0,1,0,0,6,5,2019,6,0,8,45,2,5198.0
2792,2793,3,3,3.0,1,0,0,1,1,6,2019,14,25,16,55,2,6064.0
2793,2794,4,4,1.0,0,1,0,1,9,3,2019,21,50,4,25,6,15029.0
2794,2795,4,4,2.0,0,1,0,1,9,4,2019,5,30,19,0,13,10909.0
2795,2796,4,4,1.0,0,0,1,1,9,3,2019,8,40,19,45,11,18492.0
2796,2797,4,4,1.0,0,1,0,0,24,6,2019,2,15,4,25,26,10262.0
2797,2798,3,3,1.0,0,1,0,1,18,5,2019,11,50,17,35,5,8781.0
2798,2799,4,4,1.0,1,0,0,1,27,5,2019,8,35,16,10,7,6442.0
2799,2800,1,1,1.0,0,1,0,1,12,3,2019,9,50,16,35,6,20120.0
2800,2801,2,2,3.0,0,0,1,1,27,5,2019,19,30,22,15,2,4878.0
2801,2802,2,2,1.0,0,1,0,1,6,3,2019,5,45,18,25,12,16736.0
2802,2803,3,3,1.0,0,0,1,1,24,5,2019,11,15,18,30,7,9630.0
2803,2804,3,3,1.0,0,0,1,1,9,5,2019,7,10,18,50,11,8610.0
2804,2805,0,0,3.0,0,0,1,1,27,6,2019,7,5,9,20,2,3687.0
2805,2806,3,3,1.0,0,0,1,1,15,5,2019,20,20,9,5,12,8452.0
2806,2807,2,2,3.0,1,0,0,1,18,5,2019,10,30,13,20,2,3943.0
2807,2808,1,1,3.0,1,0,0,1,15,3,2019,6,20,7,45,1,3342.0
2808,2809,3,3,1.0,0,1,0,1,12,5,2019,20,25,14,25,18,13067.0
2809,2810,2,2,3.0,0,0,1,1,6,5,2019,19,30,22,15,2,4878.0
2810,2811,3,3,1.0,0,1,0,1,9,5,2019,21,10,10,5,12,14388.0
2811,2812,4,4,2.0,0,1,0,1,27,5,2019,13,25,4,25,15,16704.0
2812,2813,1,1,3.0,0,0,0,1,21,5,2019,19,30,20,45,1,3100.0
2813,2814,2,2,0.0,0,0,0,1,12,3,2019,17,25,18,5,24,13387.0
2814,2815,1,1,3.0,1,0,0,1,9,6,2019,9,10,10,40,1,4049.0
2815,2816,4,4,2.0,0,1,0,0,18,5,2019,5,30,19,0,13,13029.0
2816,2817,2,2,3.0,0,0,1,0,9,4,2019,21,10,0,5,2,3919.0
2817,2818,0,0,3.0,1,0,0,1,3,5,2019,5,15,7,40,2,3850.0
2818,2819,4,4,2.0,0,0,0,1,24,6,2019,13,15,9,25,20,8839.0
2819,2820,3,3,1.0,0,1,0,0,1,4,2019,16,30,4,40,12,7064.0
2820,2821,3,3,1.0,0,1,0,1,12,5,2019,20,0,8,15,12,13941.0
2821,2822,3,3,0.0,0,0,0,1,24,5,2019,10,0,10,30,24,13007.0
2822,2823,3,3,1.0,0,1,0,1,18,5,2019,14,5,22,35,8,14781.0
2823,2824,1,1,3.0,0,1,0,0,18,3,2019,19,35,21,5,1,2071.0
2824,2825,4,4,3.0,0,1,0,0,21,6,2019,11,0,14,15,3,4256.0
2825,2826,2,2,3.0,0,0,1,1,9,3,2019,16,0,18,35,2,7923.0
2826,2827,3,3,3.0,0,0,1,1,15,3,2019,22,50,1,20,2,3782.0
2827,2828,3,3,1.0,0,1,0,0,15,5,2019,20,25,9,45,13,12384.0
2828,2829,4,4,1.0,0,0,1,0,21,3,2019,10,0,1,35,15,8565.0
2829,2830,4,4,1.0,1,0,0,1,21,3,2019,16,0,21,0,5,6232.0
2830,2831,2,2,3.0,1,0,0,1,9,3,2019,5,30,8,20,2,4777.0
2831,2832,3,3,3.0,0,0,0,1,1,6,2019,20,45,23,20,2,4145.0
2832,2833,3,3,1.0,0,0,1,1,15,5,2019,22,40,10,40,12,5192.0
2833,2834,4,4,3.0,0,0,0,1,1,4,2019,5,10,8,0,2,4729.0
2834,2835,4,4,1.0,1,0,0,1,3,6,2019,6,40,21,0,14,6093.0
2835,2836,3,3,1.0,0,0,0,1,1,5,2019,9,25,18,30,9,8891.0
2836,2837,4,4,1.0,0,1,0,1,27,3,2019,16,0,4,25,12,12242.0
2837,2838,3,3,1.0,0,1,0,1,1,5,2019,17,0,18,0,25,11467.0
2838,2839,3,3,1.0,0,1,0,1,21,5,2019,21,10,9,20,12,14781.0
2839,2840,4,4,1.0,0,0,1,1,18,5,2019,7,0,19,0,12,10197.0
2840,2841,2,2,1.0,0,1,0,1,6,3,2019,21,25,9,30,12,17261.0
2841,2842,4,4,1.0,0,0,0,1,1,5,2019,20,40,9,25,12,7480.0
2842,2843,3,3,3.0,1,0,0,1,21,5,2019,15,30,18,5,2,4804.0
2843,2844,3,3,3.0,0,0,1,0,21,4,2019,9,0,11,25,2,4439.0
2844,2845,4,4,2.0,0,1,0,0,6,6,2019,5,30,4,25,22,10368.0
2845,2846,4,4,1.0,0,0,1,1,21,3,2019,6,10,11,20,5,6065.0
2846,2847,3,3,1.0,0,1,0,0,24,5,2019,18,55,4,40,9,8586.0
2847,2848,4,4,3.0,1,0,0,1,18,3,2019,14,30,17,35,3,5406.0
2848,2849,4,4,2.0,0,1,0,0,6,6,2019,18,25,4,25,10,12142.0
2849,2850,4,4,1.0,0,1,0,1,6,6,2019,2,15,12,35,10,14714.0
2850,2851,4,4,1.0,0,1,0,0,15,6,2019,2,15,4,25,26,10262.0
2851,2852,2,2,1.0,0,0,0,1,6,3,2019,11,50,23,55,12,15434.0
2852,2853,3,3,2.0,0,0,0,1,18,5,2019,12,0,11,10,23,10676.0
2853,2854,3,3,3.0,1,0,0,1,21,4,2019,20,20,22,55,2,4804.0
2854,2855,4,4,2.0,0,1,0,1,9,6,2019,19,30,12,35,17,13014.0
2855,2856,2,2,3.0,1,0,0,1,3,5,2019,10,10,13,0,2,3943.0
2856,2857,1,1,2.0,0,0,0,1,6,3,2019,5,30,22,0,16,9678.0
2857,2858,3,3,1.0,0,1,0,1,15,5,2019,8,25,19,50,11,14781.0
2858,2859,4,4,1.0,0,0,1,1,15,5,2019,9,0,19,0,10,10197.0
2859,2860,4,4,2.0,0,0,0,1,9,5,2019,5,55,19,15,13,10861.0
2860,2861,3,3,1.0,0,1,0,0,1,5,2019,21,10,4,40,7,10844.0
2861,2862,4,4,1.0,0,0,0,1,21,5,2019,17,20,9,25,16,7480.0
2862,2863,4,4,1.0,1,0,0,1,24,6,2019,17,10,1,30,8,5684.0
2863,2864,4,4,1.0,0,1,0,1,6,6,2019,16,0,19,0,27,14714.0
2864,2865,3,3,1.0,0,1,0,0,1,4,2019,9,35,18,0,8,9314.0
2865,2866,3,3,3.0,0,0,0,1,15,3,2019,20,45,23,20,2,4435.0
2866,2867,4,4,1.0,0,0,1,1,27,6,2019,7,30,19,0,11,11789.0
2867,2868,2,2,3.0,0,0,1,0,3,4,2019,21,10,0,5,2,3919.0
2868,2869,2,2,3.0,0,1,0,0,6,4,2019,15,15,18,10,2,5198.0
2869,2870,2,2,3.0,0,0,1,0,24,3,2019,5,45,8,35,2,4273.0
2870,2871,3,3,1.0,0,0,1,1,9,5,2019,17,0,18,50,25,8820.0
2871,2872,1,1,3.0,1,0,0,1,6,5,2019,12,0,13,30,1,2754.0
2872,2873,3,3,1.0,0,0,1,1,9,6,2019,20,20,23,25,27,8085.0
2873,2874,3,3,1.0,0,1,0,0,9,6,2019,20,25,21,5,24,10539.0
2874,2875,3,3,1.0,0,1,0,1,9,6,2019,9,35,22,5,12,14676.0
2875,2876,4,4,1.0,0,1,0,0,27,3,2019,2,15,4,25,26,6017.0
2876,2877,2,2,3.0,0,1,0,0,1,4,2019,18,55,22,0,3,4544.0
2877,2878,1,1,1.0,0,0,1,1,6,3,2019,13,5,16,20,3,4140.0
2878,2879,2,2,3.0,0,1,0,1,3,5,2019,11,10,14,5,2,7229.0
2879,2880,4,4,2.0,0,0,0,1,9,3,2019,22,0,19,15,21,16373.0
2880,2881,3,3,2.0,0,0,0,1,1,5,2019,5,50,23,15,17,10991.0
2881,2882,3,3,1.0,0,1,0,0,18,5,2019,14,5,12,0,21,9663.0
2882,2883,2,2,1.0,0,0,0,0,1,3,2019,22,0,23,20,25,14305.0
2883,2884,4,4,1.0,0,0,1,1,15,5,2019,16,45,7,10,14,6752.0
2884,2885,3,3,1.0,0,1,0,0,12,6,2019,16,30,9,20,16,8529.0
2885,2886,4,4,3.0,1,0,0,1,27,3,2019,5,35,8,50,3,4729.0
2886,2887,4,4,1.0,0,0,1,1,18,5,2019,8,45,21,0,12,7670.0
2887,2888,1,1,3.0,0,1,0,0,3,5,2019,10,20,11,50,1,4995.0
2888,2889,2,2,3.0,0,1,0,1,1,5,2019,8,20,11,20,3,7229.0
2889,2890,2,2,3.0,1,0,0,1,27,4,2019,7,10,10,5,2,4823.0
2890,2891,3,3,3.0,0,0,1,1,27,3,2019,19,35,22,5,2,3782.0
2891,2892,4,4,1.0,0,1,0,0,21,5,2019,18,15,19,0,24,12898.0
2892,2893,3,3,3.0,0,0,1,0,24,5,2019,22,20,0,40,2,3841.0
2893,2894,4,4,1.0,0,0,1,1,18,5,2019,10,35,19,0,8,9627.0
2894,2895,3,3,1.0,0,1,0,1,9,6,2019,21,10,12,0,14,14571.0
2895,2896,3,3,3.0,1,0,0,1,24,3,2019,15,20,17,55,2,6985.0
2896,2897,1,1,3.0,0,1,0,1,21,6,2019,7,5,8,30,1,8040.0
2897,2898,3,3,3.0,1,0,0,1,21,6,2019,22,15,0,50,2,4804.0
2898,2899,4,4,1.0,0,0,1,1,27,6,2019,4,55,19,0,14,10678.0
2899,2900,3,3,1.0,0,1,0,1,24,3,2019,16,55,18,10,25,14231.0
2900,2901,3,3,1.0,0,1,0,0,12,6,2019,20,0,16,20,20,8529.0
2901,2902,4,4,2.0,0,0,0,1,24,6,2019,10,55,19,15,8,11753.0
2902,2903,4,4,2.0,0,1,0,1,18,5,2019,23,5,4,25,29,16704.0
2903,2904,3,3,1.0,0,1,0,1,6,6,2019,18,55,4,40,9,13374.0
2904,2905,1,1,3.0,0,0,0,1,1,5,2019,21,5,22,25,1,3625.0
2905,2906,4,4,1.0,0,1,0,1,21,5,2019,16,0,19,0,27,16079.0
2906,2907,4,4,1.0,0,1,0,0,27,6,2019,20,55,12,35,15,10262.0
2907,2908,3,3,1.0,0,1,0,0,15,5,2019,6,30,12,0,5,9663.0
2908,2909,4,4,1.0,0,0,1,1,18,5,2019,18,0,1,30,7,9595.0
2909,2910,3,3,3.0,1,0,0,1,24,6,2019,17,15,19,50,2,4804.0
2910,2911,3,3,2.0,0,0,0,1,9,6,2019,10,0,5,25,19,12744.0
2911,2912,2,2,3.0,0,0,0,1,1,6,2019,13,20,16,10,2,6961.0
2912,2913,3,3,1.0,0,1,0,0,6,5,2019,14,5,4,40,14,9663.0
2913,2914,4,4,1.0,0,0,1,1,21,5,2019,10,35,19,15,8,7575.0
2914,2915,2,2,2.0,0,0,0,1,3,3,2019,19,10,10,35,15,13355.0
2915,2916,3,3,2.0,0,0,0,1,24,5,2019,9,25,13,45,28,12592.0
2916,2917,1,1,3.0,0,0,0,1,1,6,2019,13,55,15,25,1,3625.0
2917,2918,4,4,1.0,0,1,0,0,24,6,2019,15,0,4,25,13,10262.0
2918,2919,4,4,2.0,0,0,0,1,21,5,2019,19,45,19,15,23,9443.0
2919,2920,4,4,1.0,0,0,0,1,9,3,2019,8,40,19,15,10,18959.0
2920,2921,1,1,3.0,1,0,0,1,3,3,2019,6,20,7,45,1,4784.0
2921,2922,3,3,1.0,0,0,0,1,1,4,2019,17,30,12,0,18,7893.0
2922,2923,4,4,2.0,0,0,0,1,27,6,2019,6,50,7,40,24,14431.0
2923,2924,2,2,1.0,0,0,1,0,1,3,2019,5,45,11,25,5,79512.0
2924,2925,1,1,3.0,0,1,0,0,24,5,2019,19,35,21,5,1,3210.0
2925,2926,4,4,1.0,0,0,1,1,9,3,2019,6,0,21,0,15,13677.0
2926,2927,4,4,1.0,0,0,0,1,27,5,2019,6,5,9,25,27,7480.0
2927,2928,4,4,1.0,0,0,0,1,24,6,2019,19,0,7,40,12,8372.0
2928,2929,4,4,2.0,0,1,0,1,27,3,2019,5,25,4,25,23,11664.0
2929,2930,2,2,3.0,0,0,0,1,18,6,2019,10,0,12,45,2,6961.0
2930,2931,2,2,3.0,0,0,0,1,24,4,2019,17,0,19,45,2,6121.0
2931,2932,2,2,3.0,0,0,0,1,12,4,2019,6,10,8,55,2,5911.0
2932,2933,2,2,3.0,0,0,1,1,6,5,2019,11,40,14,30,2,3398.0
2933,2934,4,4,1.0,0,0,1,1,9,6,2019,19,0,1,30,6,7530.0
2934,2935,2,2,3.0,0,0,1,1,24,5,2019,20,55,23,40,2,3419.0
2935,2936,2,2,3.0,0,0,1,1,24,3,2019,21,10,0,5,2,6558.0
2936,2937,3,3,1.0,0,0,0,1,9,6,2019,20,30,20,25,23,10203.0
2937,2938,2,2,1.0,0,1,0,0,12,3,2019,18,55,20,20,25,11087.0
2938,2939,2,2,3.0,0,0,1,1,24,3,2019,20,30,23,20,2,5575.0
2939,2940,4,4,1.0,0,0,1,1,24,4,2019,7,55,22,25,14,6152.0
2940,2941,3,3,1.0,0,1,0,0,9,5,2019,10,20,17,35,7,5608.0
2941,2942,2,2,1.0,0,1,0,1,6,3,2019,11,40,10,25,22,17261.0
2942,2943,4,4,2.0,0,1,0,1,9,5,2019,9,40,12,35,26,15129.0
2943,2944,2,2,3.0,0,0,1,1,6,5,2019,20,55,23,40,2,3419.0
2944,2945,4,4,1.0,1,0,0,1,21,3,2019,10,45,15,30,4,6218.0
2945,2946,4,4,1.0,0,1,0,1,3,6,2019,2,15,12,35,10,14714.0
2946,2947,4,4,1.0,0,0,1,1,3,6,2019,11,30,19,15,7,14848.0
2947,2948,3,3,1.0,0,1,0,1,12,5,2019,10,20,17,35,7,9358.0
2948,2949,3,3,1.0,0,0,0,1,6,5,2019,9,25,7,55,22,8366.0
2949,2950,4,4,1.0,0,0,1,0,6,3,2019,11,30,19,15,7,15342.0
2950,2951,1,1,3.0,0,1,0,1,21,3,2019,3,5,4,25,1,5678.0
2951,2952,3,3,3.0,1,0,0,1,6,5,2019,22,15,0,50,2,4804.0
2952,2953,3,3,1.0,0,1,0,1,24,5,2019,8,25,16,20,7,14571.0
2953,2954,3,3,1.0,0,1,0,1,1,4,2019,8,25,20,45,12,12681.0
2954,2955,2,2,1.0,0,1,0,1,6,3,2019,21,25,10,25,13,17261.0
2955,2956,3,3,1.0,0,0,1,1,9,6,2019,17,0,10,45,17,9922.0
2956,2957,3,3,1.0,0,1,0,0,18,5,2019,18,55,12,0,17,10844.0
2957,2958,2,2,3.0,0,0,1,1,21,4,2019,5,55,8,35,2,4423.0
2958,2959,2,2,3.0,1,0,0,1,24,5,2019,1,30,4,15,2,3419.0
2959,2960,4,4,1.0,0,1,0,1,24,6,2019,22,50,4,25,5,14714.0
2960,2961,2,2,1.0,0,1,0,0,9,3,2019,5,45,11,25,5,11087.0
2961,2962,4,4,1.0,1,0,0,1,27,6,2019,16,0,1,30,9,6316.0
2962,2963,0,0,3.0,0,0,1,0,27,5,2019,9,45,12,0,2,3543.0
2963,2964,3,3,1.0,0,1,0,1,6,6,2019,18,55,12,0,17,14571.0
2964,2965,3,3,1.0,0,1,0,1,9,6,2019,9,35,18,0,8,14676.0
2965,2966,2,2,1.0,0,1,0,1,6,3,2019,16,55,9,30,16,17261.0
2966,2967,3,3,1.0,0,1,0,1,15,5,2019,8,25,23,35,15,13941.0
2967,2968,4,4,1.0,0,0,0,1,3,3,2019,6,10,8,15,26,13348.0
2968,2969,2,2,3.0,0,1,0,1,18,6,2019,11,10,14,5,2,8016.0
2969,2970,4,4,1.0,0,1,0,0,27,5,2019,7,5,12,35,5,12898.0
2970,2971,2,2,3.0,0,1,0,1,9,4,2019,18,55,22,0,3,7229.0
2971,2972,1,1,3.0,0,0,1,1,27,6,2019,5,45,7,15,1,2017.0
2972,2973,2,2,1.0,0,1,0,1,6,3,2019,8,0,19,10,11,16736.0
2973,2974,3,3,3.0,0,0,1,1,18,6,2019,17,10,19,40,2,3873.0
2974,2975,4,4,1.0,1,0,0,1,9,5,2019,14,20,22,30,8,6704.0
2975,2976,3,3,1.0,0,1,0,0,6,6,2019,18,55,19,50,24,10844.0
2976,2977,2,2,3.0,0,0,1,1,9,3,2019,19,40,22,20,2,7450.0
2977,2978,2,2,1.0,0,1,0,1,6,3,2019,16,55,5,5,12,16736.0
2978,2979,4,4,1.0,0,1,0,0,15,6,2019,15,0,12,35,21,10262.0
2979,2980,3,3,2.0,0,0,0,1,1,5,2019,5,50,16,15,34,10991.0
2980,2981,2,2,3.0,0,0,1,1,6,6,2019,21,10,0,5,2,3311.0
2981,2982,4,4,1.0,1,0,0,1,24,5,2019,10,35,1,30,14,7081.0
2982,2983,2,2,3.0,1,0,0,1,27,4,2019,21,15,0,15,3,3943.0
2983,2984,4,4,1.0,0,0,0,1,21,5,2019,13,0,19,15,6,8372.0
2984,2985,4,4,2.0,0,0,0,1,9,3,2019,19,45,19,15,23,11701.0
2985,2986,2,2,3.0,0,1,0,0,3,6,2019,15,15,18,10,2,5769.0
2986,2987,4,4,2.0,0,0,1,1,12,6,2019,15,5,1,30,10,15965.0
2987,2988,2,2,3.0,0,0,1,1,12,6,2019,9,30,12,20,2,4423.0
2988,2989,2,2,1.0,0,1,0,0,15,3,2019,9,45,14,25,4,6136.0
2989,2990,2,2,1.0,0,1,0,0,12,3,2019,16,55,23,0,6,11087.0
2990,2991,0,0,3.0,1,0,0,1,3,6,2019,5,15,7,40,2,3540.0
2991,2992,4,4,1.0,0,1,0,0,21,5,2019,14,0,4,25,14,12898.0
2992,2993,2,2,3.0,1,0,0,1,18,4,2019,6,5,8,50,2,4591.0
2993,2994,4,4,1.0,0,0,0,1,24,3,2019,4,0,7,40,27,8635.0
2994,2995,4,4,1.0,0,1,0,1,27,6,2019,9,0,19,0,10,14714.0
2995,2996,3,3,1.0,0,1,0,1,18,5,2019,20,25,19,10,22,14151.0
2996,2997,4,4,1.0,0,0,1,1,1,6,2019,4,55,19,15,14,8835.0
2997,2998,3,3,1.0,0,0,0,1,21,5,2019,17,30,8,55,15,11936.0
2998,2999,4,4,2.0,0,1,0,1,9,6,2019,21,35,12,35,15,13882.0
2999,3000,4,4,1.0,0,0,0,1,1,4,2019,17,20,9,25,16,5117.0
3000,3001,2,2,3.0,0,1,0,0,24,5,2019,15,15,18,10,2,4544.0
3001,3002,4,4,1.0,1,0,0,1,15,5,2019,6,50,22,30,15,6442.0
3002,3003,4,4,2.0,0,0,0,1,9,5,2019,22,0,19,15,21,10441.0
3003,3004,1,1,3.0,1,0,0,1,21,5,2019,20,5,21,40,1,2227.0
3004,3005,2,2,3.0,0,1,0,1,15,4,2019,6,0,8,45,2,7229.0
3005,3006,4,4,1.0,0,1,0,0,1,6,2019,13,0,19,0,6,10262.0
3006,3007,2,2,1.0,0,1,0,1,12,3,2019,8,0,21,20,13,13817.0
3007,3008,4,4,1.0,0,0,1,1,21,5,2019,17,55,22,50,4,5975.0
3008,3009,3,3,3.0,1,0,0,1,21,3,2019,21,25,0,5,2,4148.0
3009,3010,4,4,1.0,0,0,1,1,6,6,2019,11,30,21,0,9,13587.0
3010,3011,1,1,3.0,0,1,0,0,21,3,2019,3,5,4,25,1,2759.0
3011,3012,2,2,3.0,0,1,0,1,15,5,2019,19,50,22,50,3,7229.0
3012,3013,4,4,2.0,0,0,0,1,9,5,2019,7,5,7,40,24,13547.0
3013,3014,3,3,3.0,0,0,1,1,21,6,2019,6,55,9,30,2,3873.0
3014,3015,3,3,1.0,0,1,0,1,21,5,2019,16,30,4,40,12,14388.0
3015,3016,3,3,1.0,0,1,0,1,24,5,2019,18,55,10,5,15,13731.0
3016,3017,3,3,3.0,0,0,1,0,27,3,2019,6,55,9,35,2,3815.0
3017,3018,1,1,3.0,0,1,0,1,15,3,2019,15,50,17,20,1,5678.0
3018,3019,3,3,1.0,0,1,0,0,9,5,2019,8,25,9,20,24,9663.0
3019,3020,3,3,1.0,0,0,1,1,21,5,2019,16,40,0,15,7,8855.0
3020,3021,4,4,2.0,0,1,0,1,9,5,2019,9,40,4,25,18,15129.0
3021,3022,2,2,1.0,0,1,0,1,18,3,2019,16,55,23,0,6,13555.0
3022,3023,3,3,1.0,0,1,0,0,21,5,2019,21,10,8,15,11,10844.0
3023,3024,2,2,1.0,0,1,0,0,21,3,2019,11,40,21,20,9,7832.0
3024,3025,4,4,2.0,0,1,0,0,27,6,2019,23,5,12,35,13,11150.0
3025,3026,3,3,1.0,0,0,1,1,9,5,2019,20,20,10,45,14,8452.0
3026,3027,4,4,1.0,0,0,1,1,9,6,2019,9,45,16,10,6,9646.0
3027,3028,2,2,3.0,1,0,0,1,24,6,2019,10,10,13,0,2,3943.0
3028,3029,4,4,1.0,0,0,1,1,12,6,2019,7,0,12,55,5,5281.0
3029,3030,4,4,2.0,0,0,0,1,1,6,2019,17,15,7,40,14,14667.0
3030,3031,3,3,1.0,0,1,0,1,24,5,2019,20,0,9,20,13,14571.0
3031,3032,2,2,1.0,0,1,0,0,1,3,2019,5,50,12,20,6,28097.0
3032,3033,2,2,1.0,0,1,0,1,6,3,2019,20,35,19,10,22,17471.0
3033,3034,4,4,1.0,0,1,0,0,12,6,2019,8,0,19,0,11,10577.0
3034,3035,4,4,1.0,0,0,1,1,24,6,2019,11,30,19,15,7,14848.0
3035,3036,2,2,3.0,1,0,0,1,15,4,2019,23,30,2,20,2,4591.0
3036,3037,0,0,3.0,1,0,0,1,18,5,2019,19,35,21,55,2,3597.0
3037,3038,4,4,1.0,1,0,0,1,27,5,2019,16,10,22,30,6,6938.0
3038,3039,3,3,3.0,0,0,1,1,24,6,2019,19,55,22,25,2,3807.0
3039,3040,4,4,1.0,0,1,0,0,12,6,2019,9,0,19,0,10,10262.0
3040,3041,3,3,2.0,0,0,0,1,9,5,2019,8,20,20,25,12,11432.0
3041,3042,2,2,3.0,0,1,0,1,21,3,2019,19,55,22,35,2,7229.0
3042,3043,4,4,1.0,0,0,1,1,21,5,2019,11,30,19,15,7,14848.0
3043,3044,3,3,1.0,0,1,0,0,15,5,2019,6,30,23,35,17,8586.0
3044,3045,4,4,1.0,0,0,1,1,9,4,2019,10,35,19,15,8,6106.0
3045,3046,3,3,3.0,0,0,1,1,3,5,2019,22,20,0,40,2,3873.0
3046,3047,4,4,2.0,0,1,0,0,15,6,2019,11,40,19,0,7,15812.0
3047,3048,3,3,1.0,0,1,0,1,24,5,2019,20,25,14,25,18,12121.0
3048,3049,3,3,1.0,0,1,0,0,12,5,2019,6,30,19,50,13,8586.0
3049,3050,4,4,1.0,0,0,1,1,12,6,2019,7,30,19,15,11,7354.0
3050,3051,3,3,3.0,1,0,0,1,6,3,2019,21,25,0,5,2,4778.0
3051,3052,4,4,1.0,1,0,0,1,9,6,2019,8,30,21,0,12,6838.0
3052,3053,4,4,1.0,0,0,1,1,6,3,2019,9,45,22,20,12,10276.0
3053,3054,2,2,3.0,0,1,0,1,18,6,2019,8,20,11,20,3,8016.0
3054,3055,2,2,1.0,0,0,0,1,21,3,2019,8,15,18,30,10,4943.0
3055,3056,2,2,3.0,1,0,0,1,24,6,2019,8,30,11,20,2,4823.0
3056,3057,3,3,1.0,0,1,0,1,1,4,2019,8,25,16,20,7,12996.0
3057,3058,4,4,1.0,0,0,0,1,27,5,2019,9,0,19,15,10,9929.0
3058,3059,4,4,1.0,0,0,1,1,3,6,2019,10,0,1,30,15,9508.0
3059,3060,4,4,3.0,0,0,0,1,21,3,2019,18,5,21,10,3,5674.0
3060,3061,0,0,3.0,1,0,0,1,18,6,2019,11,35,14,0,2,3858.0
3061,3062,3,3,3.0,1,0,0,1,24,5,2019,22,15,0,50,2,4804.0
3062,3063,4,4,1.0,0,0,1,1,27,5,2019,14,0,1,30,11,13377.0
3063,3064,4,4,1.0,0,1,0,0,27,5,2019,15,0,4,25,13,12898.0
3064,3065,3,3,3.0,0,0,1,1,1,6,2019,10,20,12,55,2,4409.0
3065,3066,4,4,1.0,0,0,1,1,1,6,2019,7,55,22,25,14,8759.0
3066,3067,2,2,1.0,0,0,0,1,3,3,2019,0,30,23,55,23,10394.0
3067,3068,0,0,3.0,1,0,0,1,18,3,2019,11,35,14,0,2,3858.0
3068,3069,4,4,1.0,0,0,1,1,15,6,2019,7,55,13,25,5,6253.0
3069,3070,4,4,2.0,0,1,0,1,27,5,2019,19,10,12,35,17,15129.0
3070,3071,3,3,1.0,0,0,1,1,24,3,2019,6,35,14,25,7,4773.0
3071,3072,3,3,1.0,0,1,0,0,21,5,2019,6,30,9,20,26,9663.0
3072,3073,3,3,1.0,0,1,0,1,12,6,2019,17,0,9,45,16,12692.0
3073,3074,2,2,3.0,1,0,0,1,6,6,2019,1,30,4,15,2,3943.0
3074,3075,3,3,1.0,0,1,0,0,12,5,2019,17,0,21,5,28,10703.0
3075,3076,4,4,1.0,1,0,0,1,27,3,2019,6,40,21,0,14,8784.0
3076,3077,4,4,1.0,0,0,1,1,9,6,2019,9,15,19,0,9,11622.0
3077,3078,0,0,3.0,1,0,0,1,24,5,2019,22,5,0,25,2,5277.0
3078,3079,4,4,1.0,0,0,1,1,21,5,2019,16,45,7,10,14,8327.0
3079,3080,4,4,3.0,1,0,0,1,9,3,2019,5,35,8,50,3,6885.0
3080,3081,2,2,3.0,0,1,0,1,12,6,2019,17,45,20,45,3,8016.0
3081,3082,4,4,1.0,1,0,0,1,1,6,2019,23,30,4,35,5,10112.0
3082,3083,4,4,1.0,1,0,0,1,6,3,2019,17,30,1,35,8,14871.0
3083,3084,4,4,1.0,0,1,0,0,9,6,2019,9,0,19,0,10,10262.0
3084,3085,1,1,3.0,0,1,0,0,24,3,2019,19,35,21,5,1,2470.0
3085,3086,4,4,2.0,0,0,0,1,9,3,2019,13,15,9,25,20,11622.0
3086,3087,3,3,1.0,0,0,1,1,6,5,2019,20,20,10,45,14,8662.0
3087,3088,4,4,2.0,0,0,0,1,24,6,2019,17,15,19,15,26,11972.0
3088,3089,4,4,2.0,0,1,0,0,6,6,2019,9,25,4,25,19,11992.0
3089,3090,4,4,1.0,0,1,0,0,18,5,2019,10,0,4,25,18,12373.0
3090,3091,4,4,1.0,0,0,1,1,1,6,2019,10,0,1,30,15,7198.0
3091,3092,4,4,1.0,0,1,0,1,15,6,2019,7,5,12,35,5,14714.0
3092,3093,4,4,1.0,1,0,0,1,9,6,2019,16,0,1,30,9,6316.0
3093,3094,4,4,1.0,0,0,0,1,27,3,2019,17,40,8,15,14,5998.0
3094,3095,3,3,1.0,0,1,0,1,12,6,2019,18,55,16,20,21,13044.0
3095,3096,4,4,1.0,0,0,1,1,12,6,2019,13,5,22,30,9,9646.0
3096,3097,4,4,1.0,0,0,1,1,27,6,2019,16,45,7,10,14,6451.0
3097,3098,4,4,1.0,0,0,1,1,24,6,2019,7,0,12,55,5,5281.0
3098,3099,1,1,3.0,0,1,0,0,1,5,2019,19,35,21,5,1,2228.0
3099,3100,2,2,3.0,1,0,0,1,1,6,2019,6,5,8,50,2,3943.0
3100,3101,4,4,2.0,0,0,0,1,15,6,2019,10,55,7,40,20,11753.0
3101,3102,4,4,2.0,0,1,0,1,24,6,2019,23,5,12,35,13,12819.0
3102,3103,4,4,2.0,0,1,0,0,21,3,2019,13,55,18,50,28,8728.0
3103,3104,4,4,1.0,0,0,1,1,9,5,2019,8,45,13,15,4,4812.0
3104,3105,3,3,1.0,0,1,0,1,1,5,2019,17,0,22,5,29,14151.0
3105,3106,3,3,1.0,0,0,1,1,1,5,2019,20,20,9,5,12,8452.0
3106,3107,3,3,1.0,1,0,0,1,24,3,2019,15,10,20,15,5,6762.0
3107,3108,2,2,1.0,0,1,0,1,12,3,2019,18,55,13,15,18,13817.0
3108,3109,4,4,1.0,0,1,0,0,21,5,2019,14,0,12,35,22,12898.0
3109,3110,3,3,1.0,1,0,0,1,6,4,2019,19,20,23,45,4,3480.0
3110,3111,2,2,1.0,0,1,0,0,1,3,2019,11,40,21,20,9,27992.0
3111,3112,4,4,2.0,0,1,0,0,21,3,2019,18,25,4,25,10,7791.0
3112,3113,4,4,1.0,0,0,0,1,21,3,2019,6,10,23,0,16,5704.0
3113,3114,3,3,1.0,1,0,0,1,21,5,2019,16,35,22,15,5,5268.0
3114,3115,2,2,3.0,0,0,1,1,6,6,2019,11,40,14,30,2,3898.0
3115,3116,3,3,3.0,0,0,1,1,15,3,2019,9,0,11,30,2,3847.0
3116,3117,4,4,1.0,0,0,1,1,12,6,2019,7,30,19,0,11,10877.0
3117,3118,4,4,1.0,0,0,1,1,9,4,2019,8,45,19,15,10,8371.0
3118,3119,4,4,1.0,0,0,1,1,6,6,2019,7,10,22,30,15,7038.0
3119,3120,3,3,1.0,0,1,0,1,9,6,2019,6,30,16,20,9,14571.0
3120,3121,3,3,1.0,0,1,0,0,9,6,2019,20,0,9,20,13,11841.0
3121,3122,4,4,2.0,0,1,0,1,18,5,2019,13,25,12,35,23,15129.0
3122,3123,3,3,3.0,0,0,1,0,15,6,2019,22,20,0,40,2,3841.0
3123,3124,4,4,1.0,0,1,0,0,24,6,2019,11,30,12,35,25,10262.0
3124,3125,3,3,3.0,0,0,0,1,6,4,2019,20,45,23,20,2,4460.0
3125,3126,2,2,3.0,1,0,0,1,3,3,2019,18,25,21,20,2,7648.0
3126,3127,3,3,1.0,0,0,1,1,6,6,2019,7,10,20,20,13,8610.0
3127,3128,0,0,3.0,1,0,0,1,18,6,2019,13,15,15,35,2,3597.0
3128,3129,4,4,1.0,1,0,0,1,24,6,2019,7,35,16,10,8,6442.0
3129,3130,4,4,1.0,1,0,0,1,9,3,2019,6,40,21,0,14,12351.0
3130,3131,4,4,1.0,0,0,1,1,21,5,2019,17,30,1,30,8,14067.0
3131,3132,2,2,3.0,1,0,0,1,15,5,2019,20,0,22,50,2,4823.0
3132,3133,3,3,1.0,0,0,1,1,24,3,2019,17,0,22,10,29,12102.0
3133,3134,1,1,3.0,0,1,0,1,24,5,2019,7,5,8,30,1,8040.0
3134,3135,2,2,3.0,1,0,0,1,3,3,2019,10,5,13,0,2,7648.0
3135,3136,4,4,1.0,1,0,0,1,9,5,2019,2,0,7,25,5,6582.0
3136,3137,2,2,3.0,0,0,1,1,12,6,2019,11,30,14,20,2,4668.0
3137,3138,2,2,3.0,1,0,0,1,1,4,2019,20,0,22,50,2,4823.0
3138,3139,3,3,3.0,0,0,1,1,1,5,2019,22,20,0,40,2,3873.0
3139,3140,4,4,1.0,0,0,1,1,18,5,2019,10,20,19,15,8,8476.0
3140,3141,4,4,1.0,1,0,0,1,27,5,2019,7,15,12,30,5,5636.0
3141,3142,3,3,1.0,0,1,0,0,12,5,2019,8,25,19,50,11,8586.0
3142,3143,2,2,3.0,1,0,0,1,6,6,2019,18,25,21,20,2,4823.0
3143,3144,4,4,3.0,0,0,0,1,6,3,2019,5,10,8,0,2,6881.0
3144,3145,3,3,1.0,0,1,0,0,9,5,2019,14,5,22,35,8,10844.0
3145,3146,3,3,1.0,1,0,0,1,24,4,2019,19,35,23,15,3,4226.0
3146,3147,4,4,1.0,0,1,0,0,9,5,2019,19,15,19,0,23,12373.0
3147,3148,3,3,2.0,0,0,0,1,6,6,2019,8,20,21,50,13,10697.0
3148,3149,1,1,3.0,0,1,0,0,3,6,2019,10,20,11,50,1,4995.0
3149,3150,4,4,2.0,0,0,0,1,24,6,2019,16,40,19,15,26,9443.0
3150,3151,4,4,2.0,0,1,0,0,18,5,2019,5,30,4,25,22,13029.0
3151,3152,4,4,2.0,0,1,0,1,21,3,2019,18,25,4,25,34,12347.0
3152,3153,4,4,1.0,0,0,1,1,9,6,2019,13,0,21,0,8,7408.0
3153,3154,3,3,1.0,0,1,0,0,1,4,2019,18,55,9,20,14,7064.0
3154,3155,4,4,1.0,0,1,0,0,6,3,2019,13,0,4,25,15,13843.0
3155,3156,3,3,3.0,1,0,0,1,12,4,2019,15,30,18,5,2,4174.0
3156,3157,4,4,0.0,0,0,1,1,15,5,2019,11,35,21,0,9,16294.0
3157,3158,3,3,3.0,0,0,1,0,18,5,2019,6,55,9,30,2,3841.0
3158,3159,2,2,3.0,1,0,0,1,15,6,2019,4,0,6,50,2,4423.0
3159,3160,4,4,3.0,0,0,0,1,12,6,2019,5,10,8,0,2,5201.0
3160,3161,2,2,2.0,0,0,0,1,3,3,2019,6,45,11,10,28,12599.0
3161,3162,1,1,3.0,1,0,0,1,21,5,2019,6,25,7,55,1,4049.0
3162,3163,3,3,2.0,0,0,0,1,24,5,2019,9,25,10,30,25,12797.0
3163,3164,3,3,1.0,0,1,0,1,24,5,2019,20,25,10,55,14,13067.0
3164,3165,3,3,1.0,0,0,1,1,24,5,2019,20,20,18,50,22,9345.0
3165,3166,4,4,1.0,1,0,0,1,21,5,2019,5,5,12,10,7,6818.0
3166,3167,1,1,3.0,0,1,0,1,3,5,2019,10,20,11,50,1,8040.0
3167,3168,4,4,2.0,0,1,0,1,12,6,2019,18,20,12,35,18,14300.0
3168,3169,4,4,1.0,0,0,1,1,15,5,2019,18,15,1,30,7,13727.0
3169,3170,2,2,1.0,0,1,0,0,21,3,2019,16,55,10,25,17,7832.0
3170,3171,4,4,1.0,0,0,1,1,9,3,2019,4,0,12,55,8,16259.0
3171,3172,2,2,3.0,1,0,0,1,27,6,2019,8,30,11,20,2,4823.0
3172,3173,2,2,1.0,0,1,0,1,6,3,2019,11,40,8,15,20,16736.0
3173,3174,3,3,2.0,0,0,0,1,6,6,2019,9,25,5,25,20,13217.0
3174,3175,4,4,1.0,0,0,1,1,27,3,2019,12,50,21,0,8,6637.0
3175,3176,3,3,1.0,0,1,0,0,9,6,2019,18,55,12,0,17,10844.0
3176,3177,4,4,1.0,0,0,1,0,21,3,2019,10,0,19,15,9,8401.0
3177,3178,3,3,3.0,0,0,1,1,12,4,2019,9,0,11,25,2,3873.0
3178,3179,4,4,2.0,0,1,0,0,24,6,2019,20,0,4,25,8,12410.0
3179,3180,4,4,2.0,0,1,0,1,18,5,2019,23,5,12,35,13,15129.0
3180,3181,2,2,3.0,1,0,0,1,1,5,2019,13,0,15,50,2,4423.0
3181,3182,4,4,1.0,0,1,0,1,27,5,2019,13,0,19,0,6,16079.0
3182,3183,3,3,2.0,0,0,0,1,6,6,2019,14,30,8,55,18,15894.0
3183,3184,4,4,1.0,0,0,1,1,15,5,2019,4,55,19,0,14,9103.0
3184,3185,4,4,1.0,0,0,0,1,12,6,2019,9,45,8,15,22,8991.0
3185,3186,3,3,2.0,0,0,0,1,1,4,2019,16,50,18,20,25,7893.0
3186,3187,1,1,3.0,1,0,0,1,3,3,2019,2,30,4,0,1,4575.0
3187,3188,3,3,3.0,0,0,1,1,3,5,2019,9,0,11,25,2,3873.0
3188,3189,2,2,1.0,0,1,0,0,21,3,2019,5,45,21,20,15,7832.0
3189,3190,0,0,3.0,1,0,0,1,1,5,2019,14,45,17,5,2,3597.0
3190,3191,3,3,1.0,0,1,0,1,24,3,2019,21,10,23,25,26,13759.0
3191,3192,2,2,3.0,0,1,0,1,27,5,2019,18,55,22,0,3,7229.0
3192,3193,3,3,3.0,0,0,1,1,15,4,2019,6,55,9,30,2,3873.0
3193,3194,4,4,1.0,0,0,1,1,15,5,2019,6,0,19,0,13,9794.0
3194,3195,4,4,1.0,0,0,0,1,27,3,2019,13,30,8,15,18,6681.0
3195,3196,2,2,3.0,1,0,0,1,21,4,2019,21,15,0,15,3,4423.0
3196,3197,3,3,1.0,0,1,0,0,15,5,2019,8,25,19,50,11,10844.0
3197,3198,4,4,1.0,1,0,0,1,1,6,2019,9,15,21,0,11,7258.0
3198,3199,1,1,3.0,0,1,0,0,12,6,2019,10,20,11,50,1,4995.0
3199,3200,4,4,1.0,0,1,0,1,9,6,2019,20,55,19,0,22,14924.0
3200,3201,2,2,1.0,0,0,1,1,15,3,2019,6,40,10,25,27,6590.0
3201,3202,4,4,1.0,0,1,0,0,3,6,2019,20,55,12,35,15,10262.0
3202,3203,3,3,3.0,0,0,1,1,9,3,2019,9,0,11,30,2,5515.0
3203,3204,4,4,2.0,0,1,0,0,27,3,2019,19,10,19,45,24,6643.0
3204,3205,1,1,3.0,1,0,0,1,24,6,2019,19,5,20,35,1,2754.0
3205,3206,4,4,1.0,1,0,0,1,9,6,2019,17,5,22,15,5,6493.0
3206,3207,3,3,1.0,1,0,0,1,24,5,2019,18,5,23,30,5,6218.0
3207,3208,4,4,2.0,0,0,0,1,6,6,2019,5,55,19,15,13,10861.0
3208,3209,4,4,1.0,1,0,0,1,6,3,2019,7,35,16,10,8,7094.0
3209,3210,1,1,3.0,0,0,1,1,24,3,2019,22,45,0,10,1,2227.0
3210,3211,2,2,3.0,0,1,0,0,21,4,2019,19,50,22,50,3,4544.0
3211,3212,2,2,2.0,0,0,0,1,21,3,2019,5,50,16,20,10,7664.0
3212,3213,2,2,3.0,0,1,0,1,27,6,2019,17,45,20,45,3,8016.0
3213,3214,3,3,3.0,0,0,1,1,27,5,2019,22,50,1,20,2,3807.0
3214,3215,4,4,2.0,0,0,0,1,3,6,2019,7,10,19,15,12,12698.0
3215,3216,3,3,1.0,0,1,0,0,24,5,2019,6,30,4,40,22,8586.0
3216,3217,3,3,1.0,0,1,0,0,1,4,2019,6,30,4,40,22,7064.0
3217,3218,4,4,3.0,1,0,0,1,9,6,2019,5,35,8,50,3,5601.0
3218,3219,4,4,1.0,0,0,1,1,21,5,2019,15,45,22,5,6,7317.0
3219,3220,3,3,0.0,0,0,0,1,6,5,2019,10,0,10,30,24,12797.0
3220,3221,3,3,1.0,1,0,0,1,6,4,2019,6,15,10,30,4,4226.0
3221,3222,3,3,1.0,0,1,0,1,12,5,2019,17,0,23,35,6,14151.0
3222,3223,4,4,1.0,1,0,0,1,27,3,2019,10,45,1,35,14,6628.0
3223,3224,2,2,3.0,1,0,0,1,9,3,2019,4,0,6,50,2,8033.0
3224,3225,4,4,1.0,0,0,1,1,1,6,2019,10,35,19,0,8,11200.0
3225,3226,3,3,3.0,1,0,0,1,24,6,2019,15,30,18,5,2,4804.0
3226,3227,3,3,1.0,0,0,1,1,12,6,2019,22,40,10,40,12,5192.0
3227,3228,4,4,2.0,0,1,0,1,12,6,2019,9,40,4,25,18,13014.0
3228,3229,3,3,1.0,0,1,0,0,21,5,2019,21,10,22,35,25,10844.0
3229,3230,4,4,1.0,0,0,1,1,6,3,2019,7,0,15,30,8,15603.0
3230,3231,2,2,3.0,0,0,1,1,3,4,2019,7,45,10,40,2,4239.0
3231,3232,3,3,1.0,0,1,0,1,12,6,2019,14,5,10,5,20,13044.0
3232,3233,4,4,1.0,0,1,0,0,27,5,2019,18,15,19,0,24,12898.0
3233,3234,3,3,1.0,0,0,1,1,1,4,2019,8,35,17,15,8,6013.0
3234,3235,3,3,1.0,0,1,0,1,6,5,2019,16,30,22,35,6,14781.0
3235,3236,4,4,1.0,0,1,0,1,21,3,2019,17,30,4,25,10,12557.0
3236,3237,4,4,1.0,0,0,1,1,6,3,2019,4,45,18,50,14,13875.0
3237,3238,4,4,2.0,0,1,0,0,15,6,2019,9,35,4,25,18,11507.0
3238,3239,3,3,3.0,0,0,0,1,18,6,2019,14,15,16,45,2,5510.0
3239,3240,3,3,1.0,0,0,1,1,24,3,2019,16,25,0,5,7,10198.0
3240,3241,3,3,1.0,0,1,0,1,12,6,2019,10,20,17,35,7,8355.0
3241,3242,2,2,3.0,0,1,0,1,1,6,2019,18,55,22,0,3,8016.0
3242,3243,4,4,1.0,1,0,0,1,27,5,2019,10,35,21,0,10,6314.0
3243,3244,4,4,3.0,0,0,0,1,9,3,2019,5,10,8,0,2,5831.0
3244,3245,4,4,1.0,0,1,0,0,24,6,2019,19,15,4,25,9,10262.0
3245,3246,4,4,1.0,0,0,1,0,6,3,2019,13,55,1,35,11,15136.0
3246,3247,2,2,1.0,0,1,0,0,21,3,2019,20,35,10,25,13,7832.0
3247,3248,0,0,3.0,0,0,1,1,24,3,2019,8,20,10,35,2,3859.0
3248,3249,3,3,3.0,1,0,0,1,6,4,2019,15,15,17,45,2,4174.0
3249,3250,2,2,1.0,0,1,0,1,6,3,2019,5,45,11,25,5,19225.0
3250,3251,4,4,1.0,1,0,0,1,9,3,2019,4,45,21,0,16,10518.0
3251,3252,2,2,3.0,1,0,0,1,6,4,2019,7,10,10,5,2,4823.0
3252,3253,2,2,3.0,0,0,0,1,24,3,2019,10,0,12,45,2,7276.0
3253,3254,4,4,1.0,0,0,1,1,9,6,2019,10,0,19,0,9,12192.0
3254,3255,4,4,1.0,0,0,1,1,1,6,2019,16,45,7,10,14,11410.0
3255,3256,3,3,2.0,0,0,0,1,21,5,2019,10,0,1,20,15,13033.0
3256,3257,2,2,1.0,0,1,0,1,1,3,2019,5,45,15,15,9,26890.0
3257,3258,3,3,3.0,1,0,0,1,27,6,2019,15,15,17,45,2,4804.0
3258,3259,3,3,1.0,0,1,0,0,15,5,2019,18,55,20,45,25,10844.0
3259,3260,4,4,2.0,0,0,0,1,12,6,2019,12,55,19,15,30,12436.0
3260,3261,2,2,3.0,1,0,0,1,21,6,2019,7,10,10,5,2,4823.0
3261,3262,1,1,3.0,1,0,0,1,3,6,2019,21,20,22,50,1,2227.0
3262,3263,4,4,1.0,0,1,0,0,1,6,2019,20,55,12,35,15,10262.0
3263,3264,4,4,1.0,0,1,0,1,3,3,2019,8,0,4,25,20,17024.0
3264,3265,4,4,2.0,0,1,0,0,27,3,2019,6,20,4,25,22,9296.0
3265,3266,4,4,3.0,0,0,0,1,6,6,2019,18,5,21,10,3,6094.0
3266,3267,3,3,1.0,0,1,0,0,9,6,2019,8,25,4,40,20,8586.0
3267,3268,4,4,2.0,0,1,0,0,15,6,2019,6,45,4,25,21,10919.0
3268,3269,3,3,1.0,0,0,1,1,9,6,2019,16,40,0,15,7,9495.0
3269,3270,4,4,1.0,0,1,0,1,12,6,2019,21,50,4,25,6,14714.0
3270,3271,4,4,3.0,0,0,0,1,24,6,2019,14,10,17,10,3,5201.0
3271,3272,4,4,2.0,0,0,0,1,27,3,2019,9,45,9,25,23,7090.0
3272,3273,1,1,3.0,1,0,0,1,15,5,2019,9,10,10,40,1,4575.0
3273,3274,4,4,1.0,0,0,1,1,15,5,2019,7,5,16,10,9,9646.0
3274,3275,4,4,1.0,1,0,0,1,12,6,2019,2,0,7,25,5,5636.0
3275,3276,4,4,1.0,0,0,1,1,15,6,2019,7,5,16,10,9,9646.0
3276,3277,1,1,3.0,0,1,0,0,9,3,2019,19,40,21,10,1,4050.0
3277,3278,4,4,1.0,0,1,0,1,9,6,2019,21,50,19,0,21,14714.0
3278,3279,3,3,3.0,1,0,0,1,18,6,2019,15,15,17,45,2,4804.0
3279,3280,4,4,1.0,0,1,0,0,9,6,2019,18,15,19,0,24,10577.0
3280,3281,2,2,3.0,0,0,1,1,15,6,2019,20,55,23,40,2,3898.0
3281,3282,3,3,1.0,0,1,0,1,6,6,2019,20,0,12,0,16,14571.0
3282,3283,4,4,2.0,0,1,0,0,15,6,2019,6,45,4,25,21,10919.0
3283,3284,2,2,3.0,0,1,0,1,18,6,2019,6,0,8,45,2,8016.0
3284,3285,4,4,1.0,1,0,0,1,21,3,2019,4,55,12,0,7,6287.0
3285,3286,3,3,1.0,0,0,0,1,6,6,2019,16,50,7,55,15,8366.0
3286,3287,4,4,1.0,0,1,0,0,6,3,2019,11,30,18,50,7,15400.0
3287,3288,2,2,3.0,0,0,1,1,3,3,2019,19,40,22,20,2,8553.0
3288,3289,3,3,3.0,0,0,1,0,9,4,2019,6,55,9,30,2,3841.0
3289,3290,4,4,2.0,0,0,0,1,9,4,2019,5,55,7,40,25,10021.0
3290,3291,0,0,3.0,0,0,1,1,24,6,2019,17,45,20,5,2,3597.0
3291,3292,0,0,3.0,1,0,0,1,24,5,2019,11,35,14,0,2,4332.0
3292,3293,2,2,3.0,0,0,1,1,21,6,2019,20,55,23,40,2,3898.0
3293,3294,1,1,2.0,0,1,0,1,6,3,2019,13,5,16,50,27,21375.0
3294,3295,3,3,1.0,0,0,1,1,6,6,2019,7,10,23,25,16,8610.0
3295,3296,3,3,3.0,1,0,0,1,15,6,2019,17,15,19,50,2,4804.0
3296,3297,4,4,2.0,0,0,0,1,1,6,2019,14,25,19,15,28,13591.0
3297,3298,3,3,1.0,0,1,0,1,6,5,2019,6,30,16,20,9,14781.0
3298,3299,2,2,1.0,0,1,0,0,15,3,2019,8,0,13,15,5,9134.0
3299,3300,4,4,2.0,0,0,0,1,9,6,2019,5,55,7,40,25,10493.0
3300,3301,2,2,1.0,0,1,0,0,24,3,2019,11,40,9,0,21,8147.0
3301,3302,3,3,3.0,0,0,1,1,21,6,2019,22,20,0,40,2,3873.0
3302,3303,3,3,1.0,0,1,0,1,9,6,2019,18,55,12,0,17,14571.0
3303,3304,2,2,2.0,0,0,0,1,3,3,2019,10,30,21,25,10,11003.0
3304,3305,4,4,1.0,0,1,0,0,3,6,2019,19,15,4,25,9,10262.0
3305,3306,4,4,1.0,0,1,0,1,21,3,2019,2,15,18,50,16,12719.0
3306,3307,4,4,1.0,0,1,0,0,24,6,2019,20,55,19,0,22,10262.0
3307,3308,2,2,3.0,0,0,0,1,21,6,2019,17,0,19,45,2,7171.0
3308,3309,2,2,3.0,0,0,1,1,27,4,2019,5,55,8,35,2,4423.0
3309,3310,4,4,1.0,0,0,1,0,9,3,2019,17,25,1,35,8,12616.0
3310,3311,4,4,2.0,0,0,0,1,1,6,2019,17,15,19,15,26,12970.0
3311,3312,3,3,1.0,0,1,0,1,24,3,2019,21,10,10,5,12,14914.0
3312,3313,1,1,3.0,0,1,0,0,6,5,2019,2,55,4,20,1,3210.0
3313,3314,2,2,3.0,0,0,1,1,21,4,2019,7,45,10,40,2,4632.0
3314,3315,4,4,1.0,0,1,0,0,9,5,2019,17,30,4,25,10,12373.0
3315,3316,3,3,3.0,1,0,0,1,15,6,2019,14,25,16,55,2,4804.0
3316,3317,4,4,0.0,0,0,1,1,3,3,2019,11,35,21,0,9,21829.0
3317,3318,4,4,1.0,0,0,1,1,1,6,2019,8,0,21,0,13,13587.0
3318,3319,4,4,2.0,0,1,0,1,27,6,2019,23,5,4,25,29,12819.0
3319,3320,4,4,1.0,0,0,1,1,27,3,2019,20,10,7,10,11,6151.0
3320,3321,2,2,3.0,0,1,0,1,1,6,2019,15,15,18,10,2,8016.0
3321,3322,4,4,1.0,0,0,1,1,6,3,2019,7,30,18,50,11,15135.0
3322,3323,4,4,1.0,1,0,0,1,21,5,2019,17,10,1,30,8,6794.0
3323,3324,3,3,1.0,0,0,1,1,15,5,2019,17,0,20,20,27,8610.0
3324,3325,3,3,2.0,0,0,0,1,18,5,2019,5,50,12,30,30,12723.0
3325,3326,3,3,1.0,0,0,0,1,6,6,2019,12,0,13,15,25,7662.0
3326,3327,4,4,1.0,0,0,1,1,9,3,2019,17,0,1,35,8,14343.0
3327,3328,4,4,1.0,0,0,1,1,1,6,2019,10,20,1,30,15,6795.0
3328,3329,3,3,3.0,0,0,1,1,9,5,2019,22,20,0,40,2,3873.0
3329,3330,1,1,3.0,1,0,0,1,12,6,2019,19,5,20,35,1,2754.0
3330,3331,1,1,1.0,0,0,0,1,6,3,2019,6,10,21,15,15,16666.0
3331,3332,4,4,1.0,0,0,1,1,1,6,2019,4,55,12,35,7,11098.0
3332,3333,3,3,1.0,0,1,0,0,9,6,2019,17,0,22,5,29,10539.0
3333,3334,4,4,1.0,0,0,0,1,27,5,2019,7,0,19,15,12,9929.0
3334,3335,3,3,1.0,0,1,0,0,12,5,2019,16,30,16,20,23,10844.0
3335,3336,3,3,1.0,0,1,0,1,6,6,2019,9,35,14,25,28,12692.0
3336,3337,4,4,1.0,0,1,0,0,21,3,2019,20,50,4,25,7,9212.0
3337,3338,4,4,1.0,0,0,1,1,15,5,2019,15,0,1,30,10,13727.0
3338,3339,2,2,3.0,0,0,1,1,15,6,2019,4,55,7,45,2,4282.0
3339,3340,3,3,1.0,0,1,0,0,24,5,2019,18,55,16,20,21,10844.0
3340,3341,4,4,1.0,0,0,0,1,27,6,2019,17,20,9,25,16,7480.0
3341,3342,2,2,3.0,1,0,0,1,1,5,2019,16,55,19,55,3,4823.0
3342,3343,4,4,1.0,0,1,0,0,18,5,2019,22,50,12,35,13,12373.0
3343,3344,4,4,1.0,0,0,1,1,21,3,2019,11,40,21,0,9,7215.0
3344,3345,4,4,1.0,0,0,0,1,9,5,2019,6,5,9,25,27,7480.0
3345,3346,4,4,1.0,0,0,1,1,24,6,2019,9,0,21,0,12,8143.0
3346,3347,2,2,3.0,1,0,0,1,3,5,2019,18,25,21,20,2,4823.0
3347,3348,3,3,1.0,0,1,0,0,6,6,2019,20,0,8,15,12,10844.0
3348,3349,2,2,3.0,0,0,1,1,12,4,2019,21,10,0,5,2,5621.0
3349,3350,3,3,1.0,0,0,1,1,18,5,2019,20,20,20,20,24,9555.0
3350,3351,2,2,3.0,1,0,0,1,21,3,2019,1,30,4,15,2,4777.0
3351,3352,2,2,3.0,0,0,1,1,3,3,2019,9,35,12,30,2,7648.0
3352,3353,3,3,1.0,1,0,0,1,1,4,2019,9,20,14,15,4,10308.0
3353,3354,4,4,2.0,0,1,0,1,24,5,2019,11,40,19,0,7,21219.0
3354,3355,3,3,1.0,1,0,0,1,6,5,2019,9,20,14,15,4,11319.0
3355,3356,3,3,1.0,0,1,0,0,15,5,2019,21,10,20,45,23,10844.0
3356,3357,4,4,1.0,0,0,1,1,9,5,2019,18,15,1,30,7,15078.0
3357,3358,1,1,3.0,0,0,1,1,1,5,2019,22,45,0,15,1,2017.0
3358,3359,3,3,3.0,0,0,1,1,1,6,2019,22,50,1,20,2,4409.0
3359,3360,4,4,1.0,1,0,0,1,9,6,2019,7,35,12,10,4,5054.0
3360,3361,2,2,2.0,0,0,0,1,15,3,2019,5,50,22,10,16,10111.0
3361,3362,2,2,3.0,0,0,1,0,18,3,2019,20,30,23,20,2,4273.0
3362,3363,4,4,2.0,0,1,0,0,21,3,2019,13,55,18,50,28,8728.0
3363,3364,3,3,1.0,0,0,0,1,24,5,2019,16,50,7,55,15,8576.0
3364,3365,2,2,3.0,0,1,0,1,3,6,2019,17,45,20,45,3,8016.0
3365,3366,2,2,3.0,0,1,0,1,9,6,2019,15,15,18,10,2,8016.0
3366,3367,3,3,1.0,0,1,0,1,18,5,2019,20,25,23,35,27,14151.0
3367,3368,2,2,3.0,1,0,0,1,15,4,2019,6,5,8,50,2,4423.0
3368,3369,1,1,3.0,0,1,0,0,15,6,2019,7,5,8,30,1,4050.0
3369,3370,3,3,1.0,0,1,0,1,6,5,2019,14,5,19,50,5,14781.0
3370,3371,3,3,1.0,0,1,0,0,15,5,2019,20,0,8,15,12,8586.0
3371,3372,3,3,1.0,0,0,1,1,21,5,2019,19,55,23,30,3,5162.0
3372,3373,3,3,1.0,0,1,0,1,9,6,2019,21,10,4,40,7,13731.0
3373,3374,4,4,1.0,0,1,0,0,21,3,2019,13,0,4,25,15,7438.0
3374,3375,3,3,1.0,0,1,0,1,15,5,2019,9,35,10,55,25,14151.0
3375,3376,2,2,3.0,0,0,1,1,12,4,2019,21,0,23,50,2,5613.0
3376,3377,3,3,1.0,1,0,0,1,15,5,2019,15,15,20,5,4,5380.0
3377,3378,4,4,1.0,0,1,0,0,21,3,2019,11,30,4,25,16,7438.0
3378,3379,4,4,1.0,0,0,1,1,1,6,2019,7,5,22,30,15,9646.0
3379,3380,4,4,1.0,0,0,1,1,15,5,2019,20,45,7,10,10,6853.0
3380,3381,2,2,1.0,0,1,0,1,18,3,2019,14,5,20,20,6,13555.0
3381,3382,4,4,1.0,1,0,0,1,15,6,2019,17,30,1,30,8,5883.0
3382,3383,4,4,1.0,1,0,0,1,9,3,2019,4,55,12,0,7,6171.0
3383,3384,1,1,3.0,1,0,0,1,21,5,2019,16,55,18,25,1,3175.0
3384,3385,4,4,1.0,1,0,0,1,27,3,2019,7,45,13,40,5,4832.0
3385,3386,4,4,1.0,0,0,1,1,1,6,2019,16,0,1,30,9,13377.0
3386,3387,4,4,1.0,0,1,0,0,24,6,2019,19,45,4,25,8,10262.0
3387,3388,4,4,1.0,0,1,0,0,1,6,2019,18,15,12,35,18,10262.0
3388,3389,4,4,2.0,0,0,0,1,18,5,2019,12,0,7,40,19,8603.0
3389,3390,3,3,1.0,0,1,0,0,6,6,2019,6,30,4,40,22,8586.0
3390,3391,3,3,1.0,0,0,1,1,21,5,2019,20,20,9,5,12,8452.0
3391,3392,3,3,1.0,0,1,0,1,24,3,2019,18,55,18,10,23,14231.0
3392,3393,4,4,1.0,0,1,0,1,21,5,2019,8,0,19,0,11,16289.0
3393,3394,2,2,3.0,0,0,1,1,3,3,2019,9,35,12,30,2,6860.0
3394,3395,1,1,3.0,1,0,0,1,9,5,2019,2,35,4,5,1,2754.0
3395,3396,4,4,1.0,0,0,1,1,9,6,2019,7,5,22,30,15,9646.0
3396,3397,0,0,3.0,0,0,0,1,27,5,2019,11,40,13,55,2,4667.0
3397,3398,3,3,3.0,1,0,0,1,21,4,2019,15,30,18,5,2,4804.0
3398,3399,2,2,3.0,1,0,0,1,9,3,2019,1,30,4,15,2,4545.0
3399,3400,2,2,1.0,0,1,0,1,1,3,2019,22,50,20,20,21,25735.0
3400,3401,4,4,2.0,0,1,0,1,21,3,2019,5,30,4,25,22,12647.0
3401,3402,3,3,1.0,0,1,0,0,1,5,2019,14,5,8,15,18,8586.0
3402,3403,0,0,3.0,1,0,0,1,9,6,2019,22,5,0,25,2,5277.0
3403,3404,4,4,1.0,1,0,0,1,27,3,2019,11,30,1,35,14,6206.0
3404,3405,2,2,3.0,0,0,1,1,12,4,2019,11,10,13,55,2,4483.0
3405,3406,3,3,1.0,0,0,1,1,24,5,2019,17,0,18,50,25,9870.0
3406,3407,3,3,3.0,0,0,1,0,27,6,2019,17,10,19,40,2,3841.0
3407,3408,3,3,3.0,0,0,1,0,27,3,2019,9,0,11,30,2,3815.0
3408,3409,2,2,3.0,1,0,0,1,24,3,2019,23,30,2,20,2,6860.0
3409,3410,3,3,1.0,0,1,0,1,1,5,2019,20,25,10,55,14,12121.0
3410,3411,4,4,1.0,0,1,0,0,27,3,2019,9,55,18,50,8,5963.0
3411,3412,2,2,3.0,0,0,1,1,6,6,2019,5,55,8,35,2,3625.0
3412,3413,3,3,3.0,0,0,1,0,15,6,2019,9,0,11,25,2,3841.0
3413,3414,2,2,3.0,1,0,0,1,12,6,2019,20,0,22,50,2,4823.0
3414,3415,4,4,1.0,0,0,1,1,12,6,2019,9,45,16,10,6,9646.0
3415,3416,4,4,1.0,0,1,0,0,27,5,2019,2,15,12,35,10,10152.0
3416,3417,4,4,1.0,1,0,0,1,3,6,2019,6,50,22,30,15,7514.0
3417,3418,2,2,1.0,0,1,0,1,6,3,2019,7,0,18,25,11,16736.0
3418,3419,3,3,1.0,0,1,0,1,6,5,2019,18,55,10,5,15,13584.0
3419,3420,3,3,2.0,0,0,0,1,21,5,2019,8,20,7,55,23,11222.0
3420,3421,0,0,3.0,1,0,0,1,1,5,2019,7,55,10,15,2,3850.0
3421,3422,2,2,3.0,0,0,1,1,24,3,2019,12,0,14,40,2,7608.0
3422,3423,3,3,1.0,0,1,0,0,12,5,2019,20,0,16,20,20,10844.0
3423,3424,4,4,1.0,0,0,1,1,9,6,2019,17,0,1,30,8,7408.0
3424,3425,0,0,3.0,0,0,1,1,18,5,2019,7,5,9,20,2,3687.0
3425,3426,4,4,1.0,0,0,1,1,3,3,2019,16,35,22,50,6,11726.0
3426,3427,3,3,1.0,0,1,0,0,6,5,2019,6,30,9,20,26,9663.0
3427,3428,3,3,2.0,0,0,0,1,24,3,2019,7,0,13,45,30,12829.0
3428,3429,4,4,1.0,1,0,0,1,27,6,2019,16,0,21,0,5,6069.0
3429,3430,3,3,1.0,0,1,0,0,12,6,2019,16,30,19,50,27,8529.0
3430,3431,3,3,1.0,0,0,1,1,9,5,2019,17,0,23,25,6,8085.0
3431,3432,2,2,3.0,0,0,1,1,15,5,2019,19,30,22,15,2,4878.0
3432,3433,2,2,3.0,1,0,0,1,3,4,2019,13,0,15,50,2,4077.0
3433,3434,3,3,1.0,1,0,0,1,9,5,2019,21,0,2,15,5,7605.0
3434,3435,4,4,2.0,0,1,0,1,15,6,2019,5,30,4,25,22,13014.0
3435,3436,4,4,1.0,1,0,0,1,3,3,2019,7,35,22,20,14,11600.0
3436,3437,3,3,1.0,0,1,0,1,12,5,2019,17,0,9,45,16,14151.0
3437,3438,4,4,2.0,0,0,0,1,24,6,2019,13,15,7,40,18,12497.0
3438,3439,4,4,1.0,0,1,0,1,6,3,2019,2,15,18,50,16,17024.0
3439,3440,0,0,3.0,0,0,1,1,9,3,2019,9,30,12,5,2,6300.0
3440,3441,4,4,1.0,0,0,1,1,6,3,2019,17,45,1,35,7,15147.0
3441,3442,4,4,1.0,0,0,1,1,1,6,2019,12,50,1,30,12,6795.0
3442,3443,1,1,3.0,1,0,0,1,3,3,2019,19,5,20,30,1,5755.0
3443,3444,3,3,1.0,0,0,0,1,12,5,2019,20,30,16,15,19,10203.0
3444,3445,4,4,1.0,0,1,0,1,6,6,2019,11,30,4,25,16,14714.0
3445,3446,2,2,3.0,1,0,0,1,18,3,2019,22,20,1,10,2,4545.0
3446,3447,3,3,1.0,0,1,0,1,15,5,2019,6,30,20,45,14,14781.0
3447,3448,2,2,2.0,0,0,0,1,12,3,2019,7,30,11,5,27,11602.0
3448,3449,1,1,3.0,1,0,0,1,6,5,2019,6,25,7,55,1,4049.0
3449,3450,4,4,2.0,0,1,0,0,9,5,2019,5,30,4,25,22,13029.0
3450,3451,3,3,1.0,0,1,0,1,9,6,2019,8,25,20,45,12,14571.0
3451,3452,2,2,3.0,0,0,0,1,9,6,2019,6,10,8,55,2,6961.0
3452,3453,3,3,1.0,0,0,1,1,15,5,2019,8,35,17,15,8,6381.0
3453,3454,3,3,3.0,0,0,1,0,1,4,2019,6,55,9,30,2,3841.0
3454,3455,4,4,2.0,0,1,0,1,21,3,2019,6,20,4,25,22,11538.0
3455,3456,3,3,1.0,0,0,1,1,6,5,2019,20,20,20,20,24,8610.0
3456,3457,4,4,2.0,0,0,0,1,6,3,2019,7,5,19,15,36,11552.0
3457,3458,4,4,1.0,0,0,1,1,1,6,2019,7,0,21,0,14,7408.0
3458,3459,4,4,1.0,0,1,0,0,27,6,2019,19,45,12,35,16,10262.0
3459,3460,3,3,2.0,0,0,0,1,6,5,2019,5,50,8,55,27,10991.0
3460,3461,4,4,1.0,0,0,1,1,9,6,2019,18,15,1,30,7,13587.0
3461,3462,4,4,1.0,0,0,0,1,15,5,2019,12,30,9,25,20,7480.0
3462,3463,2,2,1.0,1,0,0,1,9,3,2019,17,55,22,55,5,6351.0
3463,3464,4,4,1.0,0,0,1,0,27,5,2019,14,0,21,0,7,7153.0
3464,3465,3,3,3.0,0,0,1,1,6,5,2019,19,55,22,25,2,4409.0
3465,3466,3,3,1.0,1,0,0,1,15,5,2019,21,0,2,15,5,7228.0
3466,3467,4,4,1.0,0,0,1,1,27,3,2019,8,0,18,50,10,11667.0
3467,3468,3,3,1.0,0,0,1,1,12,6,2019,15,5,20,20,5,4649.0
3468,3469,3,3,2.0,0,0,0,1,9,5,2019,16,50,13,45,20,12592.0
3469,3470,4,4,1.0,0,0,1,1,12,6,2019,10,20,19,0,8,11789.0
3470,3471,0,0,3.0,0,0,0,1,1,6,2019,11,40,13,55,2,4667.0
3471,3472,3,3,1.0,0,0,1,1,21,5,2019,22,40,10,40,12,9719.0
3472,3473,4,4,1.0,0,0,0,1,27,3,2019,13,0,19,15,6,6902.0
3473,3474,3,3,1.0,0,1,0,1,21,5,2019,20,0,4,40,8,14781.0
3474,3475,3,3,1.0,0,1,0,0,18,5,2019,8,25,22,35,14,10844.0
3475,3476,3,3,2.0,0,0,0,1,24,3,2019,5,40,14,35,32,11522.0
3476,3477,2,2,3.0,0,0,0,1,21,4,2019,13,20,16,10,2,6121.0
3477,3478,3,3,1.0,0,0,1,1,6,6,2019,17,0,23,25,6,8610.0
3478,3479,3,3,3.0,0,0,1,1,24,3,2019,22,50,1,20,2,5620.0
3479,3480,3,3,3.0,1,0,0,1,27,5,2019,15,15,17,45,2,4804.0
3480,3481,4,4,1.0,0,0,1,1,27,5,2019,10,20,21,0,10,7005.0
3481,3482,4,4,2.0,0,1,0,1,1,5,2019,23,5,19,0,19,15129.0
3482,3483,3,3,1.0,0,1,0,0,24,5,2019,20,0,4,40,8,8586.0
3483,3484,4,4,1.0,0,0,1,1,18,5,2019,8,0,19,0,11,10197.0
3484,3485,4,4,1.0,0,0,1,1,27,3,2019,9,10,19,15,10,10667.0
3485,3486,3,3,1.0,1,0,0,1,12,6,2019,9,20,14,15,4,11160.0
3486,3487,4,4,2.0,0,0,0,1,27,5,2019,12,20,19,15,30,12488.0
3487,3488,3,3,1.0,0,1,0,0,18,5,2019,8,25,19,50,11,10844.0
3488,3489,4,4,2.0,0,0,0,1,3,6,2019,16,40,19,15,26,9968.0
3489,3490,2,2,3.0,0,1,0,0,18,5,2019,18,55,22,0,3,5198.0
3490,3491,3,3,1.0,0,1,0,0,1,5,2019,14,5,4,40,14,8586.0
3491,3492,0,0,3.0,1,0,0,1,18,5,2019,11,35,14,0,2,4332.0
3492,3493,3,3,1.0,1,0,0,1,6,5,2019,8,10,13,0,4,5069.0
3493,3494,2,2,3.0,0,1,0,0,6,5,2019,8,20,11,20,3,4544.0
3494,3495,4,4,1.0,0,0,1,1,3,3,2019,4,0,15,30,11,14973.0
3495,3496,2,2,0.0,0,0,0,1,12,3,2019,6,45,18,5,35,13387.0
3496,3497,2,2,3.0,0,0,1,1,9,6,2019,5,55,8,35,2,3625.0
3497,3498,3,3,1.0,0,1,0,0,24,5,2019,9,35,14,25,28,10703.0
3498,3499,3,3,3.0,1,0,0,1,24,3,2019,15,10,17,45,2,7615.0
3499,3500,2,2,3.0,1,0,0,1,27,5,2019,18,25,21,20,2,4823.0
3500,3501,2,2,1.0,0,1,0,1,6,3,2019,11,40,5,5,17,16736.0
3501,3502,3,3,1.0,0,1,0,0,9,5,2019,21,10,12,0,14,9663.0
3502,3503,4,4,1.0,0,0,1,1,18,5,2019,8,30,19,0,10,9205.0
3503,3504,4,4,1.0,0,1,0,1,9,5,2019,22,50,4,25,5,15554.0
3504,3505,1,1,3.0,0,0,1,0,15,5,2019,22,45,0,15,1,1965.0
3505,3506,3,3,3.0,0,0,0,1,15,6,2019,14,15,16,45,2,5510.0
3506,3507,4,4,1.0,0,0,1,1,9,5,2019,10,20,19,15,8,8266.0
3507,3508,1,1,3.0,1,0,0,1,27,5,2019,16,55,18,25,1,3175.0
3508,3509,4,4,1.0,0,0,1,0,9,5,2019,8,45,13,15,4,4760.0
3509,3510,4,4,1.0,0,0,1,1,27,5,2019,8,45,21,0,12,7740.0
3510,3511,3,3,1.0,0,1,0,1,15,5,2019,14,5,23,35,9,13941.0
3511,3512,4,4,1.0,0,0,1,1,6,6,2019,16,45,7,10,14,11410.0
3512,3513,3,3,1.0,0,1,0,1,1,4,2019,16,30,19,50,27,12681.0
3513,3514,4,4,2.0,0,1,0,1,6,5,2019,9,40,12,35,26,15129.0
3514,3515,4,4,2.0,0,1,0,0,12,6,2019,5,30,19,0,13,10368.0
3515,3516,3,3,2.0,0,0,0,1,21,5,2019,8,20,20,25,12,12324.0
3516,3517,3,3,3.0,0,0,1,0,15,4,2019,17,10,19,40,2,3841.0
3517,3518,4,4,2.0,0,1,0,1,24,6,2019,5,30,4,25,22,13014.0
3518,3519,4,4,1.0,1,0,0,1,27,6,2019,6,50,22,30,15,6442.0
3519,3520,4,4,1.0,0,1,0,0,18,5,2019,14,0,19,0,5,12373.0
3520,3521,2,2,1.0,0,1,0,1,12,3,2019,8,55,23,0,14,13817.0
3521,3522,2,2,3.0,1,0,0,1,24,6,2019,18,55,21,50,2,4823.0
3522,3523,4,4,2.0,0,1,0,0,27,3,2019,5,10,4,25,23,9412.0
3523,3524,4,4,2.0,0,0,0,1,27,5,2019,22,0,19,15,21,10231.0
3524,3525,2,2,3.0,0,1,0,1,9,4,2019,15,50,18,45,2,7229.0
3525,3526,2,2,3.0,0,0,1,0,24,3,2019,9,35,12,30,2,4273.0
3526,3527,3,3,1.0,0,1,0,0,18,5,2019,18,55,20,45,25,10844.0
3527,3528,4,4,1.0,1,0,0,1,27,5,2019,2,0,7,25,5,7164.0
3528,3529,2,2,3.0,0,1,0,0,27,6,2019,7,10,10,10,3,6478.0
3529,3530,2,2,3.0,0,1,0,0,12,5,2019,7,10,10,10,3,5198.0
3530,3531,2,2,3.0,0,0,1,0,27,4,2019,5,55,8,35,2,4319.0
3531,3532,4,4,1.0,0,1,0,0,27,6,2019,19,15,12,35,17,10262.0
3532,3533,4,4,3.0,0,0,1,1,18,5,2019,14,40,17,50,3,6741.0
3533,3534,3,3,1.0,0,1,0,1,6,6,2019,14,5,22,35,8,14571.0
3534,3535,2,2,1.0,0,0,0,0,1,3,2019,11,50,23,55,12,26092.0
3535,3536,4,4,2.0,0,0,0,1,27,6,2019,10,55,19,15,8,11753.0
3536,3537,2,2,1.0,0,1,0,0,21,3,2019,8,0,23,0,15,7832.0
3537,3538,3,3,1.0,0,0,1,1,1,5,2019,7,10,20,20,13,8610.0
3538,3539,3,3,1.0,0,1,0,1,12,6,2019,14,5,22,35,8,13626.0
3539,3540,4,4,2.0,0,1,0,0,9,6,2019,9,40,12,35,26,10368.0
3540,3541,1,1,3.0,1,0,0,1,18,6,2019,2,35,4,5,1,2754.0
3541,3542,3,3,1.0,0,1,0,1,6,6,2019,17,0,18,0,25,12692.0
3542,3543,2,2,3.0,1,0,0,1,1,3,2019,10,5,13,0,2,10067.0
3543,3544,4,4,1.0,0,0,1,1,3,6,2019,10,35,19,35,9,4959.0
3544,3545,2,2,2.0,0,0,0,1,1,3,2019,8,50,11,10,26,19372.0
3545,3546,1,1,3.0,0,0,0,1,18,5,2019,6,20,7,40,1,3100.0
3546,3547,4,4,1.0,0,0,1,1,15,5,2019,7,30,21,0,13,8405.0
3547,3548,4,4,1.0,0,0,1,0,27,5,2019,11,30,21,0,9,6943.0
3548,3549,3,3,3.0,0,0,1,0,27,4,2019,17,10,19,40,2,3841.0
3549,3550,1,1,3.0,0,0,1,1,6,6,2019,22,45,0,15,1,2017.0
3550,3551,3,3,1.0,0,0,1,1,1,5,2019,17,0,10,45,17,9187.0
3551,3552,3,3,1.0,0,1,0,1,12,5,2019,8,25,19,50,11,13941.0
3552,3553,4,4,2.0,0,1,0,0,21,3,2019,19,15,18,50,23,8938.0
3553,3554,2,2,3.0,0,0,1,0,18,5,2019,9,30,12,20,2,4319.0
3554,3555,2,2,3.0,0,0,1,0,1,4,2019,21,10,0,5,2,3573.0
3555,3556,3,3,3.0,0,0,1,0,3,5,2019,9,0,11,25,2,3841.0
3556,3557,4,4,3.0,0,1,0,0,27,6,2019,11,0,14,15,3,7202.0
3557,3558,3,3,1.0,0,0,1,1,9,6,2019,17,0,22,55,5,9187.0
3558,3559,4,4,1.0,0,0,1,1,3,6,2019,7,25,13,35,6,6976.0
3559,3560,4,4,1.0,0,1,0,0,21,5,2019,18,15,12,35,18,12898.0
3560,3561,4,4,1.0,0,1,0,0,27,5,2019,2,15,4,25,26,12898.0
3561,3562,4,4,2.0,0,1,0,0,15,6,2019,21,25,19,0,21,10588.0
3562,3563,4,4,2.0,0,0,0,1,24,6,2019,22,0,19,15,21,9181.0
3563,3564,2,2,1.0,0,1,0,0,3,3,2019,5,45,5,5,23,11087.0
3564,3565,4,4,1.0,0,1,0,0,27,6,2019,7,5,12,35,5,10262.0
3565,3566,4,4,3.0,0,1,0,0,6,4,2019,11,0,14,15,3,4886.0
3566,3567,4,4,1.0,1,0,0,1,21,3,2019,2,35,8,30,5,8470.0
3567,3568,3,3,0.0,0,0,0,1,21,5,2019,9,50,23,15,13,14960.0
3568,3569,3,3,3.0,0,0,1,1,9,5,2019,6,55,9,30,2,3873.0
3569,3570,4,4,2.0,0,0,0,1,9,3,2019,16,40,19,15,26,11911.0
3570,3571,4,4,1.0,0,0,0,1,15,6,2019,9,45,23,0,13,8907.0
3571,3572,0,0,3.0,0,0,1,0,9,5,2019,8,20,10,35,2,3859.0
3572,3573,3,3,3.0,0,0,1,1,24,6,2019,22,50,1,20,2,3807.0
3573,3574,3,3,3.0,0,0,1,1,6,3,2019,10,20,12,55,2,4384.0
3574,3575,4,4,1.0,0,0,1,1,3,6,2019,4,55,12,35,7,11622.0
3575,3576,2,2,3.0,0,0,1,1,24,3,2019,19,40,22,20,2,4563.0
3576,3577,1,1,3.0,0,0,1,0,1,4,2019,13,15,14,45,1,1965.0
3577,3578,3,3,3.0,0,0,0,1,24,4,2019,20,45,23,20,2,4145.0
3578,3579,3,3,1.0,0,1,0,0,24,3,2019,21,10,20,40,23,10031.0
3579,3580,2,2,1.0,0,0,0,1,1,3,2019,17,0,23,10,6,11628.0
3580,3581,4,4,1.0,0,1,0,0,15,6,2019,7,5,12,35,5,10262.0
3581,3582,1,1,3.0,0,0,1,1,24,6,2019,13,15,14,45,1,2017.0
3582,3583,4,4,3.0,0,0,1,1,27,4,2019,6,0,9,10,3,6216.0
3583,3584,4,4,0.0,0,0,1,1,15,5,2019,11,35,1,30,13,16294.0
3584,3585,2,2,3.0,1,0,0,1,3,6,2019,4,0,6,50,2,3943.0
3585,3586,4,4,1.0,0,0,1,1,27,5,2019,14,55,22,30,7,7038.0
3586,3587,2,2,1.0,0,0,1,1,9,3,2019,10,20,18,15,7,7294.0
3587,3588,3,3,3.0,0,0,1,1,6,4,2019,9,0,11,25,2,3873.0
3588,3589,1,1,3.0,0,0,0,1,18,6,2019,13,55,15,25,1,3100.0
3589,3590,4,4,1.0,0,0,1,1,27,5,2019,10,0,19,0,9,12507.0
3590,3591,4,4,1.0,0,0,1,1,21,5,2019,7,55,22,30,14,6152.0
3591,3592,3,3,1.0,0,0,0,1,1,4,2019,9,50,21,5,11,8030.0
3592,3593,2,2,3.0,0,1,0,0,18,6,2019,8,20,11,20,3,5769.0
3593,3594,3,3,3.0,1,0,0,1,6,6,2019,17,15,19,50,2,4804.0
3594,3595,4,4,1.0,0,0,0,1,18,5,2019,9,45,9,25,23,8372.0
3595,3596,2,2,1.0,0,1,0,1,15,3,2019,9,45,14,25,4,8578.0
3596,3597,4,4,2.0,0,0,0,1,18,5,2019,22,0,19,15,21,11228.0
3597,3598,3,3,2.0,0,0,0,1,1,5,2019,9,50,8,55,23,13227.0
3598,3599,2,2,3.0,1,0,0,1,15,3,2019,20,0,22,55,2,8855.0
3599,3600,4,4,1.0,0,0,1,1,12,6,2019,3,50,12,35,8,12192.0
3600,3601,4,4,2.0,0,1,0,1,27,6,2019,23,5,19,0,19,12819.0
3601,3602,2,2,3.0,1,0,0,1,27,6,2019,6,5,8,50,2,3943.0
3602,3603,4,4,1.0,0,0,1,0,9,3,2019,0,20,12,55,12,18260.0
3603,3604,2,2,3.0,0,0,0,1,18,4,2019,6,10,8,55,2,5228.0
3604,3605,4,4,2.0,0,1,0,1,12,6,2019,12,15,4,25,16,14300.0
3605,3606,3,3,2.0,0,0,0,1,1,5,2019,12,0,18,30,30,10151.0
3606,3607,3,3,1.0,1,0,0,1,6,5,2019,17,35,22,15,4,5699.0
3607,3608,3,3,1.0,0,0,1,1,21,5,2019,7,10,10,45,27,9187.0
3608,3609,3,3,1.0,0,0,1,1,6,6,2019,20,20,9,5,12,8452.0
3609,3610,4,4,1.0,0,0,1,1,21,3,2019,2,15,13,20,11,13961.0
3610,3611,2,2,3.0,0,1,0,0,24,6,2019,7,10,10,10,3,5769.0
3611,3612,4,4,1.0,0,0,1,1,24,6,2019,7,30,19,0,11,10877.0
3612,3613,2,2,3.0,1,0,0,1,9,4,2019,23,30,2,20,2,4591.0
3613,3614,3,3,2.0,0,0,0,1,6,5,2019,9,25,5,25,20,17732.0
3614,3615,4,4,1.0,0,1,0,0,9,5,2019,18,15,4,25,10,12373.0
3615,3616,3,3,3.0,0,0,1,1,27,6,2019,19,55,22,25,2,3807.0
3616,3617,3,3,1.0,0,0,1,1,9,6,2019,7,10,20,20,13,9555.0
3617,3618,2,2,3.0,0,0,1,1,6,6,2019,11,10,13,55,2,4483.0
3618,3619,3,3,1.0,0,1,0,1,12,5,2019,14,5,20,45,6,14781.0
3619,3620,4,4,2.0,0,1,0,1,3,6,2019,9,35,12,35,27,13292.0
3620,3621,4,4,1.0,0,1,0,0,18,5,2019,19,15,19,0,23,12373.0
3621,3622,4,4,1.0,1,0,0,1,21,5,2019,6,50,12,10,5,5530.0
3622,3623,4,4,1.0,1,0,0,1,18,5,2019,8,30,21,0,12,7081.0
3623,3624,4,4,1.0,0,1,0,0,15,6,2019,9,0,12,35,27,10262.0
3624,3625,4,4,1.0,0,0,1,1,27,5,2019,11,40,19,15,7,9316.0
3625,3626,3,3,1.0,0,1,0,0,9,5,2019,6,30,18,15,11,10844.0
3626,3627,4,4,1.0,1,0,0,1,1,5,2019,7,30,21,0,13,8542.0
3627,3628,2,2,3.0,1,0,0,1,15,4,2019,16,55,19,55,3,4823.0
3628,3629,4,4,1.0,0,0,0,1,6,3,2019,4,0,7,40,27,12940.0
3629,3630,3,3,1.0,0,1,0,1,6,6,2019,21,10,4,40,7,13374.0
3630,3631,4,4,1.0,0,0,1,1,21,3,2019,11,30,21,0,9,13062.0
3631,3632,4,4,2.0,0,1,0,1,3,6,2019,5,30,19,0,13,13014.0
3632,3633,2,2,3.0,0,1,0,1,21,6,2019,18,55,22,0,3,8541.0
3633,3634,3,3,1.0,0,1,0,0,24,3,2019,13,55,10,5,20,11134.0
3634,3635,2,2,1.0,0,1,0,0,21,3,2019,8,55,19,10,10,7832.0
3635,3636,4,4,1.0,0,0,1,1,9,5,2019,13,15,22,30,9,8888.0
3636,3637,3,3,1.0,0,1,0,0,12,5,2019,18,55,9,20,14,9663.0
3637,3638,4,4,1.0,0,0,1,1,6,3,2019,7,5,15,30,8,17267.0
3638,3639,2,2,1.0,0,1,0,0,21,3,2019,20,35,11,25,14,7832.0
3639,3640,2,2,3.0,0,0,1,1,18,3,2019,19,40,22,20,2,12123.0
3640,3641,4,4,1.0,0,0,1,1,15,5,2019,17,0,1,30,8,8073.0
3641,3642,2,2,3.0,0,0,1,1,12,4,2019,9,30,12,20,2,4991.0
3642,3643,2,2,3.0,0,0,1,1,12,6,2019,20,55,23,40,2,3419.0
3643,3644,4,4,1.0,0,1,0,0,27,6,2019,19,45,19,0,23,10262.0
3644,3645,4,4,1.0,0,1,0,0,1,6,2019,19,45,12,35,16,10262.0
3645,3646,3,3,3.0,0,0,1,1,3,4,2019,22,50,1,20,2,3807.0
3646,3647,1,1,3.0,1,0,0,1,3,3,2019,12,0,13,25,1,5755.0
3647,3648,4,4,1.0,0,1,0,0,1,6,2019,21,50,4,25,6,10262.0
3648,3649,4,4,2.0,0,0,0,1,21,5,2019,17,15,7,40,14,13039.0
3649,3650,2,2,1.0,0,1,0,0,21,3,2019,8,55,21,20,12,7832.0
3650,3651,0,0,3.0,1,0,0,1,9,3,2019,7,55,10,15,2,6297.0
3651,3652,1,1,3.0,0,1,0,0,24,6,2019,19,35,21,5,1,3210.0
3652,3653,4,4,1.0,0,0,1,1,3,3,2019,10,20,21,0,10,15147.0
3653,3654,1,1,3.0,1,0,0,1,24,6,2019,9,10,10,40,1,4049.0
3654,3655,4,4,2.0,0,1,0,1,12,6,2019,9,25,12,35,27,13882.0
3655,3656,3,3,1.0,0,0,0,1,21,5,2019,9,25,21,50,12,8366.0
3656,3657,2,2,1.0,0,1,0,0,15,3,2019,22,50,7,40,8,9134.0
3657,3658,2,2,3.0,1,0,0,1,3,4,2019,8,30,11,20,2,4823.0
3658,3659,3,3,1.0,0,0,0,1,9,4,2019,14,35,14,35,24,5006.0
3659,3660,4,4,1.0,0,0,0,1,1,6,2019,12,30,9,25,20,7480.0
3660,3661,3,3,1.0,0,1,0,0,6,6,2019,16,30,22,35,6,10844.0
3661,3662,3,3,1.0,0,1,0,0,1,4,2019,20,0,8,15,12,7064.0
3662,3663,3,3,3.0,1,0,0,1,21,6,2019,14,25,16,55,2,5224.0
3663,3664,3,3,3.0,0,0,1,1,15,3,2019,10,20,12,55,2,4384.0
3664,3665,4,4,1.0,0,0,1,1,1,6,2019,13,0,1,30,12,13377.0
3665,3666,4,4,1.0,0,0,1,1,27,5,2019,6,40,19,15,12,8837.0
3666,3667,4,4,1.0,0,0,0,1,3,3,2019,17,20,9,25,16,16352.0
3667,3668,4,4,2.0,0,0,0,1,9,6,2019,22,0,19,15,21,10441.0
3668,3669,0,0,3.0,1,0,0,1,9,5,2019,13,15,15,35,2,3597.0
3669,3670,3,3,3.0,0,0,1,1,12,6,2019,19,55,22,25,2,3807.0
3670,3671,3,3,1.0,0,1,0,0,6,5,2019,20,0,8,15,12,9663.0
3671,3672,3,3,1.0,0,1,0,1,1,4,2019,20,0,19,50,23,12681.0
3672,3673,2,2,3.0,0,0,1,1,24,5,2019,11,30,14,20,2,4668.0
3673,3674,4,4,2.0,0,1,0,1,18,5,2019,13,25,12,35,23,15129.0
3674,3675,4,4,1.0,0,0,1,1,3,3,2019,17,30,1,35,8,17057.0
3675,3676,4,4,1.0,0,0,0,1,3,6,2019,21,0,7,40,10,8372.0
3676,3677,3,3,3.0,0,0,1,1,1,3,2019,17,15,19,45,2,5515.0
3677,3678,3,3,1.0,0,1,0,1,1,5,2019,10,20,17,35,7,8355.0
3678,3679,1,1,3.0,1,0,0,1,1,4,2019,2,35,4,5,1,2754.0
3679,3680,4,4,1.0,0,0,1,1,15,6,2019,15,0,1,30,10,13377.0
3680,3681,4,4,1.0,0,1,0,1,9,5,2019,19,45,19,0,23,15554.0
3681,3682,3,3,3.0,1,0,0,1,18,5,2019,14,25,16,55,2,5224.0
3682,3683,4,4,1.0,1,0,0,1,9,6,2019,16,0,21,0,5,6069.0
3683,3684,4,4,1.0,0,1,0,0,9,5,2019,11,30,12,35,25,12373.0
3684,3685,3,3,1.0,0,1,0,0,12,6,2019,18,55,4,40,9,6959.0
3685,3686,3,3,3.0,0,0,1,0,27,5,2019,9,0,11,25,2,3841.0
3686,3687,4,4,1.0,0,0,0,1,15,5,2019,3,50,19,15,15,8669.0
3687,3688,4,4,2.0,0,1,0,1,1,6,2019,5,30,19,0,13,13014.0
3688,3689,3,3,1.0,0,1,0,1,6,6,2019,8,25,4,40,20,13731.0
3689,3690,4,4,1.0,0,0,1,1,21,5,2019,10,0,1,30,15,7888.0
3690,3691,3,3,1.0,0,0,1,1,24,3,2019,7,10,22,10,15,12942.0
3691,3692,1,1,1.0,0,0,1,1,6,3,2019,11,55,9,25,21,12395.0
3692,3693,3,3,1.0,0,1,0,1,9,6,2019,16,30,23,35,7,14571.0
3693,3694,2,2,3.0,1,0,0,1,27,4,2019,0,30,3,25,2,4591.0
3694,3695,3,3,2.0,0,0,0,1,9,5,2019,9,25,13,45,28,12592.0
3695,3696,3,3,3.0,1,0,0,1,6,6,2019,14,25,16,55,2,4804.0
3696,3697,3,3,1.0,0,1,0,1,21,5,2019,14,5,8,15,18,14388.0
3697,3698,4,4,2.0,0,0,0,1,9,3,2019,22,0,19,15,21,14851.0
3698,3699,3,3,1.0,0,1,0,0,18,5,2019,21,10,8,15,11,8586.0
3699,3700,2,2,1.0,0,1,0,0,1,3,2019,22,50,9,30,10,31825.0
3700,3701,4,4,2.0,0,1,0,1,9,6,2019,18,25,4,25,10,14237.0
3701,3702,3,3,1.0,1,0,0,1,6,6,2019,8,10,13,0,4,5069.0
3702,3703,4,4,1.0,0,1,0,1,1,6,2019,7,5,12,35,5,16079.0
3703,3704,3,3,1.0,0,1,0,0,15,5,2019,18,55,8,15,13,9663.0
3704,3705,4,4,1.0,0,0,1,1,27,5,2019,11,30,21,0,9,13587.0
3705,3706,3,3,1.0,0,0,0,1,24,3,2019,20,30,23,15,26,10808.0
3706,3707,4,4,1.0,0,0,1,0,27,5,2019,10,0,19,15,9,11446.0
3707,3708,1,1,3.0,0,0,0,1,1,5,2019,19,30,20,45,1,3100.0
3708,3709,3,3,1.0,0,0,1,1,1,5,2019,16,40,0,15,7,6484.0
3709,3710,1,1,3.0,1,0,0,1,9,5,2019,6,25,7,55,1,4049.0
3710,3711,2,2,3.0,0,0,1,0,24,3,2019,20,30,23,20,2,3873.0
3711,3712,2,2,1.0,1,0,0,1,9,3,2019,19,30,0,40,5,7280.0
3712,3713,1,1,3.0,0,0,0,1,27,5,2019,13,55,15,25,1,3625.0
3713,3714,2,2,3.0,0,0,1,0,15,6,2019,21,10,0,5,2,3919.0
3714,3715,4,4,1.0,0,1,0,1,9,5,2019,2,15,19,0,16,15554.0
3715,3716,0,0,3.0,1,0,0,1,3,6,2019,7,55,10,15,2,3850.0
3716,3717,4,4,2.0,0,1,0,1,21,5,2019,23,5,19,0,19,15129.0
3717,3718,2,2,3.0,0,1,0,1,12,5,2019,18,55,22,0,3,7229.0
3718,3719,2,2,3.0,1,0,0,1,27,4,2019,18,55,21,50,2,4823.0
3719,3720,2,2,3.0,1,0,0,1,15,5,2019,18,55,21,50,2,4823.0
3720,3721,3,3,1.0,0,0,1,1,24,3,2019,7,10,9,10,26,11682.0
3721,3722,2,2,3.0,1,0,0,1,21,4,2019,18,55,21,50,2,4823.0
3722,3723,4,4,1.0,0,1,0,0,9,6,2019,13,0,4,25,15,10262.0
3723,3724,4,4,1.0,1,0,0,1,6,6,2019,5,5,16,10,11,6818.0
3724,3725,1,1,3.0,0,0,1,0,27,5,2019,22,45,0,15,1,1965.0
3725,3726,3,3,1.0,0,0,1,1,12,5,2019,7,10,23,25,16,9345.0
3726,3727,4,4,1.0,1,0,0,1,6,6,2019,16,10,22,30,6,6938.0
3727,3728,4,4,2.0,0,1,0,0,15,6,2019,9,40,12,35,26,10368.0
3728,3729,4,4,2.0,0,0,0,1,12,6,2019,10,55,7,40,20,11753.0
3729,3730,4,4,2.0,0,0,0,1,27,5,2019,18,30,19,15,24,12488.0
3730,3731,3,3,1.0,0,1,0,0,12,6,2019,14,5,19,50,5,9899.0
3731,3732,4,4,1.0,0,0,1,1,6,6,2019,9,15,19,0,9,11622.0
3732,3733,3,3,3.0,0,0,1,1,27,3,2019,6,55,9,35,2,3847.0
3733,3734,4,4,1.0,0,1,0,1,27,6,2019,22,50,4,25,5,16079.0
3734,3735,2,2,3.0,0,1,0,0,18,6,2019,6,0,8,45,2,6478.0
3735,3736,4,4,3.0,0,0,0,1,21,6,2019,14,10,17,10,3,5201.0
3736,3737,3,3,3.0,0,0,1,1,9,5,2019,10,20,12,55,2,4409.0
3737,3738,2,2,1.0,0,1,0,1,6,3,2019,8,55,9,30,24,17261.0
3738,3739,2,2,3.0,0,0,1,1,27,5,2019,17,0,19,35,2,4878.0
3739,3740,2,2,3.0,0,0,1,0,18,5,2019,5,55,8,35,2,3573.0
3740,3741,3,3,1.0,0,1,0,0,18,5,2019,20,0,16,20,20,10844.0
3741,3742,3,3,3.0,1,0,0,1,21,4,2019,22,15,0,50,2,4804.0
3742,3743,4,4,3.0,0,0,0,1,27,6,2019,14,10,17,10,3,5201.0
3743,3744,4,4,1.0,0,0,1,1,18,5,2019,13,0,19,15,6,14533.0
3744,3745,3,3,3.0,0,0,1,1,12,4,2019,22,20,0,40,2,3873.0
3745,3746,0,0,3.0,0,0,1,0,6,6,2019,17,45,20,5,2,3543.0
3746,3747,4,4,1.0,0,0,1,1,21,3,2019,10,20,21,0,10,7215.0
3747,3748,4,4,1.0,0,0,1,1,21,3,2019,10,20,18,50,8,11999.0
3748,3749,1,1,3.0,1,0,0,1,18,5,2019,12,0,13,30,1,2754.0
3749,3750,2,2,1.0,0,1,0,1,12,3,2019,18,55,10,45,15,13817.0
3750,3751,3,3,3.0,0,0,1,1,15,6,2019,19,55,22,25,2,4107.0
3751,3752,4,4,1.0,0,0,1,1,9,5,2019,9,0,21,0,12,8073.0
3752,3753,1,1,3.0,1,0,0,1,27,6,2019,21,20,22,50,1,2227.0
3753,3754,3,3,1.0,0,1,0,0,6,6,2019,20,25,18,0,21,10539.0
3754,3755,2,2,3.0,1,0,0,1,3,5,2019,1,30,4,15,2,3943.0
3755,3756,3,3,1.0,0,1,0,0,24,5,2019,14,5,16,20,26,10844.0
3756,3757,2,2,3.0,0,0,1,1,24,3,2019,20,30,23,20,2,3925.0
3757,3758,1,1,3.0,0,1,0,0,1,5,2019,2,55,4,20,1,3210.0
3758,3759,2,2,3.0,0,1,0,1,6,6,2019,17,45,20,45,3,8016.0
3759,3760,3,3,3.0,0,0,1,0,12,4,2019,17,10,19,40,2,3841.0
3760,3761,3,3,1.0,0,1,0,1,9,5,2019,21,10,4,40,7,14388.0
3761,3762,0,0,3.0,1,0,0,1,18,6,2019,14,45,17,5,2,3597.0
3762,3763,4,4,1.0,0,0,1,0,9,3,2019,15,5,1,35,10,14086.0
3763,3764,2,2,3.0,1,0,0,1,9,6,2019,22,10,1,0,2,3749.0
3764,3765,2,2,3.0,0,1,0,1,24,5,2019,6,0,8,45,2,7229.0
3765,3766,4,4,1.0,0,0,1,1,6,3,2019,7,0,21,0,14,15603.0
3766,3767,2,2,3.0,1,0,0,1,27,5,2019,20,0,22,50,2,4823.0
3767,3768,1,1,3.0,0,1,0,1,3,4,2019,10,20,11,50,1,8040.0
3768,3769,3,3,1.0,0,1,0,1,6,5,2019,6,30,10,5,27,13941.0
3769,3770,4,4,1.0,0,1,0,1,6,6,2019,21,50,4,25,6,14714.0
3770,3771,3,3,1.0,0,0,1,1,1,4,2019,7,10,18,50,11,7927.0
3771,3772,2,2,3.0,0,1,0,0,15,5,2019,11,10,14,5,2,4030.0
3772,3773,4,4,1.0,1,0,0,1,21,3,2019,9,10,21,0,11,8285.0
3773,3774,3,3,1.0,0,1,0,0,6,5,2019,8,25,18,15,9,10844.0
3774,3775,3,3,1.0,0,1,0,0,12,5,2019,6,30,9,20,26,9663.0
3775,3776,3,3,3.0,1,0,0,1,27,3,2019,22,10,0,55,2,4148.0
3776,3777,4,4,1.0,1,0,0,1,24,6,2019,5,10,10,5,4,6496.0
3777,3778,3,3,3.0,1,0,0,1,18,3,2019,22,10,0,55,2,4148.0
3778,3779,3,3,1.0,0,1,0,1,24,3,2019,6,30,19,40,13,13339.0
3779,3780,4,4,2.0,0,1,0,1,15,6,2019,9,25,12,35,27,13882.0
3780,3781,2,2,3.0,1,0,0,1,12,5,2019,1,30,4,15,2,3943.0
3781,3782,2,2,1.0,0,1,0,0,12,3,2019,20,35,12,25,15,11087.0
3782,3783,4,4,2.0,0,1,0,0,6,6,2019,20,0,4,25,8,15318.0
3783,3784,3,3,3.0,0,0,1,1,6,6,2019,22,20,0,40,2,3873.0
3784,3785,4,4,1.0,0,0,1,1,27,5,2019,4,55,19,0,14,11573.0
3785,3786,2,2,3.0,0,0,1,1,15,5,2019,11,30,14,20,2,4668.0
3786,3787,2,2,2.0,0,0,0,1,1,3,2019,5,50,22,10,16,13576.0
3787,3788,2,2,1.0,0,0,0,0,1,3,2019,11,50,13,0,25,15434.0
3788,3789,2,2,3.0,0,0,1,1,21,4,2019,11,30,14,20,2,5403.0
3789,3790,4,4,2.0,0,1,0,1,6,3,2019,5,25,19,45,38,16914.0
3790,3791,3,3,1.0,0,1,0,1,21,5,2019,21,10,8,15,11,14781.0
3791,3792,2,2,3.0,0,1,0,0,9,4,2019,11,10,14,5,2,4544.0
3792,3793,3,3,2.0,0,0,0,1,12,6,2019,12,0,7,55,19,9416.0
3793,3794,3,3,1.0,0,0,1,1,9,6,2019,7,10,22,55,15,8662.0
3794,3795,4,4,1.0,0,0,0,1,24,6,2019,10,0,19,15,9,9194.0
3795,3796,3,3,3.0,0,0,1,1,3,6,2019,6,55,9,30,2,3873.0
3796,3797,3,3,1.0,1,0,0,1,9,6,2019,9,20,14,15,4,11465.0
3797,3798,4,4,1.0,0,0,0,1,9,6,2019,9,45,23,0,13,8907.0
3798,3799,4,4,2.0,0,0,0,1,21,3,2019,17,15,19,15,26,8770.0
3799,3800,4,4,1.0,0,1,0,1,27,3,2019,9,55,4,25,18,12242.0
3800,3801,4,4,1.0,0,0,1,1,12,6,2019,10,0,19,0,9,12192.0
3801,3802,3,3,1.0,0,0,1,1,1,4,2019,7,10,10,45,27,8505.0
3802,3803,3,3,1.0,0,1,0,0,9,5,2019,14,5,9,20,19,9663.0
3803,3804,4,4,1.0,0,0,1,1,15,6,2019,7,30,19,15,11,8614.0
3804,3805,4,4,2.0,0,1,0,1,24,6,2019,5,30,4,25,22,13292.0
3805,3806,4,4,1.0,0,0,1,1,3,6,2019,12,50,21,0,8,7740.0
3806,3807,4,4,1.0,1,0,0,1,1,5,2019,18,35,1,30,6,8854.0
3807,3808,4,4,2.0,1,0,0,1,6,3,2019,8,35,21,20,12,7682.0
3808,3809,3,3,3.0,1,0,0,1,9,5,2019,17,15,19,50,2,4804.0
3809,3810,2,2,3.0,0,0,1,1,21,5,2019,9,45,12,35,2,4668.0
3810,3811,4,4,1.0,0,0,1,0,24,6,2019,15,15,1,30,10,5797.0
3811,3812,4,4,3.0,0,0,0,1,3,4,2019,14,10,17,10,3,4729.0
3812,3813,4,4,1.0,0,0,1,1,21,5,2019,13,0,1,30,12,7888.0
3813,3814,3,3,1.0,1,0,0,1,24,5,2019,8,10,13,0,4,5069.0
3814,3815,4,4,0.0,0,0,0,1,21,3,2019,5,15,19,15,38,9128.0
3815,3816,3,3,1.0,0,1,0,0,1,5,2019,20,0,9,20,13,9663.0
3816,3817,4,4,1.0,0,0,0,1,6,6,2019,20,40,9,25,12,7952.0
3817,3818,4,4,1.0,0,1,0,0,24,6,2019,10,0,12,35,26,10262.0
3818,3819,4,4,2.0,0,1,0,1,6,6,2019,11,45,4,25,16,13882.0
3819,3820,2,2,3.0,1,0,0,1,12,5,2019,13,0,15,50,2,4591.0
3820,3821,1,1,2.0,0,0,0,1,12,3,2019,21,10,16,55,4,16172.0
3821,3822,2,2,3.0,1,0,0,1,18,4,2019,1,30,4,15,2,4591.0
3822,3823,1,1,3.0,1,0,0,1,24,6,2019,6,25,7,55,1,4049.0
3823,3824,3,3,3.0,1,0,0,1,3,5,2019,15,30,18,5,2,4804.0
3824,3825,4,4,1.0,0,0,1,1,27,3,2019,8,0,15,30,7,6673.0
3825,3826,4,4,2.0,0,1,0,0,27,6,2019,23,5,4,25,29,11150.0
3826,3827,4,4,2.0,0,0,0,1,15,6,2019,20,15,19,15,23,13591.0
3827,3828,2,2,3.0,1,0,0,1,9,5,2019,6,5,8,50,2,4077.0
3828,3829,4,4,1.0,0,0,1,0,1,6,2019,7,5,19,15,12,12927.0
3829,3830,4,4,2.0,0,1,0,1,21,5,2019,5,30,12,35,7,16274.0
3830,3831,2,2,3.0,0,0,1,1,15,5,2019,7,0,9,40,2,4668.0
3831,3832,4,4,1.0,0,1,0,0,27,5,2019,20,55,12,35,15,12898.0
3832,3833,1,1,1.0,0,0,0,1,6,3,2019,16,0,23,45,7,11678.0
3833,3834,4,4,1.0,1,0,0,1,12,6,2019,21,50,3,35,5,5775.0
3834,3835,3,3,3.0,0,0,1,1,1,3,2019,9,0,11,30,2,5515.0
3835,3836,2,2,1.0,0,1,0,1,18,3,2019,22,50,9,0,10,13555.0
3836,3837,3,3,1.0,0,1,0,1,24,5,2019,16,30,4,40,12,14571.0
3837,3838,1,1,3.0,0,0,1,1,9,6,2019,13,15,14,45,1,2227.0
3838,3839,2,2,3.0,0,0,0,1,24,6,2019,13,20,16,10,2,6961.0
3839,3840,4,4,1.0,0,0,0,1,9,3,2019,7,0,19,15,12,15704.0
3840,3841,1,1,3.0,0,1,0,1,6,3,2019,10,20,11,50,1,8040.0
3841,3842,4,4,1.0,0,1,0,1,1,6,2019,19,15,4,25,9,14714.0
3842,3843,4,4,2.0,0,1,0,0,27,3,2019,6,20,4,25,22,9296.0
3843,3844,4,4,1.0,0,0,1,1,21,5,2019,9,0,19,0,10,10197.0
3844,3845,4,4,1.0,0,0,0,1,12,6,2019,13,0,19,15,6,8372.0
3845,3846,4,4,3.0,0,0,1,1,9,3,2019,14,55,17,50,2,6741.0
3846,3847,0,0,3.0,1,0,0,1,9,3,2019,17,5,19,40,2,6297.0
3847,3848,3,3,1.0,0,1,0,1,12,6,2019,8,25,18,15,9,13626.0
3848,3849,4,4,2.0,0,1,0,1,27,5,2019,19,10,19,0,23,15129.0
3849,3850,4,4,1.0,1,0,0,1,21,3,2019,2,0,7,45,5,6426.0
3850,3851,4,4,2.0,0,1,0,1,9,3,2019,20,10,4,25,8,20904.0
3851,3852,4,4,1.0,0,0,1,1,9,4,2019,20,45,7,10,10,6451.0
3852,3853,2,2,1.0,0,0,0,1,1,3,2019,9,30,23,45,14,12704.0
3853,3854,3,3,1.0,0,1,0,1,24,5,2019,20,25,9,45,13,13067.0
3854,3855,2,2,3.0,0,1,0,1,18,5,2019,6,0,8,45,2,7229.0
3855,3856,4,4,2.0,0,1,0,1,21,3,2019,18,25,4,25,34,12347.0
3856,3857,4,4,1.0,0,0,1,1,3,3,2019,13,55,21,0,7,17057.0
3857,3858,3,3,2.0,0,0,0,1,18,5,2019,9,25,18,20,8,8366.0
3858,3859,4,4,1.0,0,0,1,1,9,5,2019,10,0,1,30,15,15078.0
3859,3860,3,3,1.0,0,0,1,1,9,6,2019,7,35,19,25,11,7870.0
3860,3861,1,1,3.0,1,0,0,1,12,5,2019,16,55,18,25,1,3603.0
3861,3862,3,3,1.0,0,0,0,1,12,6,2019,7,0,16,15,9,11936.0
3862,3863,4,4,1.0,0,0,1,0,27,5,2019,10,0,1,30,15,8925.0
3863,3864,4,4,3.0,0,0,0,1,21,4,2019,14,10,17,10,3,6934.0
3864,3865,4,4,1.0,0,1,0,0,15,4,2019,11,30,19,0,7,6542.0
3865,3866,3,3,3.0,1,0,0,1,15,3,2019,14,20,16,55,2,4778.0
3866,3867,3,3,3.0,1,0,0,1,24,5,2019,17,15,19,50,2,4804.0
3867,3868,3,3,1.0,0,1,0,1,12,5,2019,20,25,10,55,14,14151.0
3868,3869,4,4,1.0,0,0,1,1,1,6,2019,13,0,19,15,6,16108.0
3869,3870,4,4,1.0,0,0,1,1,1,6,2019,15,0,1,30,10,13377.0
3870,3871,2,2,3.0,0,0,1,0,1,4,2019,9,30,12,20,2,3919.0
3871,3872,4,4,1.0,0,0,1,0,6,3,2019,13,55,21,0,7,15136.0
3872,3873,3,3,1.0,0,0,1,1,21,5,2019,7,10,20,20,13,9345.0
3873,3874,4,4,1.0,0,0,1,1,27,3,2019,2,15,15,30,13,12327.0
3874,3875,2,2,1.0,0,1,0,1,18,3,2019,8,55,16,10,7,12284.0
3875,3876,4,4,2.0,0,0,0,1,15,5,2019,17,15,19,15,26,13039.0
3876,3877,4,4,1.0,0,1,0,0,9,3,2019,17,25,4,25,11,11848.0
3877,3878,4,4,1.0,0,1,0,1,21,5,2019,18,15,19,0,24,16079.0
3878,3879,3,3,3.0,1,0,0,1,3,5,2019,22,15,0,50,2,4804.0
3879,3880,3,3,1.0,0,1,0,0,9,6,2019,20,0,23,35,27,10844.0
3880,3881,3,3,1.0,0,0,1,1,1,4,2019,20,20,10,45,14,8505.0
3881,3882,3,3,2.0,0,0,0,1,24,3,2019,9,25,5,35,20,11774.0
3882,3883,2,2,3.0,0,1,0,0,3,6,2019,6,0,8,45,2,5769.0
3883,3884,3,3,1.0,0,1,0,0,1,5,2019,8,25,20,45,12,10844.0
3884,3885,0,0,3.0,0,0,1,1,24,5,2019,8,20,10,35,2,3597.0
3885,3886,4,4,1.0,0,0,1,1,6,3,2019,10,0,18,50,8,16497.0
3886,3887,3,3,1.0,0,1,0,1,15,5,2019,17,0,19,10,26,14151.0
3887,3888,3,3,3.0,1,0,0,1,6,5,2019,9,35,12,20,2,4804.0
3888,3889,1,1,3.0,0,0,0,1,24,5,2019,15,0,16,25,1,3100.0
3889,3890,4,4,1.0,0,1,0,1,3,6,2019,9,0,19,0,10,14714.0
3890,3891,1,1,3.0,1,0,0,1,1,3,2019,16,55,18,25,1,8853.0
3891,3892,4,4,1.0,1,0,0,1,1,6,2019,7,15,12,30,5,6582.0
3892,3893,2,2,3.0,0,0,1,1,3,6,2019,11,30,14,20,2,4668.0
3893,3894,3,3,1.0,0,1,0,1,6,6,2019,20,0,16,20,20,14571.0
3894,3895,4,4,1.0,0,1,0,0,6,3,2019,21,50,4,25,6,13843.0
3895,3896,4,4,1.0,0,0,1,1,3,6,2019,6,40,19,15,12,7354.0
3896,3897,3,3,3.0,1,0,0,1,1,6,2019,22,15,0,50,2,4804.0
3897,3898,0,0,3.0,1,0,0,1,1,6,2019,22,5,0,25,2,5277.0
3898,3899,4,4,1.0,0,0,0,1,27,3,2019,20,30,8,15,11,5998.0
3899,3900,2,2,3.0,1,0,0,1,1,4,2019,13,0,15,50,2,4591.0
3900,3901,0,0,3.0,1,0,0,1,6,5,2019,14,45,17,5,2,3597.0
3901,3902,1,1,3.0,0,1,0,1,24,6,2019,19,35,21,5,1,5678.0
3902,3903,0,0,3.0,1,0,0,1,6,6,2019,7,55,10,15,2,3850.0
3903,3904,1,1,3.0,0,0,1,1,18,6,2019,13,15,14,45,1,2017.0
3904,3905,4,4,1.0,0,1,0,0,15,6,2019,20,55,19,0,22,10262.0
3905,3906,4,4,2.0,0,0,0,1,12,6,2019,12,0,19,15,7,8603.0
3906,3907,4,4,1.0,0,0,1,1,3,3,2019,13,5,22,20,9,14153.0
3907,3908,3,3,1.0,0,1,0,0,6,5,2019,20,25,23,35,27,8066.0
3908,3909,4,4,1.0,0,0,1,1,21,3,2019,12,50,1,35,12,7695.0
3909,3910,4,4,1.0,0,0,1,1,6,3,2019,8,45,13,15,4,8488.0
3910,3911,2,2,3.0,0,0,1,1,18,3,2019,11,40,14,35,2,4340.0
3911,3912,3,3,1.0,0,1,0,1,15,5,2019,20,25,10,55,14,14151.0
3912,3913,2,2,1.0,0,1,0,0,18,3,2019,16,55,5,5,12,11087.0
3913,3914,3,3,1.0,0,1,0,1,24,3,2019,19,45,18,10,22,13759.0
3914,3915,4,4,1.0,0,1,0,1,21,5,2019,19,15,4,25,9,16079.0
3915,3916,4,4,1.0,0,0,1,1,1,6,2019,9,0,19,0,10,12717.0
3916,3917,1,1,3.0,0,1,0,0,21,6,2019,10,20,11,50,1,4995.0
3917,3918,3,3,3.0,0,0,1,1,12,4,2019,17,10,19,40,2,3873.0
3918,3919,3,3,1.0,0,1,0,0,24,3,2019,6,30,12,0,5,7826.0
3919,3920,3,3,1.0,0,0,1,1,1,4,2019,20,20,9,5,12,7980.0
3920,3921,4,4,1.0,0,0,1,1,21,5,2019,9,45,0,55,15,9486.0
3921,3922,3,3,1.0,0,1,0,0,9,6,2019,18,55,18,15,23,10844.0
3922,3923,0,0,3.0,1,0,0,1,3,3,2019,5,15,7,35,2,6482.0
3923,3924,4,4,1.0,1,0,0,1,1,6,2019,17,30,1,30,8,6628.0
3924,3925,3,3,1.0,0,0,0,1,6,6,2019,9,50,21,5,11,7452.0
3925,3926,4,4,2.0,0,1,0,1,15,6,2019,9,25,4,25,19,13882.0
3926,3927,4,4,1.0,0,0,1,1,27,6,2019,9,15,19,15,10,8099.0
3927,3928,2,2,3.0,0,0,1,1,1,6,2019,17,0,19,35,2,4878.0
3928,3929,3,3,1.0,1,0,0,1,6,6,2019,15,15,20,30,5,5170.0
3929,3930,2,2,1.0,0,0,1,1,3,3,2019,15,35,23,40,8,6315.0
3930,3931,0,0,3.0,1,0,0,1,1,3,2019,13,20,15,35,2,7295.0
3931,3932,4,4,1.0,0,0,1,1,1,5,2019,7,30,19,0,11,9794.0
3932,3933,4,4,2.0,0,1,0,0,21,3,2019,19,10,4,25,33,8834.0
3933,3934,1,1,3.0,0,0,1,1,21,6,2019,22,45,0,15,1,2017.0
3934,3935,4,4,1.0,0,0,1,1,9,3,2019,6,40,19,45,13,12615.0
3935,3936,2,2,3.0,0,0,1,1,9,3,2019,21,10,0,5,2,7240.0
3936,3937,2,2,3.0,0,1,0,1,24,6,2019,15,15,18,10,2,8016.0
3937,3938,2,2,3.0,0,0,1,1,6,5,2019,17,0,19,35,2,4878.0
3938,3939,4,4,2.0,0,1,0,1,12,6,2019,5,30,4,25,22,13292.0
3939,3940,2,2,1.0,0,0,0,1,12,3,2019,11,50,8,55,21,11707.0
3940,3941,4,4,1.0,1,0,0,1,24,6,2019,17,5,22,15,5,6147.0
3941,3942,4,4,1.0,1,0,0,1,12,6,2019,7,30,21,0,13,6093.0
3942,3943,3,3,1.0,0,1,0,1,1,4,2019,20,0,8,15,12,12681.0
3943,3944,2,2,3.0,0,0,1,1,27,5,2019,5,55,8,35,2,3311.0
3944,3945,1,1,0.0,0,0,0,1,12,3,2019,16,50,12,25,19,14260.0
3945,3946,4,4,2.0,0,0,0,1,27,6,2019,14,25,19,15,28,13591.0
3946,3947,3,3,3.0,1,0,0,1,15,5,2019,20,20,22,55,2,4804.0
3947,3948,4,4,2.0,0,0,0,1,15,5,2019,13,20,7,40,18,13538.0
3948,3949,3,3,1.0,0,1,0,1,9,6,2019,9,35,9,45,24,14151.0
3949,3950,2,2,3.0,0,0,1,1,15,3,2019,5,45,8,35,2,5575.0
3950,3951,3,3,1.0,0,1,0,1,24,5,2019,6,30,9,20,26,14178.0
3951,3952,0,0,3.0,0,0,0,1,12,3,2019,11,40,13,55,2,7082.0
3952,3953,2,2,3.0,0,0,1,0,9,5,2019,21,10,0,5,2,4319.0
3953,3954,4,4,2.0,0,1,0,1,3,3,2019,18,20,18,50,24,20747.0
3954,3955,3,3,1.0,0,1,0,1,24,3,2019,8,25,22,35,14,13759.0
3955,3956,4,4,2.0,0,1,0,0,21,3,2019,5,40,4,25,22,9181.0
3956,3957,4,4,1.0,0,1,0,1,3,3,2019,2,15,18,50,16,17024.0
3957,3958,4,4,1.0,1,0,0,1,27,3,2019,6,40,12,0,5,5298.0
3958,3959,3,3,1.0,0,1,0,1,1,4,2019,14,5,22,35,8,13364.0
3959,3960,3,3,1.0,0,1,0,0,12,5,2019,6,30,16,20,9,10844.0
3960,3961,3,3,1.0,0,1,0,1,15,5,2019,20,0,4,40,8,13941.0
3961,3962,4,4,2.0,0,1,0,0,12,6,2019,6,45,4,25,21,10919.0
3962,3963,2,2,1.0,0,1,0,1,18,3,2019,5,45,13,15,7,12284.0
3963,3964,4,4,1.0,1,0,0,1,21,3,2019,8,35,22,20,13,6790.0
3964,3965,1,1,3.0,1,0,0,1,18,5,2019,6,25,7,55,1,4392.0
3965,3966,4,4,2.0,0,0,0,1,6,6,2019,5,0,19,15,38,9653.0
3966,3967,1,1,3.0,0,0,1,1,21,6,2019,5,45,7,15,1,2753.0
3967,3968,3,3,1.0,0,0,0,1,18,5,2019,19,0,11,5,16,6327.0
3968,3969,4,4,1.0,0,0,1,0,3,3,2019,7,10,22,20,15,11125.0
3969,3970,4,4,1.0,0,1,0,0,6,6,2019,22,50,19,0,20,10262.0
3970,3971,4,4,1.0,0,1,0,0,9,6,2019,17,30,4,25,10,10262.0
3971,3972,4,4,1.0,0,0,1,1,27,5,2019,16,45,22,25,5,6752.0
3972,3973,2,2,3.0,1,0,0,1,27,5,2019,6,5,8,50,2,4423.0
3973,3974,2,2,3.0,0,0,1,1,21,5,2019,11,10,13,55,2,3383.0
3974,3975,4,4,2.0,0,0,0,1,15,6,2019,13,20,7,40,18,12121.0
3975,3976,4,4,1.0,0,0,1,1,9,5,2019,11,40,1,30,13,9021.0
3976,3977,4,4,1.0,0,0,1,1,6,6,2019,11,40,19,15,7,8266.0
3977,3978,4,4,1.0,0,1,0,1,3,6,2019,19,45,19,0,23,14714.0
3978,3979,4,4,2.0,0,0,0,1,27,6,2019,5,55,19,15,13,11386.0
3979,3980,2,2,1.0,0,1,0,1,6,3,2019,8,55,8,15,23,14815.0
3980,3981,4,4,1.0,0,1,0,0,6,3,2019,9,0,4,25,19,13843.0
3981,3982,4,4,1.0,1,0,0,1,15,5,2019,7,30,21,0,13,7191.0
3982,3983,3,3,3.0,0,0,1,1,3,3,2019,17,15,19,45,2,6251.0
3983,3984,4,4,2.0,0,1,0,0,27,3,2019,5,10,4,25,23,9412.0
3984,3985,3,3,3.0,0,0,1,0,15,3,2019,22,20,0,40,2,3815.0
3985,3986,1,1,3.0,0,0,0,1,15,5,2019,19,30,20,45,1,3100.0
3986,3987,4,4,3.0,0,0,1,1,21,6,2019,14,40,17,50,3,6216.0
3987,3988,4,4,1.0,0,0,1,1,27,6,2019,14,0,1,30,11,13377.0
3988,3989,2,2,1.0,1,0,0,1,21,3,2019,7,30,12,20,4,5694.0
3989,3990,3,3,2.0,0,0,0,1,21,5,2019,14,30,12,30,22,15107.0
3990,3991,4,4,1.0,0,0,0,1,9,3,2019,23,0,19,15,20,11260.0
3991,3992,4,4,1.0,0,0,0,1,27,5,2019,8,0,19,15,11,9929.0
3992,3993,4,4,1.0,0,0,0,1,21,3,2019,20,40,9,25,12,5642.0
3993,3994,4,4,1.0,0,0,1,1,9,5,2019,13,0,1,30,12,15078.0
3994,3995,4,4,1.0,0,0,1,1,12,6,2019,14,0,1,30,11,13377.0
3995,3996,3,3,2.0,0,0,0,1,15,5,2019,20,30,13,45,17,16057.0
3996,3997,2,2,1.0,0,1,0,1,18,3,2019,5,45,10,45,5,12284.0
3997,3998,1,1,3.0,0,1,0,1,18,3,2019,19,35,21,5,1,5678.0
3998,3999,4,4,1.0,0,0,1,1,3,3,2019,18,0,1,35,7,17703.0
3999,4000,2,2,3.0,1,0,0,1,3,6,2019,7,10,10,5,2,4823.0
4000,4001,3,3,2.0,0,0,0,1,1,4,2019,5,50,13,15,7,5562.0
4001,4002,4,4,1.0,1,0,0,1,6,3,2019,2,35,8,30,5,13790.0
4002,4003,3,3,1.0,0,1,0,0,1,5,2019,16,30,8,15,15,8586.0
4003,4004,4,4,1.0,0,0,1,1,27,5,2019,7,30,19,0,11,11264.0
4004,4005,3,3,1.0,0,1,0,0,12,5,2019,18,55,4,40,9,9663.0
4005,4006,4,4,1.0,1,0,0,1,6,6,2019,8,30,21,0,12,6416.0
4006,4007,4,4,1.0,1,0,0,1,9,3,2019,16,0,21,0,5,7725.0
4007,4008,4,4,2.0,0,1,0,1,1,6,2019,14,35,12,35,22,13376.0
4008,4009,3,3,1.0,0,1,0,1,24,3,2019,13,55,12,0,22,14231.0
4009,4010,4,4,1.0,0,1,0,1,3,3,2019,11,30,4,25,16,19828.0
4010,4011,1,1,3.0,0,1,0,1,27,3,2019,7,10,8,35,1,8040.0
4011,4012,2,2,3.0,0,0,0,1,1,3,2019,17,0,19,45,2,25913.0
4012,4013,4,4,1.0,0,1,0,1,21,5,2019,9,0,19,0,10,16079.0
4013,4014,1,1,3.0,0,0,0,1,3,3,2019,21,5,22,25,1,4937.0
4014,4015,4,4,2.0,0,0,0,1,27,6,2019,17,15,7,40,14,13039.0
4015,4016,3,3,1.0,0,1,0,0,1,5,2019,20,25,14,25,18,9314.0
4016,4017,4,4,1.0,0,0,1,1,27,6,2019,17,55,22,50,4,4957.0
4017,4018,4,4,1.0,0,0,1,1,3,3,2019,4,0,11,30,7,14973.0
4018,4019,3,3,1.0,0,1,0,1,9,6,2019,8,25,16,20,7,14571.0
4019,4020,3,3,3.0,1,0,0,1,6,5,2019,14,25,16,55,2,5224.0
4020,4021,4,4,1.0,0,0,1,1,24,6,2019,9,15,19,0,9,11622.0
4021,4022,2,2,3.0,0,0,1,1,27,5,2019,20,55,23,40,2,3419.0
4022,4023,4,4,2.0,0,1,0,0,1,6,2019,5,30,12,35,7,13344.0
4023,4024,4,4,1.0,1,0,0,1,6,6,2019,16,0,1,30,9,6316.0
4024,4025,1,1,3.0,1,0,0,1,21,6,2019,16,55,18,25,1,4392.0
4025,4026,4,4,2.0,0,1,0,1,18,5,2019,13,25,4,25,15,16704.0
4026,4027,3,3,1.0,0,1,0,0,12,6,2019,18,55,12,0,17,8529.0
4027,4028,4,4,2.0,0,1,0,1,12,6,2019,12,15,12,35,24,14300.0
4028,4029,4,4,1.0,0,0,1,1,27,5,2019,13,0,1,30,12,7198.0
4029,4030,4,4,2.0,0,1,0,1,12,6,2019,18,20,19,0,24,14300.0
4030,4031,2,2,3.0,0,1,0,1,3,4,2019,18,55,22,0,3,7229.0
4031,4032,3,3,3.0,0,0,1,0,9,6,2019,9,0,11,25,2,3841.0
4032,4033,2,2,3.0,0,1,0,0,1,5,2019,6,0,8,45,2,4030.0
4033,4034,4,4,1.0,0,1,0,1,21,5,2019,20,55,4,25,7,16079.0
4034,4035,1,1,3.0,1,0,0,1,27,5,2019,12,0,13,30,1,2754.0
4035,4036,4,4,1.0,1,0,0,1,3,6,2019,5,10,10,5,4,6842.0
4036,4037,2,2,3.0,0,0,1,1,24,3,2019,9,50,12,35,2,6138.0
4037,4038,3,3,1.0,0,1,0,1,12,6,2019,20,0,4,40,8,12576.0
4038,4039,3,3,1.0,0,1,0,1,12,5,2019,9,35,14,25,28,13067.0
4039,4040,3,3,1.0,0,1,0,1,6,5,2019,10,20,17,35,7,9358.0
4040,4041,3,3,1.0,0,1,0,0,9,5,2019,8,25,4,40,20,8586.0
4041,4042,2,2,3.0,0,0,0,1,6,4,2019,13,20,16,10,2,5176.0
4042,4043,4,4,1.0,0,0,0,1,15,6,2019,20,40,9,25,12,7480.0
4043,4044,3,3,2.0,0,0,0,1,6,6,2019,5,50,12,30,30,12723.0
4044,4045,3,3,1.0,0,0,0,1,1,4,2019,9,10,13,15,4,5793.0
4045,4046,4,4,1.0,0,0,1,1,12,6,2019,9,0,19,15,10,14848.0
4046,4047,4,4,2.0,0,0,0,1,15,5,2019,5,0,19,15,38,10493.0
4047,4048,3,3,1.0,0,1,0,1,9,5,2019,20,25,18,0,21,11467.0
4048,4049,4,4,1.0,0,0,0,1,27,5,2019,3,50,19,15,15,9719.0
4049,4050,3,3,3.0,0,0,1,1,15,4,2019,22,20,0,40,2,3873.0
4050,4051,4,4,1.0,1,0,0,1,21,3,2019,2,5,7,25,5,4862.0
4051,4052,2,2,3.0,0,0,1,1,3,4,2019,9,30,12,20,2,3971.0
4052,4053,2,2,1.0,0,1,0,0,21,3,2019,11,40,10,25,22,7832.0
4053,4054,2,2,3.0,0,0,1,1,21,5,2019,9,30,12,20,2,3625.0
4054,4055,3,3,1.0,0,0,1,1,1,5,2019,17,0,18,50,25,8610.0
4055,4056,4,4,1.0,0,0,1,1,21,3,2019,9,0,15,30,6,14486.0
4056,4057,3,3,3.0,0,0,1,0,9,5,2019,9,0,11,25,2,3841.0
4057,4058,3,3,1.0,0,1,0,1,9,5,2019,14,5,4,40,14,13941.0
4058,4059,2,2,3.0,1,0,0,1,12,5,2019,18,55,21,50,2,4823.0
4059,4060,3,3,2.0,0,0,0,1,1,5,2019,9,10,21,50,12,12009.0
4060,4061,0,0,3.0,0,0,1,1,21,6,2019,8,20,10,35,2,3597.0
4061,4062,4,4,1.0,0,0,1,1,3,3,2019,16,0,1,35,9,21226.0
4062,4063,4,4,1.0,0,1,0,0,9,6,2019,19,15,12,35,17,10577.0
4063,4064,3,3,1.0,0,0,1,1,12,5,2019,7,35,19,25,11,5320.0
4064,4065,2,2,3.0,1,0,0,1,21,3,2019,7,10,10,5,2,6860.0
4065,4066,1,1,3.0,0,0,1,1,21,3,2019,22,45,0,10,1,1759.0
4066,4067,4,4,1.0,0,1,0,1,27,3,2019,11,30,4,25,16,12242.0
4067,4068,3,3,3.0,0,0,1,0,3,6,2019,22,20,0,40,2,3841.0
4068,4069,2,2,3.0,0,1,0,0,27,5,2019,15,15,18,10,2,3502.0
4069,4070,3,3,1.0,0,1,0,0,9,5,2019,14,5,23,35,9,10844.0
4070,4071,3,3,3.0,1,0,0,1,9,4,2019,21,25,0,5,2,4174.0
4071,4072,3,3,1.0,0,1,0,0,9,6,2019,10,20,17,35,7,5608.0
4072,4073,3,3,1.0,1,0,0,1,24,5,2019,9,20,14,15,4,9376.0
4073,4074,3,3,1.0,0,1,0,1,6,5,2019,21,10,16,20,19,13584.0
4074,4075,4,4,1.0,0,0,1,1,24,6,2019,8,30,19,15,10,7354.0
4075,4076,3,3,1.0,0,1,0,0,12,5,2019,20,0,18,15,22,10844.0
4076,4077,3,3,1.0,0,1,0,1,12,5,2019,18,55,8,15,13,14388.0
4077,4078,3,3,1.0,0,1,0,1,18,5,2019,5,45,16,20,10,14781.0
4078,4079,4,4,2.0,0,0,0,1,27,5,2019,12,0,19,15,7,9653.0
4079,4080,4,4,1.0,0,1,0,0,9,6,2019,10,0,4,25,18,10262.0
4080,4081,4,4,1.0,1,0,0,1,6,6,2019,6,50,22,30,15,6674.0
4081,4082,4,4,1.0,1,0,0,1,3,3,2019,8,35,16,10,7,7663.0
4082,4083,2,2,3.0,0,0,1,0,18,4,2019,5,55,8,35,2,4319.0
4083,4084,4,4,1.0,0,1,0,0,18,5,2019,2,15,19,0,16,12373.0
4084,4085,4,4,1.0,0,1,0,1,9,4,2019,22,50,4,25,5,12242.0
4085,4086,4,4,1.0,0,1,0,1,27,5,2019,8,0,19,0,11,16289.0
4086,4087,2,2,3.0,0,0,1,1,3,6,2019,20,55,23,40,2,3419.0
4087,4088,3,3,1.0,0,1,0,0,1,4,2019,8,25,16,20,7,7851.0
4088,4089,2,2,1.0,0,1,0,1,18,3,2019,5,45,15,15,9,12284.0
4089,4090,4,4,1.0,1,0,0,1,15,6,2019,2,0,7,45,5,6386.0
4090,4091,4,4,2.0,0,1,0,1,27,6,2019,23,5,4,25,29,15339.0
4091,4092,1,1,3.0,0,0,1,1,12,5,2019,22,45,0,15,1,2017.0
4092,4093,4,4,2.0,0,1,0,1,18,5,2019,5,30,12,35,7,16274.0
4093,4094,4,4,1.0,1,0,0,1,21,3,2019,21,5,1,45,4,5947.0
4094,4095,1,1,3.0,0,1,0,1,21,3,2019,7,10,8,35,1,8040.0
4095,4096,4,4,2.0,0,1,0,0,12,6,2019,9,40,12,35,26,10368.0
4096,4097,4,4,1.0,0,0,0,1,18,5,2019,20,30,23,0,26,8907.0
4097,4098,1,1,3.0,1,0,0,1,6,6,2019,6,25,7,55,1,4049.0
4098,4099,2,2,3.0,0,0,0,1,3,3,2019,10,0,12,45,2,8588.0
4099,4100,2,2,3.0,0,1,0,1,27,5,2019,19,50,22,50,3,7229.0
4100,4101,2,2,3.0,1,0,0,1,6,5,2019,21,15,0,15,3,3943.0
4101,4102,2,2,3.0,0,0,1,1,3,5,2019,23,55,2,45,2,4483.0
4102,4103,3,3,2.0,0,0,0,1,21,5,2019,12,0,18,30,30,10151.0
4103,4104,2,2,3.0,1,0,0,1,18,6,2019,22,10,1,0,2,3419.0
4104,4105,4,4,2.0,0,0,0,1,18,5,2019,10,55,7,40,20,13486.0
4105,4106,3,3,1.0,0,0,1,1,9,6,2019,20,20,18,50,22,8610.0
4106,4107,2,2,3.0,0,0,1,1,15,6,2019,11,40,14,30,2,3898.0
4107,4108,3,3,2.0,0,0,0,1,24,3,2019,9,10,11,10,26,15187.0
4108,4109,4,4,2.0,1,0,0,1,1,3,2019,4,55,21,20,16,10278.0
4109,4110,4,4,1.0,1,0,0,1,15,4,2019,6,50,16,10,9,6442.0
4110,4111,4,4,2.0,0,1,0,0,3,6,2019,5,30,12,35,7,13344.0
4111,4112,2,2,1.0,0,0,0,1,15,3,2019,8,15,8,50,24,5521.0
4112,4113,0,0,3.0,1,0,0,1,27,5,2019,13,15,15,35,2,3597.0
4113,4114,2,2,1.0,0,0,0,1,9,3,2019,11,5,9,15,22,11077.0
4114,4115,4,4,1.0,0,0,1,1,27,3,2019,18,0,1,35,7,6673.0
4115,4116,4,4,2.0,0,0,0,1,9,6,2019,17,15,19,15,26,12392.0
4116,4117,1,1,1.0,0,0,0,1,6,3,2019,5,55,22,0,16,10366.0
4117,4118,4,4,0.0,0,0,0,1,15,6,2019,5,15,19,15,38,10703.0
4118,4119,4,4,1.0,0,0,0,1,9,5,2019,9,45,23,0,13,7174.0
4119,4120,2,2,1.0,0,1,0,0,18,3,2019,22,50,9,30,10,11087.0
4120,4121,2,2,3.0,0,0,1,1,27,4,2019,23,55,2,45,2,3383.0
4121,4122,3,3,2.0,0,0,0,1,6,6,2019,16,45,8,55,16,14960.0
4122,4123,3,3,1.0,0,1,0,1,1,5,2019,20,25,9,45,13,11467.0
4123,4124,4,4,1.0,0,0,1,1,27,3,2019,9,0,15,30,6,6673.0
4124,4125,1,1,3.0,0,0,0,1,27,6,2019,13,55,15,25,1,3100.0
4125,4126,2,2,1.0,0,1,0,1,6,3,2019,5,45,16,10,10,16736.0
4126,4127,4,4,1.0,0,0,0,1,1,4,2019,20,40,9,25,12,5117.0
4127,4128,4,4,2.0,0,1,0,1,21,3,2019,10,45,18,50,32,11093.0
4128,4129,3,3,1.0,0,0,1,1,9,6,2019,23,30,7,45,8,6354.0
4129,4130,4,4,3.0,0,0,0,1,18,3,2019,14,10,17,10,3,5674.0
4130,4131,4,4,2.0,0,1,0,0,27,5,2019,9,40,4,25,18,13029.0
4131,4132,4,4,2.0,0,1,0,1,24,6,2019,23,5,4,25,29,12819.0
4132,4133,2,2,2.0,0,0,0,1,6,3,2019,8,50,16,30,31,14143.0
4133,4134,2,2,3.0,1,0,0,1,18,4,2019,8,30,11,20,2,5740.0
4134,4135,2,2,3.0,0,0,1,1,3,3,2019,11,40,14,35,2,7646.0
4135,4136,4,4,2.0,0,0,0,1,9,5,2019,14,25,19,15,28,13591.0
4136,4137,1,1,3.0,0,0,0,1,1,6,2019,19,30,20,45,1,3100.0
4137,4138,4,4,1.0,0,1,0,0,1,4,2019,18,15,12,35,18,5406.0
4138,4139,3,3,1.0,0,1,0,1,6,5,2019,20,0,8,15,12,14388.0
4139,4140,0,0,3.0,1,0,0,1,9,3,2019,11,35,14,0,2,6297.0
4140,4141,2,2,3.0,0,1,0,1,12,5,2019,19,50,22,50,3,7229.0
4141,4142,4,4,2.0,0,1,0,1,6,3,2019,19,10,4,25,33,20694.0
4142,4143,2,2,3.0,0,0,1,1,21,6,2019,4,55,7,45,2,4282.0
4143,4144,4,4,1.0,0,0,1,1,18,5,2019,11,30,1,30,14,13727.0
4144,4145,4,4,1.0,0,0,1,1,15,6,2019,11,25,19,15,7,8614.0
4145,4146,4,4,1.0,0,0,1,1,21,3,2019,18,0,1,35,7,7363.0
4146,4147,4,4,2.0,0,0,0,1,15,5,2019,22,0,19,15,21,11281.0
4147,4148,2,2,3.0,0,0,1,1,18,5,2019,11,40,14,30,2,4340.0
4148,4149,3,3,3.0,1,0,0,1,9,3,2019,17,15,19,55,2,4778.0
4149,4150,4,4,1.0,0,1,0,0,27,5,2019,11,30,12,35,25,12898.0
4150,4151,4,4,1.0,1,0,0,1,15,4,2019,8,35,16,10,7,6442.0
4151,4152,4,4,1.0,0,1,0,1,24,6,2019,11,30,19,0,7,14714.0
4152,4153,4,4,1.0,0,0,1,1,27,6,2019,13,15,22,30,9,8018.0
4153,4154,3,3,3.0,0,0,0,1,6,5,2019,20,45,23,20,2,4145.0
4154,4155,1,1,3.0,1,0,0,1,9,5,2019,16,55,18,25,1,4784.0
4155,4156,2,2,1.0,0,0,0,1,12,3,2019,11,50,19,50,8,11707.0
4156,4157,3,3,3.0,0,0,1,0,21,3,2019,17,15,19,45,2,3815.0
4157,4158,2,2,1.0,0,0,0,1,1,3,2019,22,0,13,20,15,21130.0
4158,4159,4,4,1.0,0,1,0,1,6,3,2019,13,0,18,50,5,17024.0
4159,4160,3,3,3.0,0,0,1,1,21,6,2019,9,0,11,25,2,3873.0
4160,4161,3,3,1.0,0,1,0,1,6,6,2019,17,0,19,10,26,14151.0
4161,4162,3,3,3.0,1,0,0,1,18,6,2019,21,25,0,5,2,4804.0
4162,4163,4,4,1.0,0,1,0,0,27,5,2019,7,5,4,25,21,12898.0
4163,4164,2,2,3.0,1,0,0,1,3,5,2019,22,10,1,0,2,4284.0
4164,4165,2,2,3.0,0,1,0,1,21,4,2019,8,20,11,20,3,7229.0
4165,4166,2,2,1.0,1,0,0,1,15,3,2019,7,30,12,20,4,6114.0
4166,4167,4,4,1.0,0,0,1,1,27,6,2019,11,30,19,15,7,14848.0
4167,4168,4,4,1.0,1,0,0,1,6,3,2019,4,45,15,30,10,13611.0
4168,4169,2,2,3.0,0,1,0,1,12,6,2019,7,10,10,10,3,8016.0
4169,4170,3,3,1.0,0,1,0,1,9,6,2019,8,25,18,15,9,14571.0
4170,4171,4,4,1.0,0,1,0,0,27,5,2019,9,0,19,0,10,10675.0
4171,4172,4,4,1.0,1,0,0,1,21,5,2019,4,55,11,50,6,6794.0
4172,4173,4,4,1.0,0,1,0,0,27,3,2019,9,55,4,25,18,6540.0
4173,4174,2,2,3.0,0,0,1,1,9,3,2019,11,30,14,10,2,7240.0
4174,4175,4,4,2.0,0,0,0,1,15,6,2019,13,15,9,25,20,8839.0
4175,4176,3,3,3.0,0,0,1,1,6,6,2019,9,0,11,25,2,3873.0
4176,4177,4,4,2.0,0,0,0,1,6,6,2019,20,0,19,15,23,11596.0
4177,4178,4,4,1.0,0,0,0,1,21,3,2019,8,0,19,15,11,7199.0
4178,4179,4,4,1.0,0,1,0,0,1,6,2019,7,5,12,35,5,12898.0
4179,4180,4,4,1.0,0,0,1,1,1,6,2019,8,45,19,0,10,12524.0
4180,4181,4,4,2.0,0,1,0,0,24,6,2019,5,30,4,25,22,10368.0
4181,4182,1,1,3.0,0,1,0,1,15,3,2019,10,20,11,50,1,8040.0
4182,4183,4,4,1.0,0,0,1,1,3,4,2019,10,35,19,35,9,5135.0
4183,4184,2,2,1.0,0,0,0,1,9,3,2019,6,50,23,10,16,5626.0
4184,4185,4,4,1.0,0,0,0,1,6,3,2019,7,0,19,15,12,15809.0
4185,4186,4,4,1.0,1,0,0,1,27,6,2019,16,10,22,30,6,6412.0
4186,4187,4,4,2.0,0,1,0,1,1,6,2019,11,40,19,0,7,18804.0
4187,4188,1,1,3.0,1,0,0,1,1,4,2019,21,20,22,50,1,2227.0
4188,4189,4,4,1.0,0,0,1,1,6,3,2019,7,5,22,20,15,6916.0
4189,4190,1,1,3.0,0,0,0,1,27,6,2019,21,5,22,25,1,3100.0
4190,4191,3,3,1.0,0,1,0,1,6,5,2019,6,30,12,0,5,14388.0
4191,4192,4,4,1.0,0,0,1,1,27,3,2019,16,0,1,35,9,12327.0
4192,4193,4,4,2.0,0,1,0,1,3,6,2019,19,30,4,25,8,13014.0
4193,4194,2,2,3.0,0,0,1,1,15,4,2019,9,45,12,35,2,5403.0
4194,4195,4,4,1.0,0,0,1,1,9,3,2019,8,40,21,0,12,18228.0
4195,4196,3,3,1.0,0,1,0,0,6,6,2019,20,0,19,50,23,10844.0
4196,4197,4,4,1.0,0,1,0,0,6,3,2019,11,30,4,25,16,13843.0
4197,4198,2,2,3.0,0,0,1,1,1,3,2019,9,35,12,30,2,11690.0
4198,4199,3,3,1.0,0,0,1,1,1,5,2019,17,0,9,5,16,8452.0
4199,4200,4,4,1.0,0,0,0,1,27,5,2019,20,0,19,15,23,8372.0
4200,4201,4,4,1.0,0,1,0,0,6,6,2019,14,0,4,25,14,10262.0
4201,4202,1,1,3.0,0,1,0,1,15,6,2019,10,20,11,50,1,5678.0
4202,4203,3,3,1.0,0,1,0,1,12,5,2019,20,25,9,45,13,14151.0
4203,4204,2,2,3.0,0,1,0,0,21,4,2019,18,55,22,0,3,4544.0
4204,4205,3,3,1.0,0,1,0,1,12,6,2019,9,35,14,25,28,12692.0
4205,4206,4,4,2.0,0,1,0,1,9,3,2019,13,45,4,25,14,17019.0
4206,4207,3,3,3.0,1,0,0,1,3,3,2019,9,35,12,20,2,6565.0
4207,4208,4,4,1.0,0,0,1,1,27,3,2019,7,0,12,50,5,5281.0
4208,4209,4,4,1.0,0,0,1,1,9,6,2019,7,5,16,10,9,9646.0
4209,4210,1,1,3.0,1,0,0,1,6,3,2019,2,30,4,0,1,3175.0
4210,4211,4,4,2.0,0,0,0,1,27,6,2019,19,45,19,15,23,9653.0
4211,4212,4,4,1.0,0,0,0,1,6,3,2019,23,0,7,40,8,14777.0
4212,4213,4,4,1.0,0,0,1,1,12,6,2019,4,55,19,15,14,7155.0
4213,4214,0,0,3.0,0,0,1,0,6,6,2019,8,20,10,35,2,3543.0
4214,4215,3,3,3.0,1,0,0,1,9,5,2019,9,35,12,20,2,4804.0
4215,4216,4,4,1.0,1,0,0,1,3,3,2019,6,40,12,0,5,9304.0
4216,4217,2,2,3.0,1,0,0,1,15,4,2019,21,15,0,15,3,3943.0
4217,4218,4,4,1.0,1,0,0,1,1,6,2019,17,5,22,25,5,7060.0
4218,4219,2,2,3.0,0,0,0,1,15,6,2019,21,5,23,55,2,5228.0
4219,4220,0,0,3.0,0,0,1,1,24,6,2019,8,20,10,35,2,3597.0
4220,4221,2,2,3.0,0,0,1,1,3,4,2019,21,10,0,5,2,3971.0
4221,4222,4,4,1.0,0,0,1,1,6,5,2019,13,0,21,0,8,13727.0
4222,4223,3,3,1.0,0,1,0,1,1,4,2019,20,25,22,5,25,12121.0
4223,4224,4,4,1.0,0,1,0,0,3,6,2019,19,15,19,0,23,10262.0
4224,4225,4,4,1.0,0,1,0,0,1,6,2019,14,0,12,35,22,10262.0
4225,4226,4,4,1.0,0,1,0,1,1,6,2019,19,45,4,25,8,14714.0
4226,4227,4,4,2.0,0,1,0,0,21,3,2019,19,10,18,50,23,8834.0
4227,4228,4,4,1.0,0,0,1,1,21,3,2019,4,45,12,35,7,9838.0
4228,4229,3,3,1.0,1,0,0,1,18,5,2019,15,15,20,5,4,4775.0
4229,4230,2,2,3.0,1,0,0,1,3,5,2019,18,55,21,50,2,4823.0
4230,4231,3,3,2.0,0,0,0,1,15,5,2019,5,50,12,30,30,12723.0
4231,4232,4,4,1.0,1,0,0,1,15,6,2019,10,35,1,30,14,5883.0
4232,4233,3,3,1.0,0,0,1,1,24,5,2019,17,0,20,20,27,9870.0
4233,4234,4,4,1.0,0,1,0,0,3,6,2019,13,0,12,35,23,10262.0
4234,4235,4,4,1.0,0,0,1,1,9,6,2019,7,10,16,10,9,6513.0
4235,4236,3,3,2.0,0,0,0,1,15,5,2019,16,50,13,45,20,15532.0
4236,4237,4,4,1.0,0,1,0,1,6,6,2019,22,50,19,0,20,14714.0
4237,4238,3,3,1.0,0,0,1,1,18,5,2019,20,20,10,45,14,9187.0
4238,4239,4,4,1.0,0,0,1,1,6,6,2019,14,55,22,30,7,7038.0
4239,4240,4,4,1.0,0,0,1,1,6,6,2019,14,0,21,0,7,13587.0
4240,4241,2,2,3.0,0,1,0,1,3,6,2019,11,10,14,5,2,8016.0
4241,4242,1,1,3.0,1,0,0,1,6,6,2019,9,15,10,45,1,4049.0
4242,4243,1,1,3.0,0,1,0,1,6,3,2019,7,10,8,35,1,9536.0
4243,4244,3,3,1.0,0,1,0,1,24,5,2019,8,25,18,15,9,14571.0
4244,4245,4,4,2.0,0,1,0,0,6,6,2019,11,40,19,0,7,15812.0
4245,4246,4,4,1.0,0,0,1,1,6,6,2019,7,55,22,25,14,8759.0
4246,4247,3,3,2.0,0,0,0,1,21,5,2019,12,0,21,50,9,10151.0
4247,4248,3,3,3.0,1,0,0,1,15,5,2019,15,30,18,5,2,4804.0
4248,4249,4,4,1.0,1,0,0,1,24,6,2019,17,30,1,30,8,6104.0
4249,4250,3,3,3.0,0,0,0,1,6,5,2019,14,15,16,45,2,5510.0
4250,4251,4,4,1.0,1,0,0,1,9,5,2019,17,5,22,25,5,6027.0
4251,4252,3,3,3.0,0,0,1,1,21,5,2019,9,0,11,25,2,4174.0
4252,4253,4,4,1.0,1,0,0,1,21,5,2019,10,35,1,30,14,6794.0
4253,4254,4,4,2.0,0,0,0,1,6,3,2019,5,55,7,40,25,15428.0
4254,4255,3,3,1.0,0,1,0,1,6,5,2019,20,0,19,50,23,14388.0
4255,4256,4,4,1.0,1,0,0,1,21,5,2019,15,0,1,30,10,6896.0
4256,4257,2,2,3.0,1,0,0,1,21,3,2019,18,25,21,20,2,6144.0
4257,4258,2,2,1.0,0,1,0,1,6,3,2019,22,50,5,5,6,19225.0
4258,4259,3,3,2.0,0,0,0,1,9,5,2019,16,45,8,55,16,13227.0
4259,4260,4,4,2.0,0,1,0,1,27,3,2019,5,25,4,25,23,11664.0
4260,4261,3,3,1.0,0,1,0,0,12,5,2019,18,55,18,15,23,10844.0
4261,4262,3,3,1.0,0,1,0,0,6,6,2019,21,10,4,40,7,7757.0
4262,4263,1,1,3.0,1,0,0,1,12,5,2019,19,5,20,35,1,2754.0
4263,4264,4,4,1.0,0,0,1,1,27,5,2019,7,0,21,0,14,7618.0
4264,4265,3,3,1.0,0,1,0,1,12,5,2019,16,30,23,35,7,14781.0
4265,4266,2,2,3.0,1,0,0,1,15,4,2019,0,30,3,25,2,4284.0
4266,4267,4,4,1.0,0,0,1,1,6,6,2019,8,45,21,0,12,7740.0
4267,4268,2,2,3.0,1,0,0,1,15,6,2019,1,30,4,15,2,3419.0
4268,4269,3,3,1.0,0,1,0,1,12,5,2019,8,25,4,40,20,13941.0
4269,4270,3,3,2.0,0,0,0,1,9,6,2019,5,50,8,55,27,12723.0
4270,4271,4,4,2.0,0,1,0,1,12,6,2019,8,10,4,25,20,14300.0
4271,4272,2,2,3.0,0,0,0,1,3,5,2019,10,0,12,45,2,6121.0
4272,4273,4,4,1.0,0,1,0,1,9,3,2019,8,0,19,45,11,17549.0
4273,4274,1,1,3.0,0,0,1,1,27,3,2019,22,45,0,10,1,1759.0
4274,4275,2,2,3.0,1,0,0,1,12,5,2019,6,5,8,50,2,4423.0
4275,4276,2,2,3.0,0,1,0,0,9,4,2019,7,10,10,10,3,4544.0
4276,4277,4,4,1.0,0,0,1,1,3,6,2019,8,0,19,0,11,12402.0
4277,4278,3,3,1.0,0,1,0,0,1,5,2019,8,25,9,20,24,9663.0
4278,4279,3,3,1.0,0,1,0,1,1,4,2019,20,0,22,35,26,12681.0
4279,4280,4,4,1.0,0,0,0,1,1,4,2019,9,45,9,25,23,5117.0
4280,4281,4,4,1.0,0,1,0,0,21,5,2019,13,0,12,35,23,12898.0
4281,4282,3,3,1.0,0,1,0,1,6,5,2019,6,30,8,15,25,13941.0
4282,4283,2,2,3.0,0,1,0,0,21,5,2019,6,0,8,45,2,4030.0
4283,4284,1,1,3.0,1,0,0,1,1,3,2019,6,20,7,45,1,17501.0
4284,4285,3,3,1.0,0,1,0,0,12,6,2019,14,5,9,20,19,8529.0
4285,4286,4,4,1.0,0,0,1,1,15,5,2019,10,0,1,30,15,8073.0
4286,4287,4,4,2.0,0,0,0,1,9,5,2019,18,45,19,15,24,11942.0
4287,4288,4,4,2.0,0,1,0,1,21,3,2019,5,30,18,50,13,11702.0
4288,4289,4,4,1.0,1,0,0,1,3,6,2019,8,35,16,10,7,6442.0
4289,4290,3,3,3.0,1,0,0,1,24,6,2019,9,35,12,20,2,4804.0
4290,4291,2,2,3.0,1,0,0,1,1,4,2019,8,30,11,20,2,4823.0
4291,4292,4,4,1.0,0,0,1,1,12,6,2019,8,50,19,0,10,10877.0
4292,4293,3,3,2.0,0,0,0,1,9,6,2019,12,0,18,30,30,10151.0
4293,4294,4,4,3.0,0,0,0,1,21,6,2019,5,10,8,0,2,5201.0
4294,4295,3,3,1.0,0,1,0,1,15,5,2019,9,35,18,0,8,13067.0
4295,4296,1,1,3.0,1,0,0,1,24,3,2019,2,30,4,0,1,2754.0
4296,4297,3,3,1.0,0,0,0,1,15,5,2019,9,25,21,50,12,8366.0
4297,4298,3,3,1.0,0,1,0,0,21,5,2019,18,55,19,50,24,10844.0
4298,4299,2,2,3.0,0,0,1,1,18,6,2019,17,0,19,35,2,4878.0
4299,4300,4,4,2.0,0,0,0,1,21,5,2019,22,0,19,15,21,10231.0
4300,4301,4,4,2.0,0,1,0,1,15,6,2019,5,30,4,25,22,13292.0
4301,4302,3,3,3.0,1,0,0,1,12,6,2019,11,30,14,5,2,4804.0
4302,4303,4,4,3.0,0,0,0,1,12,6,2019,14,10,17,10,3,5201.0
4303,4304,4,4,2.0,0,1,0,0,1,6,2019,19,30,4,25,8,10368.0
4304,4305,3,3,1.0,0,0,1,1,6,6,2019,20,20,18,50,22,8820.0
4305,4306,1,1,3.0,0,1,0,0,18,3,2019,10,20,11,50,1,4160.0
4306,4307,3,3,1.0,0,0,0,1,15,5,2019,9,25,18,30,9,8891.0
4307,4308,3,3,1.0,0,1,0,0,6,6,2019,17,0,14,25,21,10539.0
4308,4309,2,2,3.0,0,0,1,1,1,4,2019,5,55,8,35,2,3971.0
4309,4310,4,4,1.0,1,0,0,1,27,6,2019,7,30,21,0,13,6093.0
4310,4311,4,4,1.0,0,0,1,1,15,5,2019,12,50,19,15,6,8266.0
4311,4312,4,4,1.0,0,0,0,1,18,5,2019,12,30,9,25,20,7480.0
4312,4313,4,4,1.0,0,1,0,0,1,6,2019,18,15,4,25,10,10262.0
4313,4314,4,4,1.0,0,0,0,1,12,6,2019,20,30,23,0,26,8907.0
4314,4315,4,4,1.0,0,0,1,1,27,6,2019,8,45,19,0,10,11789.0
4315,4316,4,4,1.0,0,0,1,1,3,3,2019,11,30,18,50,7,15135.0
4316,4317,4,4,1.0,0,0,1,1,18,5,2019,8,30,19,15,10,7887.0
4317,4318,4,4,1.0,1,0,0,1,15,5,2019,5,5,12,10,7,6818.0
4318,4319,0,0,3.0,1,0,0,1,9,3,2019,5,15,7,35,2,6482.0
4319,4320,4,4,1.0,0,0,1,1,21,5,2019,9,0,21,0,12,7888.0
4320,4321,3,3,1.0,0,1,0,1,24,3,2019,8,25,4,45,20,13759.0
4321,4322,4,4,1.0,0,1,0,0,27,6,2019,8,0,19,0,11,10262.0
4322,4323,4,4,2.0,0,1,0,1,9,6,2019,14,35,4,25,13,13376.0
4323,4324,4,4,1.0,0,0,1,1,15,5,2019,10,0,19,0,9,10197.0
4324,4325,4,4,1.0,0,0,1,1,18,5,2019,11,25,19,15,7,7997.0
4325,4326,4,4,1.0,0,0,0,1,3,4,2019,17,20,9,25,16,5117.0
4326,4327,4,4,1.0,0,1,0,0,9,5,2019,10,0,19,0,9,12373.0
4327,4328,4,4,1.0,0,0,1,1,9,6,2019,12,50,1,30,12,6795.0
4328,4329,2,2,3.0,0,1,0,0,27,6,2019,18,55,22,0,3,7229.0
4329,4330,1,1,3.0,0,0,0,1,24,3,2019,13,55,15,25,1,2575.0
4330,4331,3,3,1.0,0,0,0,1,24,5,2019,9,50,21,5,11,7662.0
4331,4332,3,3,1.0,0,0,0,1,18,5,2019,9,25,21,50,12,8366.0
4332,4333,3,3,1.0,0,1,0,0,18,5,2019,8,25,20,45,12,10844.0
4333,4334,0,0,3.0,1,0,0,1,6,6,2019,5,15,7,40,2,3540.0
4334,4335,4,4,1.0,0,0,1,1,3,3,2019,10,0,1,35,15,16863.0
4335,4336,2,2,3.0,0,0,0,1,3,5,2019,21,5,23,55,2,6121.0
4336,4337,2,2,1.0,1,0,0,1,9,3,2019,6,25,11,30,5,8434.0
4337,4338,3,3,1.0,0,1,0,1,21,5,2019,17,0,23,35,6,14151.0
4338,4339,4,4,2.0,0,1,0,1,6,6,2019,5,30,12,35,7,14441.0
4339,4340,2,2,3.0,0,0,1,1,1,6,2019,11,40,14,30,2,3898.0
4340,4341,4,4,2.0,0,1,0,1,9,4,2019,23,5,12,35,13,9483.0
4341,4342,2,2,3.0,0,0,1,1,12,4,2019,4,55,7,45,2,4282.0
4342,4343,2,2,3.0,0,1,0,0,3,6,2019,17,45,20,45,3,6478.0
4343,4344,4,4,2.0,0,1,0,1,6,3,2019,19,10,4,25,33,16809.0
4344,4345,4,4,2.0,0,1,0,1,9,5,2019,13,25,12,35,23,16704.0
4345,4346,2,2,3.0,0,0,1,1,24,6,2019,7,45,10,40,2,3898.0
4346,4347,2,2,1.0,0,1,0,1,12,3,2019,5,50,12,20,6,11297.0
4347,4348,3,3,3.0,1,0,0,1,27,5,2019,14,25,16,55,2,5224.0
4348,4349,2,2,3.0,1,0,0,1,6,4,2019,18,55,21,50,2,4823.0
4349,4350,4,4,1.0,1,0,0,1,3,3,2019,4,45,15,30,10,14871.0
4350,4351,4,4,1.0,0,0,0,1,27,6,2019,9,45,9,25,23,7480.0
4351,4352,3,3,3.0,1,0,0,1,3,5,2019,11,30,14,5,2,5224.0
4352,4353,4,4,1.0,0,0,1,0,24,4,2019,7,10,16,10,9,6093.0
4353,4354,1,1,3.0,1,0,0,1,27,6,2019,19,5,20,35,1,2754.0
4354,4355,1,1,3.0,1,0,0,1,1,6,2019,20,5,21,40,1,2227.0
4355,4356,3,3,1.0,0,1,0,1,6,5,2019,6,30,18,15,11,14781.0
4356,4357,2,2,3.0,0,0,1,1,1,5,2019,7,45,10,40,2,3898.0
4357,4358,3,3,1.0,0,0,1,1,24,5,2019,7,10,22,40,15,9397.0
4358,4359,3,3,1.0,0,0,1,1,12,6,2019,7,10,10,45,27,8452.0
4359,4360,2,2,3.0,1,0,0,1,3,4,2019,23,30,2,20,2,4591.0
4360,4361,3,3,1.0,1,0,0,1,1,4,2019,21,0,2,15,5,5930.0
4361,4362,3,3,2.0,0,0,0,1,6,5,2019,5,50,20,25,14,10991.0
4362,4363,3,3,3.0,0,0,1,1,3,3,2019,6,55,9,35,2,4622.0
4363,4364,4,4,1.0,0,1,0,1,6,6,2019,11,30,19,0,7,14714.0
4364,4365,2,2,3.0,1,0,0,1,18,6,2019,8,30,11,20,2,4823.0
4365,4366,1,1,3.0,0,1,0,0,18,3,2019,2,55,4,25,1,2228.0
4366,4367,3,3,1.0,0,1,0,0,6,5,2019,17,0,23,35,6,10703.0
4367,4368,2,2,3.0,0,0,1,1,3,5,2019,17,0,19,35,2,5613.0
4368,4369,3,3,1.0,0,1,0,1,24,3,2019,6,30,18,10,11,13759.0
4369,4370,2,2,3.0,1,0,0,1,12,6,2019,13,0,15,50,2,3943.0
4370,4371,2,2,3.0,1,0,0,1,21,3,2019,0,40,3,25,2,4944.0
4371,4372,4,4,1.0,0,1,0,0,24,6,2019,14,0,19,0,5,10262.0
4372,4373,3,3,1.0,0,0,1,1,6,6,2019,11,35,18,50,7,8479.0
4373,4374,4,4,1.0,1,0,0,1,3,6,2019,7,35,16,10,8,7514.0
4374,4375,4,4,3.0,0,0,0,1,6,5,2019,14,10,17,10,3,6934.0
4375,4376,3,3,1.0,0,1,0,0,12,5,2019,18,55,12,0,17,9663.0
4376,4377,4,4,1.0,0,0,1,0,21,3,2019,10,0,21,0,11,8085.0
4377,4378,4,4,3.0,0,0,1,1,9,3,2019,6,0,9,10,3,7266.0
4378,4379,4,4,1.0,1,0,0,1,3,6,2019,17,5,22,25,5,6493.0
4379,4380,4,4,1.0,0,1,0,1,27,6,2019,10,0,19,0,9,14714.0
4380,4381,4,4,1.0,0,0,1,1,21,5,2019,19,0,1,30,6,7485.0
4381,4382,4,4,1.0,0,1,0,0,6,6,2019,13,0,4,25,15,10262.0
4382,4383,2,2,3.0,0,0,1,1,21,3,2019,9,50,12,35,2,4878.0
4383,4384,4,4,1.0,0,0,1,1,12,6,2019,19,0,1,30,6,7198.0
4384,4385,2,2,1.0,0,1,0,1,6,3,2019,16,55,9,0,16,17261.0
4385,4386,3,3,1.0,0,1,0,1,12,6,2019,20,0,8,15,12,13044.0
4386,4387,4,4,1.0,0,1,0,0,27,6,2019,17,30,19,0,25,10262.0
4387,4388,4,4,1.0,0,0,1,1,15,6,2019,6,40,19,15,12,8614.0
4388,4389,4,4,1.0,0,1,0,1,27,3,2019,16,0,19,45,27,12032.0
4389,4390,2,2,1.0,0,1,0,1,18,3,2019,7,0,13,15,6,12284.0
4390,4391,2,2,3.0,0,0,1,1,27,5,2019,7,45,10,40,2,3419.0
4391,4392,4,4,1.0,1,0,0,1,21,3,2019,16,10,22,20,6,6528.0
4392,4393,2,2,3.0,0,0,1,1,24,3,2019,7,0,9,40,2,5403.0
4393,4394,4,4,1.0,0,1,0,0,27,5,2019,11,30,19,0,7,9732.0
4394,4395,4,4,1.0,1,0,0,1,15,4,2019,6,50,12,10,5,5761.0
4395,4396,3,3,2.0,0,0,0,1,6,6,2019,7,0,5,25,22,12009.0
4396,4397,3,3,1.0,0,1,0,0,18,5,2019,5,45,8,15,26,8586.0
4397,4398,2,2,3.0,0,1,0,0,24,5,2019,17,45,20,45,3,6144.0
4398,4399,2,2,3.0,0,0,1,0,24,5,2019,5,55,8,35,2,3257.0
4399,4400,4,4,1.0,0,0,1,1,9,5,2019,17,45,1,30,7,9021.0
4400,4401,4,4,1.0,0,1,0,0,3,6,2019,11,30,12,35,25,10262.0
4401,4402,1,1,2.0,0,0,0,1,6,3,2019,5,30,14,50,9,13757.0
4402,4403,4,4,3.0,1,0,0,1,15,3,2019,14,30,17,35,3,5895.0
4403,4404,3,3,1.0,0,1,0,0,21,5,2019,18,55,4,40,9,9663.0
4404,4405,4,4,1.0,0,0,0,1,9,5,2019,5,15,6,50,25,6587.0
4405,4406,2,2,3.0,0,0,1,1,6,5,2019,5,55,8,35,2,3311.0
4406,4407,4,4,1.0,0,0,1,1,18,5,2019,6,5,11,20,5,6297.0
4407,4408,3,3,1.0,0,1,0,0,12,5,2019,18,55,19,50,24,10844.0
4408,4409,1,1,3.0,1,0,0,1,27,5,2019,9,10,10,40,1,4049.0
4409,4410,2,2,3.0,0,0,0,1,3,6,2019,13,20,16,10,2,6961.0
4410,4411,0,0,3.0,0,0,1,1,27,3,2019,8,20,10,35,2,3384.0
4411,4412,4,4,2.0,0,1,0,0,9,5,2019,9,40,12,35,26,13029.0
4412,4413,0,0,3.0,0,0,1,0,6,5,2019,8,20,10,35,2,3859.0
4413,4414,4,4,2.0,0,0,0,1,12,6,2019,18,45,19,15,24,11732.0
4414,4415,4,4,1.0,0,0,1,1,6,6,2019,8,45,19,0,10,12524.0
4415,4416,2,2,1.0,0,1,0,1,18,3,2019,7,0,12,25,5,12284.0
4416,4417,4,4,1.0,0,1,0,0,15,6,2019,2,15,12,35,10,10262.0
4417,4418,4,4,2.0,0,1,0,0,24,6,2019,5,30,12,35,7,13344.0
4418,4419,2,2,3.0,0,1,0,1,18,4,2019,17,45,20,45,3,7229.0
4419,4420,3,3,2.0,0,0,0,1,12,6,2019,9,50,8,55,23,14960.0
4420,4421,4,4,2.0,0,0,0,1,12,6,2019,6,50,7,40,24,13381.0
4421,4422,4,4,1.0,0,0,1,1,6,3,2019,12,50,1,35,12,15147.0
4422,4423,3,3,1.0,0,1,0,0,6,5,2019,6,30,4,40,22,8586.0
4423,4424,4,4,1.0,1,0,0,1,6,5,2019,14,20,22,30,8,7054.0
4424,4425,3,3,3.0,0,0,1,1,18,3,2019,22,50,1,20,2,4082.0
4425,4426,4,4,2.0,0,1,0,0,21,5,2019,9,40,19,0,9,13029.0
4426,4427,3,3,1.0,0,1,0,0,1,4,2019,16,30,22,35,6,7064.0
4427,4428,2,2,1.0,0,0,0,1,21,3,2019,8,15,8,50,24,4943.0
4428,4429,2,2,3.0,0,1,0,1,3,5,2019,7,10,10,10,3,7229.0
4429,4430,3,3,1.0,0,0,0,1,12,5,2019,9,50,21,5,11,8450.0
4430,4431,4,4,2.0,0,1,0,0,9,5,2019,20,0,4,25,8,15318.0
4431,4432,3,3,3.0,1,0,0,1,3,5,2019,21,25,0,5,2,4804.0
4432,4433,3,3,1.0,0,1,0,0,6,6,2019,20,0,16,20,20,10844.0
4433,4434,1,1,3.0,1,0,0,1,1,4,2019,16,55,18,25,1,3175.0
4434,4435,4,4,2.0,0,0,0,1,27,6,2019,12,55,19,15,30,12646.0
4435,4436,3,3,1.0,0,0,0,1,1,4,2019,20,30,12,0,15,7893.0
4436,4437,2,2,3.0,0,0,0,1,24,5,2019,17,0,19,45,2,7171.0
4437,4438,4,4,1.0,0,0,1,1,15,5,2019,14,0,21,0,7,13727.0
4438,4439,4,4,3.0,0,0,0,1,27,6,2019,18,5,21,10,3,5201.0
4439,4440,4,4,1.0,0,0,1,1,15,5,2019,11,40,19,15,7,9001.0
4440,4441,2,2,3.0,1,0,0,1,15,5,2019,13,0,15,50,2,3943.0
4441,4442,4,4,1.0,0,0,1,0,9,5,2019,7,5,21,0,13,10546.0
4442,4443,4,4,1.0,0,1,0,1,18,5,2019,19,15,19,0,23,15554.0
4443,4444,2,2,3.0,0,0,0,1,15,4,2019,6,10,8,55,2,5228.0
4444,4445,4,4,1.0,0,0,0,1,24,6,2019,9,0,19,15,10,9404.0
4445,4446,4,4,1.0,0,0,1,1,21,3,2019,9,10,19,15,10,8601.0
4446,4447,4,4,1.0,0,0,1,1,9,5,2019,9,45,22,30,12,8888.0
4447,4448,2,2,3.0,0,0,1,1,24,3,2019,16,0,18,35,2,5088.0
4448,4449,2,2,3.0,1,0,0,1,9,5,2019,10,10,13,0,2,3943.0
4449,4450,4,4,1.0,0,1,0,0,9,5,2019,21,50,12,35,14,12373.0
4450,4451,4,4,1.0,0,0,1,1,9,4,2019,6,0,13,20,7,8323.0
4451,4452,4,4,2.0,0,1,0,1,27,6,2019,13,25,12,35,23,15339.0
4452,4453,0,0,3.0,0,0,1,1,6,5,2019,17,45,20,5,2,11982.0
4453,4454,3,3,1.0,0,0,1,1,12,5,2019,15,55,21,25,5,8844.0
4454,4455,4,4,1.0,0,1,0,0,1,6,2019,22,50,12,35,13,10262.0
4455,4456,0,0,3.0,1,0,0,1,6,6,2019,13,15,15,35,2,3597.0
4456,4457,1,1,3.0,0,1,0,1,24,3,2019,10,20,11,50,1,5678.0
4457,4458,0,0,3.0,1,0,0,1,21,5,2019,22,5,0,25,2,5277.0
4458,4459,2,2,3.0,1,0,0,1,27,6,2019,7,10,10,5,2,4823.0
4459,4460,4,4,2.0,1,0,0,1,3,3,2019,8,35,21,20,12,8049.0
4460,4461,0,0,3.0,0,0,1,0,15,5,2019,17,45,20,5,2,3543.0
4461,4462,4,4,1.0,0,1,0,0,6,6,2019,18,15,19,0,24,10262.0
4462,4463,4,4,0.0,0,0,0,1,1,6,2019,5,15,19,15,38,10703.0
4463,4464,4,4,1.0,1,0,0,1,12,6,2019,5,10,10,5,4,6496.0
4464,4465,3,3,1.0,0,1,0,0,21,5,2019,6,30,18,15,11,10844.0
4465,4466,4,4,1.0,0,1,0,1,27,3,2019,7,5,18,50,11,12032.0
4466,4467,4,4,3.0,0,0,1,1,18,4,2019,6,0,9,10,3,6741.0
4467,4468,2,2,3.0,1,0,0,1,9,5,2019,4,0,6,50,2,3943.0
4468,4469,3,3,3.0,0,0,1,0,24,5,2019,6,55,9,30,2,3841.0
4469,4470,4,4,1.0,0,0,1,1,3,3,2019,19,0,1,35,6,15288.0
4470,4471,1,1,3.0,0,0,0,1,18,3,2019,21,5,22,25,1,2050.0
4471,4472,0,0,3.0,0,0,1,1,24,3,2019,7,5,9,20,2,4842.0
4472,4473,4,4,2.0,0,1,0,0,21,3,2019,19,10,18,50,23,6643.0
4473,4474,4,4,1.0,1,0,0,1,3,3,2019,5,5,10,5,5,9581.0
4474,4475,3,3,3.0,1,0,0,1,15,5,2019,21,25,0,5,2,4804.0
4475,4476,2,2,1.0,0,1,0,0,21,3,2019,8,0,7,40,23,7832.0
4476,4477,4,4,1.0,0,0,1,0,12,6,2019,7,5,19,15,12,11667.0
4477,4478,4,4,1.0,1,0,0,1,27,6,2019,8,35,16,10,7,6442.0
4478,4479,4,4,2.0,0,1,0,1,24,5,2019,23,5,4,25,29,15129.0
4479,4480,2,2,3.0,0,1,0,0,3,4,2019,11,10,14,5,2,4544.0
4480,4481,3,3,1.0,0,1,0,0,15,5,2019,20,0,9,20,13,9663.0
4481,4482,4,4,1.0,0,1,0,1,3,6,2019,16,0,4,25,12,14714.0
4482,4483,1,1,3.0,0,0,0,1,27,5,2019,6,20,7,40,1,3100.0
4483,4484,3,3,1.0,0,1,0,0,6,5,2019,16,30,20,45,28,9663.0
4484,4485,4,4,1.0,1,0,0,1,21,3,2019,6,40,12,0,5,5761.0
4485,4486,1,1,3.0,0,0,0,1,9,5,2019,21,5,22,25,1,3100.0
4486,4487,3,3,1.0,0,1,0,1,12,6,2019,16,30,23,35,7,13626.0
4487,4488,1,1,3.0,0,1,0,1,24,3,2019,19,35,21,5,1,5678.0
4488,4489,3,3,1.0,0,1,0,0,12,6,2019,18,55,18,15,23,8529.0
4489,4490,4,4,3.0,0,0,0,1,9,5,2019,5,10,8,0,2,5201.0
4490,4491,3,3,1.0,0,1,0,1,21,5,2019,9,35,21,5,11,14151.0
4491,4492,2,2,3.0,0,0,1,1,3,5,2019,11,10,13,55,2,4483.0
4492,4493,3,3,3.0,1,0,0,1,6,4,2019,22,15,0,50,2,4174.0
4493,4494,4,4,2.0,0,1,0,0,18,5,2019,5,30,12,35,7,15544.0
4494,4495,4,4,3.0,1,0,0,1,27,5,2019,21,5,0,20,3,5601.0
4495,4496,2,2,3.0,1,0,0,1,3,4,2019,1,30,4,15,2,3419.0
4496,4497,4,4,1.0,0,0,1,1,27,4,2019,7,55,22,25,14,6451.0
4497,4498,3,3,2.0,0,0,0,1,12,5,2019,9,25,13,45,28,12592.0
4498,4499,2,2,3.0,0,0,0,1,24,6,2019,21,5,23,55,2,6961.0
4499,4500,3,3,3.0,0,0,1,1,12,6,2019,17,10,19,40,2,4174.0
4500,4501,3,3,1.0,0,1,0,0,24,3,2019,6,30,16,20,9,8824.0
4501,4502,4,4,1.0,0,0,1,1,15,5,2019,15,45,22,5,6,7947.0
4502,4503,4,4,1.0,0,0,1,1,27,6,2019,14,0,21,0,7,13587.0
4503,4504,3,3,3.0,0,0,1,0,15,6,2019,6,55,9,30,2,3841.0
4504,4505,3,3,3.0,1,0,0,1,21,6,2019,21,25,0,5,2,4804.0
4505,4506,3,3,1.0,0,1,0,0,9,5,2019,20,0,4,40,8,8586.0
4506,4507,3,3,3.0,1,0,0,1,1,3,2019,20,25,23,5,2,4778.0
4507,4508,4,4,2.0,0,0,1,1,1,6,2019,15,5,1,30,10,18275.0
4508,4509,0,0,3.0,1,0,0,1,1,6,2019,5,15,7,40,2,3540.0
4509,4510,4,4,1.0,1,0,0,1,27,6,2019,8,35,22,30,13,6442.0
4510,4511,3,3,3.0,0,0,0,1,27,6,2019,20,45,23,20,2,4145.0
4511,4512,3,3,3.0,1,0,0,1,9,6,2019,14,25,16,55,2,5644.0
4512,4513,3,3,3.0,1,0,0,1,3,5,2019,14,25,16,55,2,5224.0
4513,4514,4,4,1.0,0,1,0,0,21,3,2019,17,30,18,50,25,5963.0
4514,4515,4,4,1.0,0,0,1,1,27,5,2019,6,0,19,0,13,11264.0
4515,4516,4,4,1.0,0,0,1,1,27,3,2019,14,10,19,20,5,10188.0
4516,4517,3,3,1.0,0,1,0,0,18,5,2019,20,0,9,20,13,10844.0
4517,4518,2,2,1.0,1,0,0,1,15,3,2019,13,40,18,35,4,7166.0
4518,4519,2,2,1.0,0,1,0,1,12,3,2019,22,55,9,30,10,13817.0
4519,4520,4,4,1.0,0,1,0,0,9,5,2019,18,15,12,35,18,12373.0
4520,4521,2,2,1.0,0,1,0,0,1,3,2019,16,55,9,0,16,25735.0
4521,4522,2,2,1.0,0,1,0,1,18,3,2019,11,40,19,10,7,14815.0
4522,4523,4,4,1.0,0,1,0,0,12,6,2019,11,30,12,35,25,10262.0
4523,4524,4,4,1.0,0,1,0,0,15,6,2019,8,0,19,0,11,10262.0
4524,4525,4,4,1.0,0,0,0,1,9,6,2019,17,40,8,15,14,7468.0
4525,4526,1,1,3.0,0,1,0,1,9,5,2019,7,5,8,30,1,8040.0
4526,4527,4,4,2.0,0,1,0,1,24,6,2019,23,5,19,0,19,12819.0
4527,4528,0,0,3.0,1,0,0,1,6,3,2019,14,40,17,5,2,7295.0
4528,4529,2,2,3.0,0,1,0,1,27,5,2019,15,15,18,10,2,7229.0
4529,4530,4,4,1.0,0,0,1,1,15,6,2019,16,45,22,25,5,6853.0
4530,4531,3,3,1.0,0,1,0,0,24,5,2019,21,10,9,20,12,9663.0
4531,4532,3,3,1.0,0,1,0,0,1,4,2019,6,30,18,15,11,7064.0
4532,4533,4,4,1.0,0,0,0,1,6,6,2019,9,0,19,15,10,8372.0
4533,4534,1,1,3.0,0,0,1,0,3,6,2019,13,15,14,45,1,1965.0
4534,4535,3,3,1.0,0,0,1,1,24,3,2019,7,10,18,45,11,16932.0
4535,4536,3,3,3.0,0,0,1,0,18,6,2019,22,20,0,40,2,3841.0
4536,4537,4,4,2.0,0,1,0,0,12,6,2019,11,40,19,0,7,15812.0
4537,4538,2,2,1.0,0,0,0,1,3,3,2019,6,55,13,20,6,10924.0
4538,4539,4,4,3.0,0,0,0,1,27,5,2019,14,10,17,10,3,6934.0
4539,4540,4,4,1.0,0,1,0,0,1,6,2019,8,0,19,0,11,10262.0
4540,4541,4,4,1.0,0,1,0,0,6,3,2019,13,55,4,25,14,13843.0
4541,4542,4,4,1.0,0,0,1,1,15,5,2019,6,40,19,0,12,9315.0
4542,4543,4,4,1.0,0,0,1,1,21,5,2019,6,0,19,15,13,8266.0
4543,4544,3,3,1.0,0,1,0,1,24,3,2019,21,10,8,10,11,14231.0
4544,4545,2,2,3.0,0,0,1,1,18,4,2019,20,55,23,40,2,5048.0
4545,4546,4,4,1.0,0,1,0,0,6,6,2019,17,30,19,0,25,10262.0
4546,4547,4,4,1.0,0,0,1,1,27,3,2019,9,0,21,0,12,12537.0
4547,4548,4,4,1.0,0,1,0,0,15,6,2019,13,0,4,25,15,10262.0
4548,4549,1,1,3.0,0,1,0,1,3,4,2019,7,5,8,30,1,8040.0
4549,4550,3,3,1.0,0,0,1,1,6,5,2019,11,15,18,30,7,9736.0
4550,4551,3,3,3.0,1,0,0,1,6,5,2019,4,40,7,15,2,4804.0
4551,4552,2,2,1.0,0,1,0,1,12,3,2019,16,55,9,30,16,13817.0
4552,4553,2,2,3.0,0,0,1,1,21,5,2019,7,45,10,40,2,5048.0
4553,4554,1,1,3.0,0,1,0,1,1,4,2019,10,20,11,50,1,8040.0
4554,4555,4,4,1.0,0,0,1,1,12,6,2019,8,30,19,15,10,7354.0
4555,4556,4,4,1.0,0,0,1,0,6,3,2019,14,35,22,20,7,7563.0
4556,4557,4,4,1.0,1,0,0,1,3,3,2019,10,45,15,30,4,7725.0
4557,4558,4,4,1.0,0,0,1,1,1,6,2019,8,45,21,0,12,7740.0
4558,4559,3,3,2.0,0,0,0,1,12,6,2019,10,0,5,25,19,13532.0
4559,4560,3,3,3.0,1,0,0,1,1,3,2019,14,20,16,55,2,6565.0
4560,4561,3,3,1.0,0,1,0,0,12,5,2019,16,30,19,50,27,10844.0
4561,4562,3,3,3.0,0,0,1,0,18,4,2019,22,20,0,40,2,3841.0
4562,4563,4,4,1.0,0,0,1,1,3,6,2019,8,30,19,0,10,11200.0
4563,4564,3,3,2.0,0,0,0,1,1,4,2019,9,25,10,30,25,12009.0
4564,4565,4,4,1.0,0,0,0,1,15,5,2019,8,0,19,15,11,8372.0
4565,4566,4,4,2.0,0,0,0,1,15,6,2019,6,50,7,40,24,13591.0
4566,4567,1,1,1.0,0,0,1,1,6,3,2019,20,55,16,45,19,12395.0
4567,4568,0,0,3.0,0,0,1,1,1,3,2019,8,20,10,35,2,7298.0
4568,4569,4,4,1.0,1,0,0,1,3,3,2019,7,20,12,30,5,12214.0
4569,4570,3,3,1.0,0,1,0,1,15,5,2019,17,0,22,5,29,14151.0
4570,4571,4,4,2.0,0,0,0,1,1,6,2019,17,15,19,15,26,12970.0
4571,4572,3,3,1.0,0,1,0,1,1,5,2019,14,5,23,35,9,14781.0
4572,4573,2,2,3.0,0,0,1,1,6,6,2019,17,0,19,35,2,4878.0
4573,4574,0,0,3.0,0,0,1,1,3,5,2019,8,20,10,35,2,3597.0
4574,4575,3,3,1.0,0,0,1,1,6,6,2019,7,35,23,30,15,6810.0
4575,4576,0,0,3.0,0,0,1,1,1,5,2019,7,5,9,20,2,3687.0
4576,4577,4,4,1.0,0,0,0,1,21,3,2019,17,20,9,25,16,6482.0
4577,4578,1,1,1.0,0,1,0,1,6,3,2019,17,0,16,50,23,19595.0
4578,4579,4,4,1.0,1,0,0,1,15,6,2019,15,10,20,0,4,6147.0
4579,4580,3,3,1.0,0,1,0,1,6,5,2019,17,0,9,45,16,10953.0
4580,4581,3,3,3.0,0,0,1,1,24,4,2019,22,20,0,40,2,3873.0
4581,4582,2,2,1.0,0,1,0,1,6,3,2019,14,5,5,5,15,14815.0
4582,4583,4,4,1.0,0,0,1,1,6,6,2019,4,55,19,0,14,10678.0
4583,4584,4,4,1.0,0,1,0,0,9,3,2019,15,5,4,25,13,14053.0
4584,4585,3,3,1.0,0,1,0,0,12,6,2019,9,35,22,5,12,10539.0
4585,4586,2,2,1.0,0,1,0,1,18,3,2019,14,5,21,20,7,16946.0
4586,4587,4,4,3.0,1,0,0,1,3,3,2019,14,30,17,35,3,7673.0
4587,4588,2,2,3.0,0,0,0,1,24,3,2019,13,20,16,10,2,4441.0
4588,4589,2,2,3.0,0,1,0,0,15,4,2019,11,10,14,5,2,4544.0
4589,4590,3,3,3.0,1,0,0,1,24,4,2019,15,30,18,5,2,4804.0
4590,4591,4,4,1.0,0,1,0,0,1,4,2019,9,0,12,35,27,5406.0
4591,4592,1,1,3.0,0,0,0,1,3,4,2019,6,20,7,40,1,3100.0
4592,4593,4,4,2.0,0,1,0,0,27,6,2019,23,5,19,0,19,11150.0
4593,4594,2,2,3.0,1,0,0,1,6,4,2019,16,55,19,55,3,4823.0
4594,4595,1,1,3.0,0,0,1,0,3,5,2019,5,45,7,15,1,1965.0
4595,4596,4,4,1.0,0,1,0,0,24,6,2019,21,50,12,35,14,10262.0
4596,4597,4,4,1.0,1,0,0,1,6,6,2019,7,35,16,10,8,6674.0
4597,4598,4,4,1.0,0,1,0,1,6,3,2019,9,0,4,25,19,15764.0
4598,4599,3,3,1.0,0,1,0,0,1,4,2019,20,0,22,35,26,7064.0
4599,4600,4,4,1.0,0,1,0,0,6,6,2019,14,0,19,0,5,10262.0
4600,4601,3,3,1.0,1,0,0,1,1,5,2019,8,10,13,0,4,5069.0
4601,4602,4,4,1.0,0,0,1,1,6,6,2019,11,40,19,0,7,11789.0
4602,4603,3,3,2.0,0,0,0,1,1,5,2019,10,0,13,45,27,15164.0
4603,4604,4,4,3.0,0,0,0,1,6,6,2019,14,10,17,10,3,6094.0
4604,4605,2,2,3.0,0,0,1,0,21,4,2019,9,30,12,20,2,4885.0
4605,4606,2,2,3.0,0,0,1,1,21,6,2019,11,10,13,55,2,3383.0
4606,4607,4,4,1.0,0,0,1,1,27,3,2019,17,0,1,35,8,6673.0
4607,4608,2,2,3.0,0,1,0,0,27,4,2019,7,10,10,10,3,4544.0
4608,4609,4,4,2.0,0,1,0,0,21,3,2019,10,45,18,50,8,8367.0
4609,4610,2,2,3.0,0,0,1,1,3,6,2019,11,40,14,30,2,3898.0
4610,4611,3,3,1.0,0,1,0,0,9,6,2019,14,5,22,35,8,10844.0
4611,4612,4,4,1.0,0,0,1,1,27,3,2019,2,15,13,20,11,12327.0
4612,4613,4,4,1.0,0,0,1,0,21,3,2019,8,45,13,15,4,6356.0
4613,4614,2,2,3.0,0,0,0,1,15,5,2019,21,5,23,55,2,5228.0
4614,4615,2,2,2.0,0,0,0,1,18,3,2019,6,45,16,30,33,10835.0
4615,4616,2,2,3.0,1,0,0,1,21,6,2019,4,0,6,50,2,3943.0
4616,4617,4,4,1.0,0,1,0,1,1,6,2019,18,15,19,0,24,14714.0
4617,4618,3,3,2.0,0,0,0,1,6,5,2019,5,50,12,0,30,11883.0
4618,4619,3,3,1.0,0,0,1,1,12,6,2019,20,20,23,25,27,8610.0
4619,4620,4,4,1.0,0,0,1,1,15,5,2019,7,10,22,30,15,6513.0
4620,4621,4,4,1.0,0,1,0,0,21,5,2019,2,15,4,25,26,12898.0
4621,4622,4,4,2.0,0,0,0,1,1,6,2019,22,0,19,15,21,10861.0
4622,4623,1,1,3.0,1,0,0,1,21,6,2019,19,5,20,35,1,4049.0
4623,4624,2,2,1.0,0,1,0,1,18,3,2019,11,40,5,5,17,13555.0
4624,4625,4,4,1.0,0,1,0,1,27,5,2019,2,15,19,0,16,16079.0
4625,4626,4,4,3.0,1,0,0,1,6,3,2019,5,35,8,50,3,7673.0
4626,4627,4,4,1.0,0,0,1,1,21,3,2019,8,55,19,15,10,10161.0
4627,4628,4,4,1.0,0,1,0,0,12,6,2019,2,15,12,35,10,10262.0
4628,4629,3,3,3.0,0,0,1,1,3,5,2019,6,55,9,30,2,3873.0
4629,4630,2,2,3.0,0,0,1,1,3,6,2019,21,10,0,5,2,3311.0
4630,4631,4,4,1.0,1,0,0,1,9,3,2019,16,0,1,35,9,13611.0
4631,4632,4,4,2.0,0,0,0,1,6,3,2019,12,0,19,15,7,11858.0
4632,4633,4,4,1.0,0,0,1,1,27,5,2019,10,20,19,15,8,9316.0
4633,4634,2,2,3.0,1,0,0,1,1,4,2019,7,10,10,5,2,4823.0
4634,4635,3,3,1.0,0,1,0,1,12,5,2019,20,0,10,5,14,13941.0
4635,4636,4,4,2.0,0,1,0,0,27,5,2019,9,40,4,25,18,13029.0
4636,4637,3,3,3.0,0,0,1,1,12,4,2019,6,55,9,30,2,3873.0
4637,4638,2,2,3.0,1,0,0,1,12,4,2019,1,30,4,15,2,4591.0
4638,4639,1,1,1.0,0,0,1,1,6,3,2019,8,45,22,55,14,12395.0
4639,4640,1,1,3.0,1,0,0,1,21,3,2019,2,30,4,0,1,3603.0
4640,4641,3,3,3.0,1,0,0,1,1,5,2019,15,30,18,5,2,4804.0
4641,4642,2,2,3.0,1,0,0,1,21,5,2019,18,25,21,20,2,4823.0
4642,4643,4,4,1.0,0,1,0,1,21,3,2019,11,30,18,50,7,13244.0
4643,4644,3,3,1.0,0,0,1,1,24,3,2019,7,35,19,25,11,6785.0
4644,4645,1,1,3.0,0,0,0,1,24,6,2019,6,20,7,40,1,3100.0
4645,4646,4,4,1.0,0,0,1,1,12,6,2019,18,0,1,30,7,7198.0
4646,4647,4,4,2.0,0,1,0,1,27,6,2019,9,40,19,0,9,13014.0
4647,4648,4,4,2.0,0,0,0,1,6,3,2019,6,50,7,40,24,20416.0
4648,4649,4,4,2.0,0,0,0,1,6,6,2019,22,0,19,15,21,10441.0
4649,4650,2,2,1.0,0,0,0,1,1,3,2019,10,30,11,20,24,11528.0
4650,4651,3,3,2.0,0,0,0,1,6,5,2019,7,0,1,20,18,14083.0
4651,4652,0,0,3.0,1,0,0,1,15,5,2019,19,35,21,55,2,3597.0
4652,4653,3,3,2.0,0,0,0,1,12,6,2019,5,50,13,15,7,7662.0
4653,4654,2,2,3.0,1,0,0,1,6,6,2019,8,30,11,20,2,4823.0
4654,4655,4,4,0.0,0,0,0,1,27,6,2019,5,15,19,15,38,10703.0
4655,4656,1,1,3.0,0,1,0,1,12,6,2019,7,5,8,30,1,8040.0
4656,4657,2,2,3.0,0,0,1,1,24,6,2019,7,0,9,40,2,4668.0
4657,4658,4,4,3.0,0,0,0,1,12,5,2019,18,5,21,10,3,6304.0
4658,4659,1,1,2.0,0,0,0,1,6,3,2019,6,0,11,55,29,14219.0
4659,4660,3,3,3.0,0,0,1,0,1,5,2019,17,10,19,40,2,3841.0
4660,4661,4,4,1.0,0,0,1,1,27,5,2019,13,0,21,0,8,13587.0
4661,4662,3,3,2.0,0,0,0,1,18,5,2019,5,50,20,25,14,12093.0
4662,4663,4,4,1.0,0,0,1,1,27,4,2019,6,5,11,20,5,5899.0
4663,4664,1,1,3.0,0,0,0,1,12,5,2019,13,55,15,25,1,3100.0
4664,4665,2,2,3.0,0,0,0,1,12,5,2019,17,0,19,45,2,5438.0
4665,4666,2,2,3.0,1,0,0,1,18,4,2019,18,55,21,50,2,5780.0
4666,4667,3,3,2.0,0,0,0,1,9,6,2019,9,25,1,20,15,11668.0
4667,4668,2,2,3.0,1,0,0,1,1,3,2019,7,10,10,5,2,11934.0
4668,4669,4,4,2.0,0,1,0,1,27,6,2019,20,0,4,25,8,16263.0
4669,4670,4,4,1.0,1,0,0,1,6,3,2019,18,35,1,35,7,14871.0
4670,4671,2,2,3.0,0,0,1,0,24,5,2019,9,30,12,20,2,3573.0
4671,4672,4,4,2.0,0,0,0,1,3,3,2019,21,30,19,15,21,12497.0
4672,4673,4,4,3.0,0,0,0,1,21,6,2019,18,5,21,10,3,5411.0
4673,4674,4,4,1.0,1,0,0,1,9,6,2019,5,5,16,10,11,6600.0
4674,4675,3,3,1.0,1,0,0,1,6,6,2019,9,20,14,15,4,11160.0
4675,4676,1,1,2.0,0,1,0,1,6,3,2019,17,15,16,50,23,22950.0
4676,4677,3,3,1.0,0,0,1,1,24,5,2019,15,5,20,20,5,4649.0
4677,4678,4,4,2.0,0,1,0,1,21,5,2019,5,30,4,25,22,15129.0
4678,4679,4,4,3.0,1,0,0,1,12,5,2019,21,5,0,20,3,8626.0
4679,4680,4,4,1.0,0,1,0,1,6,3,2019,7,5,4,25,21,17234.0
4680,4681,2,2,1.0,0,1,0,0,21,3,2019,5,45,13,15,7,7832.0
4681,4682,1,1,3.0,0,0,0,1,18,6,2019,15,0,16,25,1,3100.0
4682,4683,3,3,1.0,0,1,0,0,9,5,2019,9,35,14,25,28,9314.0
4683,4684,4,4,1.0,0,1,0,1,1,6,2019,2,15,12,35,10,14714.0
4684,4685,4,4,2.0,0,1,0,1,15,6,2019,11,45,4,25,16,13882.0
4685,4686,4,4,2.0,0,1,0,1,9,5,2019,5,30,12,35,7,16274.0
4686,4687,4,4,1.0,0,0,1,1,6,3,2019,11,30,18,50,7,15135.0
4687,4688,2,2,3.0,1,0,0,1,24,3,2019,21,20,0,15,2,6144.0
4688,4689,4,4,2.0,0,1,0,1,27,3,2019,19,10,19,45,24,9483.0
4689,4690,4,4,2.0,0,0,0,1,15,5,2019,6,50,7,40,24,14431.0
4690,4691,4,4,1.0,0,0,1,0,24,6,2019,14,55,22,30,7,6093.0
4691,4692,4,4,1.0,0,0,1,1,21,5,2019,10,0,21,0,11,7888.0
4692,4693,4,4,1.0,1,0,0,1,15,5,2019,9,15,1,30,16,7503.0
4693,4694,3,3,1.0,0,0,0,1,6,5,2019,19,0,9,50,14,6117.0
4694,4695,4,4,1.0,0,1,0,1,3,3,2019,9,0,18,50,9,17024.0
4695,4696,3,3,1.0,0,1,0,1,1,4,2019,18,55,8,15,13,12681.0
4696,4697,4,4,1.0,0,0,1,1,24,6,2019,10,35,19,0,8,10678.0
4697,4698,3,3,1.0,0,1,0,1,24,3,2019,8,25,12,0,27,13759.0
4698,4699,1,1,3.0,0,0,1,1,3,6,2019,22,45,0,15,1,2017.0
4699,4700,2,2,3.0,0,0,1,0,15,6,2019,9,30,12,20,2,4885.0
4700,4701,4,4,1.0,0,0,1,1,27,5,2019,6,0,19,15,13,10786.0
4701,4702,1,1,1.0,0,0,1,1,12,3,2019,7,30,9,25,25,12080.0
4702,4703,3,3,3.0,1,0,0,1,9,6,2019,20,20,22,55,2,4804.0
4703,4704,4,4,1.0,0,0,0,1,21,3,2019,21,0,19,15,22,6587.0
4704,4705,4,4,2.0,0,1,0,0,27,3,2019,5,10,18,50,13,8728.0
4705,4706,4,4,1.0,0,0,1,1,18,5,2019,20,45,7,10,10,7452.0
4706,4707,2,2,3.0,1,0,0,1,6,6,2019,20,0,22,50,2,4823.0
4707,4708,4,4,1.0,0,0,1,1,9,5,2019,7,5,22,30,15,8310.0
4708,4709,2,2,3.0,0,0,1,1,1,4,2019,11,30,14,20,2,5403.0
4709,4710,4,4,2.0,0,1,0,1,9,6,2019,14,35,12,35,22,13376.0
4710,4711,4,4,1.0,0,0,1,1,3,6,2019,10,35,19,0,8,10877.0
4711,4712,2,2,1.0,0,1,0,1,6,3,2019,22,50,0,45,25,14815.0
4712,4713,4,4,1.0,1,0,0,1,21,3,2019,6,40,16,10,9,6558.0
4713,4714,4,4,1.0,0,0,1,1,21,5,2019,9,0,21,0,12,14067.0
4714,4715,4,4,1.0,0,0,1,1,21,5,2019,9,15,19,0,9,9627.0
4715,4716,4,4,1.0,0,1,0,1,3,6,2019,19,15,19,0,23,14714.0
4716,4717,4,4,3.0,1,0,0,1,9,5,2019,5,35,8,50,3,5000.0
4717,4718,4,4,1.0,0,0,1,1,21,3,2019,6,0,21,0,15,9845.0
4718,4719,3,3,1.0,0,1,0,0,18,5,2019,18,55,16,20,21,10844.0
4719,4720,4,4,1.0,1,0,0,1,27,3,2019,4,45,13,20,8,7048.0
4720,4721,3,3,1.0,0,1,0,1,12,6,2019,9,35,10,55,25,12692.0
4721,4722,4,4,1.0,0,1,0,0,9,3,2019,21,50,18,50,21,13843.0
4722,4723,2,2,1.0,0,1,0,0,21,3,2019,14,5,7,40,17,7832.0
4723,4724,1,1,3.0,1,0,0,1,1,6,2019,9,15,10,45,1,4049.0
4724,4725,4,4,1.0,0,1,0,1,27,3,2019,8,0,18,50,10,12242.0
4725,4726,4,4,1.0,0,1,0,0,24,6,2019,19,15,19,0,23,10262.0
4726,4727,3,3,1.0,0,1,0,1,9,6,2019,8,25,19,50,11,14571.0
4727,4728,3,3,3.0,0,0,1,1,24,5,2019,17,10,19,40,2,4174.0
4728,4729,4,4,1.0,0,0,1,1,27,5,2019,6,0,12,35,6,11264.0
4729,4730,3,3,3.0,1,0,0,1,18,4,2019,21,25,0,5,2,4174.0
4730,4731,0,0,3.0,1,0,0,1,12,6,2019,5,15,7,40,2,3540.0
4731,4732,3,3,1.0,0,0,1,1,18,5,2019,7,10,20,20,13,9345.0
4732,4733,4,4,2.0,0,0,0,1,6,6,2019,16,40,19,15,26,9653.0
4733,4734,1,1,3.0,1,0,0,1,18,3,2019,6,20,7,45,1,3342.0
4734,4735,4,4,1.0,0,0,1,1,18,5,2019,10,0,1,30,15,8073.0
4735,4736,3,3,1.0,0,1,0,0,1,4,2019,6,30,20,45,14,7064.0
4736,4737,4,4,2.0,0,1,0,1,27,6,2019,14,35,12,35,22,13376.0
4737,4738,4,4,1.0,0,0,1,1,6,3,2019,8,25,18,50,10,15135.0
4738,4739,3,3,1.0,0,0,0,1,24,5,2019,10,0,20,25,10,10413.0
4739,4740,3,3,1.0,0,0,1,1,1,5,2019,20,20,10,45,14,9187.0
4740,4741,4,4,2.0,0,1,0,1,1,6,2019,9,35,12,35,27,13292.0
4741,4742,4,4,1.0,1,0,0,1,9,3,2019,7,35,16,10,8,6674.0
4742,4743,4,4,1.0,1,0,0,1,9,5,2019,17,30,1,30,8,8330.0
4743,4744,4,4,1.0,0,0,1,1,1,6,2019,6,40,19,0,12,11200.0
4744,4745,4,4,1.0,0,1,0,0,3,6,2019,10,0,12,35,26,10262.0
4745,4746,4,4,3.0,0,0,1,1,15,4,2019,14,40,17,50,3,6216.0
4746,4747,3,3,1.0,0,1,0,0,18,5,2019,20,0,19,50,23,10844.0
4747,4748,3,3,1.0,0,1,0,0,24,3,2019,16,55,18,10,25,11134.0
4748,4749,0,0,3.0,1,0,0,1,18,6,2019,22,5,0,25,2,5277.0
4749,4750,4,4,2.0,0,1,0,1,27,6,2019,8,10,12,35,28,14300.0
4750,4751,2,2,1.0,0,1,0,1,6,3,2019,22,50,20,20,21,17471.0
4751,4752,3,3,1.0,0,1,0,0,21,5,2019,21,10,9,20,12,10844.0
4752,4753,2,2,3.0,0,0,1,0,15,3,2019,5,45,8,35,2,5469.0
4753,4754,4,4,1.0,0,1,0,0,9,6,2019,14,0,12,35,22,10262.0
4754,4755,4,4,1.0,0,0,1,1,6,3,2019,16,35,22,50,6,7185.0
4755,4756,3,3,3.0,0,0,1,1,18,6,2019,19,55,22,25,2,3807.0
4756,4757,4,4,1.0,0,1,0,1,1,6,2019,17,30,4,25,10,14714.0
4757,4758,3,3,1.0,0,0,1,1,6,5,2019,7,10,20,20,13,8610.0
4758,4759,4,4,1.0,0,1,0,1,6,3,2019,7,5,18,50,11,17234.0
4759,4760,4,4,0.0,0,0,1,1,12,6,2019,11,35,21,0,9,15629.0
4760,4761,4,4,2.0,0,0,1,1,27,3,2019,7,5,21,20,14,6128.0
4761,4762,4,4,1.0,0,1,0,1,9,3,2019,16,0,4,25,12,16289.0
4762,4763,4,4,2.0,0,1,0,1,9,5,2019,5,30,19,0,13,15129.0
4763,4764,2,2,1.0,0,1,0,0,21,3,2019,14,5,10,25,20,7832.0
4764,4765,2,2,1.0,0,1,0,1,1,3,2019,8,0,16,10,8,22270.0
4765,4766,3,3,1.0,0,1,0,1,1,5,2019,17,0,9,45,16,11467.0
4766,4767,1,1,3.0,1,0,0,1,9,5,2019,19,5,20,35,1,4392.0
4767,4768,3,3,3.0,0,0,1,1,6,5,2019,17,10,19,40,2,4491.0
4768,4769,3,3,1.0,0,1,0,0,18,5,2019,21,10,9,20,12,9663.0
4769,4770,4,4,1.0,1,0,0,1,27,6,2019,18,35,1,30,6,5883.0
4770,4771,4,4,1.0,0,0,0,1,3,3,2019,19,0,7,40,12,14777.0
4771,4772,3,3,1.0,0,0,1,1,21,5,2019,6,50,10,30,3,5162.0
4772,4773,3,3,3.0,1,0,0,1,1,6,2019,21,25,0,5,2,4804.0
4773,4774,3,3,1.0,0,1,0,0,12,6,2019,14,5,12,0,21,8529.0
4774,4775,3,3,1.0,0,1,0,0,9,6,2019,6,30,16,20,9,10844.0
4775,4776,3,3,3.0,0,0,1,1,9,4,2019,6,55,9,30,2,3873.0
4776,4777,3,3,3.0,1,0,0,1,12,6,2019,9,35,12,20,2,4804.0
4777,4778,1,1,3.0,0,1,0,1,12,5,2019,2,55,4,20,1,5678.0
4778,4779,3,3,1.0,0,1,0,1,1,4,2019,6,30,18,15,11,12681.0
4779,4780,2,2,1.0,0,1,0,1,15,3,2019,5,50,12,20,6,9623.0
4780,4781,4,4,1.0,0,0,1,1,3,3,2019,8,55,21,0,12,15147.0
4781,4782,3,3,1.0,0,0,1,1,24,5,2019,7,10,23,25,16,9345.0
4782,4783,3,3,1.0,0,1,0,0,6,5,2019,18,55,10,5,15,7757.0
4783,4784,3,3,1.0,0,1,0,0,12,5,2019,16,30,12,0,19,10844.0
4784,4785,2,2,2.0,0,0,0,1,3,3,2019,11,5,22,10,35,11948.0
4785,4786,4,4,2.0,0,1,0,1,27,6,2019,6,45,12,35,29,13376.0
4786,4787,3,3,1.0,0,0,0,1,15,5,2019,19,0,4,40,9,6117.0
4787,4788,4,4,1.0,1,0,0,1,6,3,2019,4,55,16,10,11,6171.0
4788,4789,3,3,1.0,0,1,0,1,12,6,2019,14,5,19,50,5,13626.0
4789,4790,2,2,1.0,0,1,0,1,6,3,2019,21,25,19,10,21,17471.0
4790,4791,4,4,1.0,0,0,1,1,21,3,2019,10,20,19,15,8,7531.0
4791,4792,4,4,1.0,0,1,0,0,9,5,2019,15,0,4,25,13,12373.0
4792,4793,4,4,1.0,0,1,0,1,27,5,2019,7,5,12,35,5,16289.0
4793,4794,2,2,3.0,1,0,0,1,24,3,2019,10,10,13,0,2,4777.0
4794,4795,2,2,3.0,0,1,0,0,21,4,2019,8,20,11,20,3,5198.0
4795,4796,3,3,1.0,0,1,0,0,6,6,2019,14,5,23,35,9,10844.0
4796,4797,2,2,3.0,0,0,0,1,18,5,2019,17,0,19,45,2,7171.0
4797,4798,4,4,2.0,0,0,0,1,27,6,2019,18,45,19,15,24,11942.0
4798,4799,2,2,3.0,1,0,0,1,27,4,2019,10,30,13,20,2,4423.0
4799,4800,4,4,3.0,0,0,1,1,18,3,2019,14,55,17,50,2,5586.0
4800,4801,3,3,1.0,0,1,0,0,24,3,2019,16,55,12,0,19,11134.0
4801,4802,2,2,3.0,0,0,1,1,24,3,2019,5,50,8,40,2,4284.0
4802,4803,3,3,3.0,0,0,0,1,1,5,2019,14,15,16,45,2,6245.0
4803,4804,2,2,1.0,0,0,1,1,15,3,2019,10,20,18,15,7,10341.0
4804,4805,2,2,3.0,0,0,1,1,3,3,2019,5,45,8,35,2,6860.0
4805,4806,1,1,3.0,0,0,0,1,3,4,2019,19,30,20,45,1,2050.0
4806,4807,4,4,1.0,0,0,1,0,24,6,2019,17,45,1,30,7,5797.0
4807,4808,2,2,3.0,1,0,0,1,9,3,2019,8,30,11,30,3,7648.0
4808,4809,2,2,3.0,0,0,0,1,15,3,2019,21,10,23,55,2,8851.0
4809,4810,3,3,2.0,0,0,0,1,6,6,2019,10,0,5,25,19,13007.0
4810,4811,3,3,1.0,0,1,0,1,24,5,2019,9,35,9,45,24,13067.0
4811,4812,2,2,1.0,1,0,0,1,18,3,2019,16,55,21,50,4,4049.0
4812,4813,3,3,1.0,0,1,0,1,12,6,2019,17,0,18,0,25,12692.0
4813,4814,0,0,3.0,0,0,0,1,9,5,2019,11,40,13,55,2,4667.0
4814,4815,4,4,2.0,0,0,1,0,3,3,2019,7,10,21,20,14,8938.0
4815,4816,4,4,1.0,1,0,0,1,21,3,2019,7,30,15,30,8,10208.0
4816,4817,4,4,1.0,0,0,1,1,3,6,2019,11,25,19,15,7,7354.0
4817,4818,2,2,3.0,0,0,0,1,21,4,2019,17,0,19,45,2,5438.0
4818,4819,3,3,3.0,0,0,1,1,24,5,2019,22,50,1,20,2,4107.0
4819,4820,3,3,1.0,0,1,0,0,24,3,2019,19,45,12,0,16,11134.0
4820,4821,4,4,1.0,0,1,0,0,15,6,2019,20,55,12,35,15,10262.0
4821,4822,3,3,2.0,0,0,0,1,24,5,2019,7,0,1,20,18,14083.0
4822,4823,3,3,1.0,0,0,1,1,9,6,2019,7,10,23,25,16,9345.0
4823,4824,4,4,1.0,0,1,0,0,9,5,2019,17,30,12,35,19,12373.0
4824,4825,4,4,1.0,0,0,1,0,15,6,2019,16,0,1,30,9,10196.0
4825,4826,4,4,1.0,1,0,0,1,15,4,2019,16,0,21,0,5,5947.0
4826,4827,3,3,1.0,0,1,0,1,12,6,2019,14,5,9,20,19,13044.0
4827,4828,3,3,1.0,0,1,0,0,18,5,2019,5,45,9,20,27,9663.0
4828,4829,2,2,1.0,0,1,0,1,1,3,2019,5,45,20,20,14,27992.0
4829,4830,3,3,1.0,1,0,0,1,24,3,2019,15,10,19,50,4,7476.0
4830,4831,3,3,1.0,0,0,0,1,9,6,2019,7,0,20,25,13,10413.0
4831,4832,4,4,1.0,0,0,1,1,1,6,2019,11,40,19,15,7,10261.0
4832,4833,3,3,1.0,0,1,0,1,6,6,2019,9,35,23,35,14,14151.0
4833,4834,2,2,3.0,0,0,0,1,6,4,2019,6,10,8,55,2,5176.0
4834,4835,4,4,1.0,0,1,0,1,6,6,2019,10,0,4,25,18,14714.0
4835,4836,3,3,1.0,0,1,0,0,15,5,2019,17,0,14,25,21,9314.0
4836,4837,4,4,1.0,0,1,0,1,24,6,2019,21,50,4,25,6,14714.0
4837,4838,4,4,1.0,0,0,1,1,6,6,2019,8,0,19,0,11,12192.0
4838,4839,1,1,3.0,0,0,1,1,3,4,2019,22,45,0,15,1,1759.0
4839,4840,4,4,1.0,1,0,0,1,27,3,2019,2,5,7,25,5,4744.0
4840,4841,2,2,3.0,0,1,0,1,21,5,2019,19,50,22,50,3,7229.0
4841,4842,4,4,1.0,0,1,0,1,9,3,2019,0,20,4,25,28,15029.0
4842,4843,3,3,3.0,1,0,0,1,15,3,2019,20,25,23,5,2,4462.0
4843,4844,0,0,3.0,0,0,1,1,12,3,2019,8,20,10,35,2,6300.0
4844,4845,1,1,3.0,0,0,0,1,21,3,2019,19,30,20,45,1,2575.0
4845,4846,2,2,1.0,0,1,0,0,12,3,2019,18,55,19,10,24,11087.0
4846,4847,4,4,1.0,0,0,1,1,27,3,2019,4,0,13,20,9,6305.0
4847,4848,2,2,3.0,0,0,1,1,9,3,2019,19,40,22,20,2,8290.0
4848,4849,2,2,3.0,0,1,0,0,18,6,2019,7,10,10,10,3,5769.0
4849,4850,2,2,3.0,1,0,0,1,12,4,2019,21,15,0,15,3,4990.0
4850,4851,2,2,3.0,0,0,1,1,3,3,2019,23,25,2,10,2,6135.0
4851,4852,4,4,1.0,1,0,0,1,27,3,2019,2,0,7,45,5,5733.0
4852,4853,4,4,1.0,0,0,1,1,15,5,2019,6,0,21,0,15,7670.0
4853,4854,4,4,2.0,0,1,0,1,27,6,2019,19,10,19,0,23,12819.0
4854,4855,2,2,3.0,1,0,0,1,3,5,2019,20,0,22,50,2,4823.0
4855,4856,4,4,1.0,1,0,0,1,9,5,2019,4,55,21,0,16,6979.0
4856,4857,3,3,1.0,0,0,0,1,24,3,2019,9,25,18,30,9,10493.0
4857,4858,4,4,2.0,0,0,0,1,9,3,2019,20,0,19,15,23,16111.0
4858,4859,4,4,2.0,0,0,0,1,9,6,2019,22,0,19,15,21,10651.0
4859,4860,4,4,1.0,1,0,0,1,27,5,2019,5,5,16,10,11,6600.0
4860,4861,4,4,2.0,0,1,0,0,12,6,2019,14,35,12,35,22,10919.0
4861,4862,3,3,3.0,1,0,0,1,21,3,2019,10,10,12,55,2,5198.0
4862,4863,2,2,2.0,0,0,0,1,12,3,2019,8,50,16,20,31,12778.0
4863,4864,1,1,3.0,1,0,0,1,27,3,2019,19,5,20,30,1,2754.0
4864,4865,4,4,2.0,0,1,0,1,9,5,2019,23,5,19,0,19,15129.0
4865,4866,4,4,1.0,1,0,0,1,9,5,2019,20,25,1,30,5,7255.0
4866,4867,4,4,1.0,0,0,1,1,21,3,2019,7,5,13,20,6,14486.0
4867,4868,4,4,1.0,0,0,1,1,21,4,2019,7,0,12,55,5,6591.0
4868,4869,2,2,3.0,0,0,1,0,21,5,2019,21,10,0,5,2,3573.0
4869,4870,4,4,1.0,0,1,0,0,1,6,2019,15,0,12,35,21,10262.0
4870,4871,3,3,1.0,0,1,0,1,15,5,2019,18,55,10,5,15,14388.0
4871,4872,4,4,1.0,0,1,0,1,3,6,2019,17,30,19,0,25,14714.0
4872,4873,4,4,2.0,0,1,0,0,12,6,2019,19,30,12,35,17,10368.0
4873,4874,0,0,3.0,0,0,1,1,21,3,2019,9,30,12,5,2,3384.0
4874,4875,3,3,1.0,0,0,0,1,24,3,2019,12,0,13,40,25,7742.0
4875,4876,4,4,1.0,1,0,0,1,9,6,2019,2,0,7,45,5,6386.0
4876,4877,2,2,3.0,0,1,0,0,6,6,2019,18,55,22,0,3,7229.0
4877,4878,3,3,1.0,0,0,0,1,6,5,2019,9,25,18,30,9,8891.0
4878,4879,4,4,1.0,0,0,1,1,1,6,2019,13,0,21,0,8,13587.0
4879,4880,4,4,1.0,1,0,0,1,27,3,2019,7,30,13,20,5,8227.0
4880,4881,3,3,2.0,0,0,0,1,1,4,2019,9,50,23,15,13,12125.0
4881,4882,3,3,3.0,0,0,1,1,15,6,2019,22,20,0,40,2,3873.0
4882,4883,4,4,1.0,0,0,1,1,12,6,2019,16,0,1,30,9,13377.0
4883,4884,3,3,1.0,0,1,0,1,12,5,2019,20,25,23,35,27,10953.0
4884,4885,3,3,3.0,0,0,1,1,9,3,2019,6,55,9,35,2,4622.0
4885,4886,3,3,1.0,0,1,0,1,24,3,2019,13,55,10,5,20,14231.0
4886,4887,4,4,1.0,0,1,0,0,24,6,2019,21,50,19,0,21,10262.0
4887,4888,2,2,3.0,1,0,0,1,15,4,2019,22,10,1,0,2,3943.0
4888,4889,3,3,1.0,0,0,1,1,12,5,2019,20,20,20,20,24,8610.0
4889,4890,4,4,1.0,0,0,1,1,21,3,2019,7,5,22,20,15,6717.0
4890,4891,4,4,1.0,0,0,1,1,24,6,2019,8,30,19,0,10,10877.0
4891,4892,3,3,1.0,1,0,0,1,1,5,2019,15,15,20,5,4,4775.0
4892,4893,3,3,1.0,0,1,0,1,9,6,2019,16,30,22,35,6,14571.0
4893,4894,2,2,3.0,0,0,1,0,24,3,2019,9,35,12,30,2,6205.0
4894,4895,3,3,1.0,0,1,0,1,18,5,2019,20,25,18,0,21,14151.0
4895,4896,4,4,1.0,0,0,1,1,27,3,2019,11,40,21,0,9,6637.0
4896,4897,2,2,2.0,0,0,0,1,3,3,2019,7,30,10,50,27,12074.0
4897,4898,3,3,3.0,1,0,0,1,21,6,2019,11,30,14,5,2,4804.0
4898,4899,3,3,1.0,1,0,0,1,6,5,2019,21,0,2,15,5,7252.0
4899,4900,4,4,1.0,1,0,0,1,3,6,2019,7,35,12,10,4,6069.0
4900,4901,4,4,1.0,0,1,0,1,9,5,2019,11,30,19,0,7,15554.0
4901,4902,0,0,3.0,1,0,0,1,18,5,2019,15,40,18,25,2,3850.0
4902,4903,4,4,2.0,0,0,0,1,18,5,2019,18,45,19,15,24,12940.0
4903,4904,3,3,1.0,0,0,1,1,1,5,2019,11,15,18,30,7,8844.0
4904,4905,4,4,1.0,0,1,0,0,12,6,2019,7,5,19,0,11,15190.0
4905,4906,2,2,1.0,0,1,0,0,15,3,2019,8,0,16,10,8,9134.0
4906,4907,4,4,1.0,0,1,0,1,9,4,2019,20,55,12,35,15,11822.0
4907,4908,4,4,1.0,0,0,1,1,9,5,2019,15,0,1,30,10,15078.0
4908,4909,1,1,3.0,0,0,1,1,1,3,2019,22,45,0,10,1,11005.0
4909,4910,4,4,1.0,1,0,0,1,21,3,2019,15,0,1,35,10,7006.0
4910,4911,2,2,1.0,1,0,0,1,9,3,2019,16,55,21,50,4,4259.0
4911,4912,4,4,2.0,0,0,0,1,9,3,2019,21,30,19,15,21,11762.0
4912,4913,2,2,1.0,0,1,0,0,24,3,2019,8,55,9,0,24,8147.0
4913,4914,3,3,3.0,0,0,1,0,27,5,2019,6,55,9,30,2,3841.0
4914,4915,3,3,3.0,1,0,0,1,3,4,2019,17,15,19,50,2,4174.0
4915,4916,4,4,1.0,0,1,0,0,27,5,2019,17,30,4,25,10,12898.0
4916,4917,4,4,1.0,0,0,1,1,6,6,2019,15,45,22,5,6,5583.0
4917,4918,4,4,1.0,0,1,0,0,6,6,2019,11,30,19,0,7,10262.0
4918,4919,2,2,3.0,0,1,0,1,6,5,2019,6,0,8,45,2,7229.0
4919,4920,4,4,2.0,0,1,0,1,21,5,2019,5,30,4,25,22,15129.0
4920,4921,2,2,3.0,0,0,1,1,9,6,2019,21,0,23,50,2,4668.0
4921,4922,2,2,3.0,1,0,0,1,18,4,2019,18,25,21,20,2,4990.0
4922,4923,3,3,3.0,1,0,0,1,24,3,2019,22,10,0,55,2,6985.0
4923,4924,2,2,3.0,1,0,0,1,3,4,2019,16,55,19,55,3,4823.0
4924,4925,3,3,1.0,0,0,1,1,18,5,2019,7,10,18,50,11,9345.0
4925,4926,3,3,1.0,0,1,0,0,15,5,2019,14,5,16,20,26,10844.0
4926,4927,4,4,2.0,0,1,0,1,9,5,2019,9,35,12,35,27,14657.0
4927,4928,4,4,1.0,1,0,0,1,3,6,2019,5,5,16,10,11,6818.0
4928,4929,4,4,2.0,0,0,0,1,15,5,2019,5,55,7,40,25,11543.0
4929,4930,1,1,3.0,0,0,1,0,24,3,2019,22,45,0,10,1,2175.0
4930,4931,3,3,1.0,0,1,0,0,6,6,2019,18,55,16,20,21,10844.0
4931,4932,1,1,3.0,0,1,0,1,1,4,2019,7,5,8,30,1,8040.0
4932,4933,3,3,1.0,0,1,0,1,6,6,2019,8,25,20,45,12,14571.0
4933,4934,3,3,1.0,0,1,0,1,9,6,2019,6,30,12,0,5,14571.0
4934,4935,4,4,1.0,0,1,0,0,21,5,2019,16,0,12,35,20,12898.0
4935,4936,4,4,1.0,0,0,1,1,12,6,2019,10,0,19,15,9,14848.0
4936,4937,4,4,1.0,0,0,1,1,18,5,2019,19,0,1,30,6,8283.0
4937,4938,2,2,3.0,0,1,0,1,21,4,2019,15,15,18,10,2,7229.0
4938,4939,4,4,1.0,0,0,1,1,18,5,2019,11,40,1,30,13,8405.0
4939,4940,4,4,2.0,0,1,0,1,3,3,2019,5,40,4,25,22,19266.0
4940,4941,4,4,1.0,0,0,0,1,6,3,2019,17,40,8,15,14,11038.0
4941,4942,2,2,3.0,0,1,0,1,12,6,2019,18,55,22,0,3,8016.0
4942,4943,0,0,3.0,0,0,1,1,21,3,2019,17,45,20,5,2,3384.0
4943,4944,4,4,1.0,1,0,0,1,9,4,2019,18,35,1,30,6,6573.0
4944,4945,4,4,2.0,0,1,0,1,24,6,2019,23,5,19,0,19,12819.0
4945,4946,4,4,2.0,0,1,0,1,21,5,2019,9,40,4,25,18,15129.0
4946,4947,2,2,3.0,1,0,0,1,27,6,2019,23,30,2,20,2,3943.0
4947,4948,2,2,1.0,0,1,0,0,24,3,2019,22,50,12,15,13,7832.0
4948,4949,2,2,3.0,1,0,0,1,24,3,2019,7,10,10,5,2,6860.0
4949,4950,2,2,3.0,1,0,0,1,12,5,2019,18,25,21,20,2,4823.0
4950,4951,2,2,3.0,0,0,0,1,6,5,2019,17,0,19,45,2,5228.0
4951,4952,3,3,1.0,0,1,0,1,1,4,2019,14,5,19,50,5,13364.0
4952,4953,2,2,1.0,0,1,0,1,18,3,2019,16,55,7,40,14,13555.0
4953,4954,0,0,3.0,1,0,0,1,6,3,2019,22,5,0,25,2,5277.0
4954,4955,3,3,2.0,0,0,0,1,12,5,2019,7,0,1,20,18,13243.0
4955,4956,4,4,1.0,0,0,1,1,9,5,2019,6,0,19,0,13,9794.0
4956,4957,2,2,3.0,0,1,0,1,6,6,2019,6,0,8,45,2,8016.0
4957,4958,4,4,1.0,0,0,1,1,1,6,2019,17,30,1,30,8,13377.0
4958,4959,3,3,1.0,0,1,0,1,9,6,2019,17,0,22,5,29,12692.0
4959,4960,3,3,2.0,0,0,0,1,6,6,2019,8,20,18,30,10,10697.0
4960,4961,0,0,3.0,0,0,1,1,27,3,2019,9,30,12,5,2,3384.0
4961,4962,4,4,1.0,1,0,0,1,9,5,2019,6,50,22,30,15,6734.0
4962,4963,3,3,1.0,0,1,0,0,6,6,2019,20,0,9,20,13,10844.0
4963,4964,2,2,3.0,0,0,0,1,24,5,2019,21,5,23,55,2,5228.0
4964,4965,3,3,1.0,0,0,0,1,24,5,2019,9,25,11,10,25,8891.0
4965,4966,0,0,3.0,1,0,0,1,27,3,2019,7,55,10,15,2,3384.0
4966,4967,4,4,1.0,0,0,1,1,3,3,2019,8,0,21,0,13,17057.0
4967,4968,3,3,1.0,1,0,0,1,3,4,2019,19,20,23,45,4,3480.0
4968,4969,2,2,3.0,0,0,1,1,3,5,2019,9,30,12,20,2,4423.0
4969,4970,3,3,1.0,0,1,0,1,9,6,2019,6,30,4,40,22,14178.0
4970,4971,4,4,1.0,0,0,1,0,24,6,2019,8,45,13,15,4,4760.0
4971,4972,3,3,1.0,0,1,0,1,1,4,2019,20,25,9,45,13,14151.0
4972,4973,3,3,1.0,0,1,0,1,1,4,2019,20,0,16,20,20,12681.0
4973,4974,4,4,3.0,0,1,0,0,3,4,2019,11,0,14,15,3,4886.0
4974,4975,3,3,3.0,0,0,1,1,21,6,2019,10,20,12,55,2,3807.0
4975,4976,3,3,3.0,1,0,0,1,18,5,2019,4,40,7,15,2,4804.0
4976,4977,2,2,1.0,1,0,0,1,9,3,2019,7,30,12,20,4,5694.0
4977,4978,4,4,1.0,0,0,1,1,24,5,2019,9,0,19,0,10,10197.0
4978,4979,2,2,3.0,1,0,0,1,15,6,2019,23,30,2,20,2,4077.0
4979,4980,3,3,1.0,0,1,0,1,1,5,2019,6,30,18,15,11,14781.0
4980,4981,3,3,3.0,1,0,0,1,9,5,2019,11,30,14,5,2,5224.0
4981,4982,3,3,3.0,1,0,0,1,24,4,2019,21,25,0,5,2,4804.0
4982,4983,3,3,1.0,0,1,0,0,21,5,2019,6,30,4,40,22,8586.0
4983,4984,3,3,1.0,0,0,0,1,21,5,2019,12,0,13,15,25,7662.0
4984,4985,4,4,1.0,0,1,0,1,3,3,2019,9,55,18,50,8,18550.0
4985,4986,3,3,1.0,0,0,1,1,12,6,2019,17,0,23,25,6,8610.0
4986,4987,2,2,3.0,0,1,0,1,1,5,2019,7,10,10,10,3,7229.0
4987,4988,3,3,2.0,0,0,0,1,6,6,2019,10,0,5,25,19,12009.0
4988,4989,3,3,1.0,0,1,0,1,18,5,2019,17,0,21,5,28,14151.0
4989,4990,4,4,3.0,0,0,0,1,9,4,2019,5,10,8,0,2,4729.0
4990,4991,4,4,3.0,0,0,0,1,3,3,2019,5,10,8,0,2,7931.0
4991,4992,4,4,1.0,0,1,0,0,21,5,2019,11,30,12,35,25,12898.0
4992,4993,4,4,1.0,0,1,0,1,9,3,2019,6,50,4,25,21,16289.0
4993,4994,4,4,2.0,0,1,0,1,3,6,2019,21,25,19,0,21,13292.0
4994,4995,4,4,1.0,0,0,1,1,27,5,2019,8,0,21,0,13,7618.0
4995,4996,4,4,1.0,0,0,1,1,15,6,2019,18,15,1,30,7,13377.0
4996,4997,3,3,1.0,0,0,1,1,12,6,2019,7,35,23,30,15,5192.0
4997,4998,4,4,1.0,0,0,1,0,24,6,2019,11,40,19,15,7,7268.0
4998,4999,3,3,1.0,0,1,0,0,24,5,2019,20,25,9,45,13,12384.0
4999,5000,2,2,3.0,1,0,0,1,15,3,2019,4,0,6,50,2,5694.0
5000,5001,2,2,2.0,0,1,0,1,18,3,2019,8,55,15,55,7,16338.0
5001,5002,4,4,1.0,0,0,1,1,6,6,2019,13,0,1,30,12,7198.0
5002,5003,4,4,1.0,0,1,0,0,21,3,2019,8,0,18,50,10,6540.0
5003,5004,1,1,3.0,0,1,0,0,3,6,2019,19,35,21,5,1,3210.0
5004,5005,3,3,3.0,0,0,1,1,18,6,2019,6,55,9,30,2,3873.0
5005,5006,2,2,3.0,0,0,1,1,21,4,2019,11,10,13,55,2,4483.0
5006,5007,4,4,1.0,0,0,1,1,15,5,2019,16,45,22,25,5,6752.0
5007,5008,2,2,3.0,1,0,0,1,12,4,2019,7,10,10,5,2,4823.0
5008,5009,3,3,1.0,0,0,0,1,6,5,2019,20,30,8,55,12,10203.0
5009,5010,3,3,3.0,0,0,1,1,18,5,2019,22,20,0,40,2,3873.0
5010,5011,1,1,3.0,0,0,1,1,27,3,2019,13,10,14,30,1,2017.0
5011,5012,3,3,1.0,0,1,0,0,6,6,2019,8,25,4,40,20,8586.0
5012,5013,2,2,1.0,0,1,0,0,1,3,2019,22,50,10,25,11,31825.0
5013,5014,3,3,2.0,0,0,0,1,15,5,2019,10,0,13,45,27,16057.0
5014,5015,4,4,1.0,0,1,0,0,6,6,2019,2,15,4,25,26,10262.0
5015,5016,4,4,1.0,1,0,0,1,1,6,2019,20,25,1,30,5,6593.0
5016,5017,2,2,3.0,0,0,1,1,24,6,2019,21,10,0,5,2,3971.0
5017,5018,4,4,1.0,0,1,0,1,9,3,2019,19,15,18,50,23,16289.0
5018,5019,3,3,1.0,0,1,0,0,1,5,2019,9,35,9,45,24,9314.0
5019,5020,2,2,3.0,0,1,0,0,21,5,2019,17,45,20,45,3,4030.0
5020,5021,4,4,1.0,0,0,1,1,12,6,2019,14,0,21,0,7,13587.0
5021,5022,3,3,1.0,0,1,0,0,1,5,2019,20,25,18,0,21,9314.0
5022,5023,4,4,1.0,0,0,1,1,15,6,2019,20,45,7,10,10,6253.0
5023,5024,3,3,1.0,0,0,1,1,15,4,2019,7,35,23,30,15,5192.0
5024,5025,3,3,2.0,0,0,0,1,1,5,2019,9,25,13,45,28,16372.0
5025,5026,2,2,3.0,0,0,1,1,24,4,2019,11,30,14,20,2,5403.0
5026,5027,4,4,1.0,0,0,1,1,27,3,2019,11,30,18,50,7,11200.0
5027,5028,0,0,3.0,1,0,0,1,12,6,2019,11,35,14,0,2,3858.0
5028,5029,3,3,3.0,1,0,0,1,6,4,2019,15,30,18,5,2,4174.0
5029,5030,4,4,3.0,0,0,0,1,27,4,2019,18,5,21,10,3,5411.0
5030,5031,1,1,3.0,1,0,0,1,15,5,2019,16,55,18,25,1,3175.0
5031,5032,0,0,3.0,1,0,0,1,24,5,2019,14,45,17,5,2,3858.0
5032,5033,3,3,1.0,0,1,0,1,1,5,2019,20,0,4,40,8,13941.0
5033,5034,4,4,2.0,0,0,0,1,15,6,2019,13,15,19,15,30,12182.0
5034,5035,2,2,3.0,1,0,0,1,21,6,2019,16,55,19,55,3,4990.0
5035,5036,3,3,1.0,0,1,0,0,9,6,2019,20,25,22,5,25,10539.0
5036,5037,2,2,3.0,1,0,0,1,9,3,2019,10,5,13,0,2,6860.0
5037,5038,4,4,3.0,0,0,1,1,6,3,2019,14,55,17,50,2,8001.0
5038,5039,4,4,1.0,0,1,0,0,27,6,2019,22,50,19,0,20,10262.0
5039,5040,3,3,1.0,0,0,1,1,6,5,2019,17,0,23,25,6,8085.0
5040,5041,2,2,3.0,1,0,0,1,27,6,2019,0,25,3,15,2,3419.0
5041,5042,3,3,2.0,0,0,0,1,1,5,2019,10,0,13,45,27,15164.0
5042,5043,3,3,3.0,1,0,0,1,24,3,2019,17,15,20,0,2,6565.0
5043,5044,4,4,2.0,0,1,0,0,27,3,2019,5,25,18,50,13,9254.0
5044,5045,3,3,1.0,0,0,1,1,6,6,2019,6,50,10,30,3,6857.0
5045,5046,3,3,2.0,0,0,0,1,12,5,2019,7,0,1,20,18,12140.0
5046,5047,3,3,3.0,0,0,1,0,6,6,2019,9,0,11,25,2,3841.0
5047,5048,3,3,1.0,0,1,0,1,6,5,2019,8,25,19,50,11,14781.0
5048,5049,4,4,1.0,0,0,0,1,18,5,2019,10,0,7,40,21,8372.0
5049,5050,3,3,0.0,0,0,0,1,1,4,2019,16,45,23,15,30,8607.0
5050,5051,4,4,1.0,0,0,1,1,24,6,2019,10,0,21,0,11,13587.0
5051,5052,4,4,1.0,0,1,0,1,18,5,2019,20,55,4,25,7,15554.0
5052,5053,3,3,1.0,0,1,0,0,21,5,2019,21,10,19,50,22,10844.0
5053,5054,1,1,3.0,1,0,0,1,24,5,2019,12,0,13,30,1,4392.0
5054,5055,2,2,3.0,0,0,0,1,27,5,2019,17,0,19,45,2,6961.0
5055,5056,4,4,1.0,0,0,0,1,18,5,2019,9,45,23,0,13,8907.0
5056,5057,4,4,1.0,1,0,0,1,15,6,2019,8,35,22,30,13,6442.0
5057,5058,3,3,1.0,0,1,0,0,15,5,2019,14,5,23,35,9,8586.0
5058,5059,4,4,2.0,0,0,0,1,15,5,2019,12,55,19,15,30,13486.0
5059,5060,1,1,3.0,0,0,0,1,6,6,2019,19,30,20,45,1,3100.0
5060,5061,4,4,2.0,0,1,0,0,6,3,2019,17,55,4,25,34,15812.0
5061,5062,4,4,3.0,0,0,0,1,24,4,2019,18,5,21,10,3,5201.0
5062,5063,4,4,2.0,1,0,0,1,3,3,2019,7,35,21,20,13,9413.0
5063,5064,4,4,2.0,0,0,0,1,6,6,2019,20,15,19,15,23,13591.0
5064,5065,1,1,3.0,0,1,0,1,1,6,2019,2,55,4,20,1,5678.0
5065,5066,2,2,1.0,0,0,0,1,3,3,2019,8,15,23,10,14,6781.0
5066,5067,2,2,1.0,0,1,0,0,21,3,2019,18,40,11,25,16,7832.0
5067,5068,4,4,1.0,0,1,0,0,9,3,2019,16,0,18,50,26,14053.0
5068,5069,3,3,1.0,0,1,0,0,9,5,2019,20,25,9,45,13,10703.0
5069,5070,4,4,1.0,0,0,1,1,15,5,2019,17,30,1,30,8,13727.0
5070,5071,4,4,1.0,0,0,1,1,24,6,2019,13,0,21,0,8,7408.0
5071,5072,2,2,1.0,0,1,0,1,1,3,2019,14,5,11,25,21,20800.0
5072,5073,4,4,2.0,0,0,0,1,3,6,2019,13,20,7,40,18,11911.0
5073,5074,2,2,3.0,0,0,1,1,3,4,2019,7,0,9,40,2,5403.0
5074,5075,3,3,1.0,0,1,0,0,6,6,2019,9,35,19,10,9,13469.0
5075,5076,4,4,2.0,0,1,0,0,6,6,2019,21,25,12,35,15,11270.0
5076,5077,4,4,1.0,0,0,1,1,24,6,2019,20,45,6,35,9,6152.0
5077,5078,4,4,1.0,0,1,0,1,27,3,2019,8,0,4,25,20,12452.0
5078,5079,3,3,1.0,0,1,0,0,15,5,2019,16,30,16,20,23,10844.0
5079,5080,4,4,1.0,1,0,0,1,18,5,2019,11,55,22,30,10,8216.0
5080,5081,3,3,1.0,0,1,0,1,12,6,2019,6,30,19,50,13,13626.0
5081,5082,4,4,2.0,0,0,1,1,6,3,2019,7,5,21,20,14,7084.0
5082,5083,4,4,1.0,0,0,1,1,9,5,2019,4,55,19,15,14,7575.0
5083,5084,2,2,1.0,0,0,0,1,3,3,2019,8,15,8,50,24,6781.0
5084,5085,2,2,3.0,0,1,0,0,6,6,2019,7,10,10,10,3,6478.0
5085,5086,1,1,3.0,0,0,1,0,15,3,2019,5,45,7,5,1,2385.0
5086,5087,4,4,1.0,0,0,1,1,18,5,2019,13,0,21,0,8,9385.0
5087,5088,2,2,3.0,0,0,1,1,18,4,2019,7,45,10,40,2,5048.0
5088,5089,4,4,1.0,1,0,0,1,12,6,2019,20,25,1,30,5,5058.0
5089,5090,4,4,1.0,0,0,1,1,21,3,2019,6,0,13,20,7,11269.0
5090,5091,4,4,1.0,0,0,1,1,9,4,2019,19,0,1,30,6,7363.0
5091,5092,4,4,2.0,0,0,0,1,9,3,2019,21,30,19,15,21,11762.0
5092,5093,4,4,1.0,0,1,0,1,6,3,2019,15,5,4,25,13,15764.0
5093,5094,4,4,1.0,0,1,0,0,12,6,2019,10,0,4,25,18,10262.0
5094,5095,4,4,2.0,0,1,0,0,3,6,2019,14,35,12,35,22,10919.0
5095,5096,4,4,1.0,0,1,0,0,15,6,2019,17,30,19,0,25,10262.0
5096,5097,3,3,2.0,0,0,0,1,6,5,2019,5,50,23,15,17,11883.0
5097,5098,3,3,3.0,0,0,1,1,21,3,2019,22,20,0,40,2,3847.0
5098,5099,1,1,3.0,0,1,0,1,12,6,2019,19,35,21,5,1,5678.0
5099,5100,3,3,1.0,0,0,1,1,12,5,2019,7,10,22,40,15,8662.0
5100,5101,4,4,1.0,0,1,0,0,27,5,2019,14,0,4,25,14,12898.0
5101,5102,2,2,3.0,0,0,1,1,12,5,2019,21,10,0,5,2,4423.0
5102,5103,4,4,1.0,0,0,0,1,12,6,2019,17,40,8,15,14,8991.0
5103,5104,4,4,1.0,0,0,1,1,15,5,2019,17,55,22,50,4,5409.0
5104,5105,4,4,1.0,1,0,0,1,27,4,2019,8,35,16,10,7,6442.0
5105,5106,3,3,2.0,0,0,0,1,24,5,2019,12,0,21,50,9,9941.0
5106,5107,4,4,2.0,1,0,0,1,21,3,2019,6,40,21,20,14,6494.0
5107,5108,4,4,1.0,0,0,1,1,24,6,2019,17,0,1,30,8,7198.0
5108,5109,2,2,3.0,0,0,1,1,9,3,2019,5,45,8,35,2,7110.0
5109,5110,2,2,1.0,0,1,0,0,12,3,2019,18,55,9,30,14,11087.0
5110,5111,3,3,3.0,1,0,0,1,9,5,2019,20,20,22,55,2,4804.0
5111,5112,2,2,3.0,1,0,0,1,15,6,2019,7,10,10,5,2,4823.0
5112,5113,3,3,1.0,0,1,0,1,12,5,2019,9,35,19,10,9,14151.0
5113,5114,4,4,1.0,0,0,1,0,27,6,2019,6,0,19,0,13,10791.0
5114,5115,3,3,1.0,0,0,1,1,1,4,2019,7,10,9,5,25,7980.0
5115,5116,4,4,1.0,0,0,0,1,27,4,2019,5,15,6,50,25,6587.0
5116,5117,0,0,3.0,0,0,1,1,6,5,2019,7,5,9,20,2,3687.0
5117,5118,4,4,2.0,0,0,0,1,15,5,2019,18,45,19,15,24,13307.0
5118,5119,1,1,3.0,0,0,0,1,24,3,2019,15,0,16,25,1,2050.0
5119,5120,4,4,1.0,0,0,1,1,9,5,2019,9,0,19,0,10,10197.0
5120,5121,2,2,3.0,0,0,1,1,24,6,2019,21,0,23,50,2,4668.0
5121,5122,2,2,3.0,1,0,0,1,24,5,2019,13,0,15,50,2,4990.0
5122,5123,1,1,3.0,1,0,0,1,24,5,2019,6,25,7,55,1,4049.0
5123,5124,4,4,1.0,0,0,1,1,15,6,2019,9,0,21,0,12,7933.0
5124,5125,1,1,3.0,1,0,0,1,6,5,2019,9,10,10,40,1,4049.0
5125,5126,4,4,1.0,0,1,0,0,27,3,2019,7,5,4,25,21,6645.0
5126,5127,1,1,3.0,0,1,0,1,18,6,2019,8,45,10,15,1,8040.0
5127,5128,4,4,1.0,0,0,1,1,21,3,2019,13,0,1,35,12,8098.0
5128,5129,4,4,1.0,0,1,0,0,3,6,2019,2,15,19,0,16,10262.0
5129,5130,2,2,1.0,0,1,0,1,18,3,2019,18,40,7,40,13,12284.0
5130,5131,4,4,1.0,0,1,0,0,3,6,2019,15,0,19,0,28,10262.0
5131,5132,2,2,3.0,1,0,0,1,12,4,2019,20,0,22,50,2,4990.0
5132,5133,2,2,2.0,0,0,0,1,18,3,2019,17,25,10,35,17,12568.0
5133,5134,3,3,1.0,0,1,0,0,6,5,2019,14,5,23,35,9,11841.0
5134,5135,4,4,1.0,0,1,0,1,15,6,2019,2,15,12,35,10,18371.0
5135,5136,2,2,1.0,0,0,1,1,1,3,2019,10,20,18,15,7,23267.0
5136,5137,3,3,1.0,0,1,0,1,1,5,2019,9,35,23,35,14,13067.0
5137,5138,0,0,3.0,1,0,0,1,21,6,2019,22,5,0,25,2,5277.0
5138,5139,4,4,2.0,0,0,0,1,27,5,2019,17,15,7,40,14,13879.0
5139,5140,3,3,3.0,1,0,0,1,9,4,2019,17,15,19,50,2,4174.0
5140,5141,4,4,2.0,0,0,0,1,9,5,2019,19,45,19,15,23,10178.0
5141,5142,4,4,2.0,0,1,0,1,12,6,2019,11,45,4,25,16,13882.0
5142,5143,2,2,3.0,0,0,1,1,21,5,2019,19,30,22,15,2,4878.0
5143,5144,2,2,3.0,0,0,1,1,27,6,2019,9,45,12,35,2,4668.0
5144,5145,3,3,1.0,0,1,0,0,21,5,2019,20,0,22,35,26,10844.0
5145,5146,4,4,1.0,0,0,1,1,27,6,2019,8,45,21,0,12,7005.0
5146,5147,4,4,1.0,0,1,0,0,21,5,2019,2,15,12,35,10,12898.0
5147,5148,4,4,1.0,0,0,0,1,15,6,2019,3,50,19,15,15,9929.0
5148,5149,4,4,1.0,0,1,0,1,1,6,2019,10,0,19,0,9,14714.0
5149,5150,4,4,3.0,0,0,0,1,21,4,2019,5,10,8,0,2,6094.0
5150,5151,2,2,1.0,0,1,0,1,6,3,2019,11,40,23,0,11,16736.0
5151,5152,2,2,3.0,0,1,0,1,3,4,2019,11,10,14,5,2,7229.0
5152,5153,4,4,1.0,0,0,1,1,18,5,2019,4,55,12,35,7,8882.0
5153,5154,4,4,1.0,0,0,1,1,9,5,2019,8,0,19,0,11,10197.0
5154,5155,3,3,3.0,1,0,0,1,12,5,2019,20,20,22,55,2,4804.0
5155,5156,4,4,1.0,1,0,0,1,3,3,2019,7,30,13,20,5,13628.0
5156,5157,4,4,3.0,0,0,1,1,27,5,2019,14,40,17,50,3,6216.0
5157,5158,4,4,1.0,0,0,0,1,21,5,2019,5,15,6,50,25,7480.0
5158,5159,3,3,1.0,0,0,0,1,12,6,2019,10,0,16,15,6,11936.0
5159,5160,0,0,3.0,0,0,1,1,18,3,2019,8,20,10,35,2,3859.0
5160,5161,3,3,1.0,0,1,0,0,12,5,2019,20,0,10,5,14,8586.0
5161,5162,2,2,3.0,0,0,1,1,1,3,2019,21,10,0,5,2,21730.0
5162,5163,4,4,1.0,1,0,0,1,1,6,2019,17,10,1,30,8,6628.0
5163,5164,3,3,2.0,0,0,0,1,1,5,2019,12,0,7,55,19,10151.0
5164,5165,3,3,1.0,0,1,0,1,21,5,2019,17,0,14,25,21,11467.0
5165,5166,4,4,1.0,1,0,0,1,15,6,2019,5,10,10,5,4,7010.0
5166,5167,2,2,3.0,0,1,0,1,3,4,2019,17,45,20,45,3,7229.0
5167,5168,2,2,3.0,1,0,0,1,9,3,2019,13,10,16,10,3,8033.0
5168,5169,2,2,3.0,0,1,0,1,18,5,2019,11,10,14,5,2,7229.0
5169,5170,3,3,1.0,1,0,0,1,9,6,2019,21,0,2,15,5,6911.0
5170,5171,4,4,2.0,0,1,0,1,27,6,2019,20,0,19,0,23,14300.0
5171,5172,3,3,2.0,0,0,0,1,9,6,2019,7,0,1,20,18,13033.0
5172,5173,2,2,3.0,1,0,0,1,24,5,2019,4,0,6,50,2,3943.0
5173,5174,2,2,3.0,0,0,1,1,9,3,2019,9,35,12,30,2,6205.0
5174,5175,4,4,1.0,1,0,0,1,6,3,2019,11,30,21,0,9,14871.0
5175,5176,1,1,3.0,0,1,0,1,18,5,2019,2,55,4,20,1,5678.0
5176,5177,4,4,1.0,0,0,1,1,1,6,2019,11,30,19,15,7,16108.0
5177,5178,2,2,1.0,0,1,0,1,6,3,2019,20,35,9,30,12,17261.0
5178,5179,2,2,3.0,0,0,1,1,12,5,2019,5,55,8,35,2,3311.0
5179,5180,3,3,3.0,1,0,0,1,12,4,2019,11,30,14,5,2,4174.0
5180,5181,2,2,3.0,1,0,0,1,9,6,2019,16,55,19,45,2,4823.0
5181,5182,2,2,1.0,0,0,0,1,9,3,2019,22,0,13,20,15,8425.0
5182,5183,2,2,3.0,0,1,0,1,15,5,2019,11,10,14,5,2,7229.0
5183,5184,4,4,1.0,0,0,1,1,9,6,2019,10,35,19,35,9,5281.0
5184,5185,4,4,1.0,0,1,0,1,9,3,2019,8,0,4,25,20,17549.0
5185,5186,4,4,1.0,0,0,1,1,3,6,2019,8,0,21,0,13,13797.0
5186,5187,2,2,3.0,1,0,0,1,12,4,2019,8,30,11,20,2,4823.0
5187,5188,4,4,1.0,0,0,0,1,3,6,2019,17,40,9,35,15,7258.0
5188,5189,4,4,1.0,0,0,1,1,3,3,2019,12,50,1,35,12,18192.0
5189,5190,3,3,2.0,0,0,0,1,1,5,2019,10,0,5,25,19,13899.0
5190,5191,3,3,1.0,0,1,0,0,9,5,2019,14,5,20,45,6,10844.0
5191,5192,3,3,1.0,0,1,0,1,12,5,2019,9,35,9,45,24,14151.0
5192,5193,4,4,1.0,0,0,1,1,6,3,2019,15,15,1,35,10,15147.0
5193,5194,2,2,3.0,0,0,1,1,15,6,2019,7,45,10,40,2,3898.0
5194,5195,4,4,1.0,1,0,0,1,15,5,2019,5,5,16,10,11,6818.0
5195,5196,3,3,1.0,0,1,0,1,15,5,2019,16,30,12,0,19,14781.0
5196,5197,3,3,2.0,0,0,1,1,21,5,2019,15,10,23,30,8,5192.0
5197,5198,4,4,2.0,0,1,0,1,27,6,2019,5,30,12,35,7,14441.0
5198,5199,3,3,1.0,0,1,0,1,24,5,2019,20,25,21,5,24,14151.0
5199,5200,3,3,1.0,1,0,0,1,18,5,2019,19,35,23,15,3,4226.0
5200,5201,4,4,2.0,0,0,0,1,27,5,2019,20,15,19,15,23,13381.0
5201,5202,4,4,1.0,0,0,1,1,15,6,2019,4,55,19,0,14,10678.0
5202,5203,4,4,1.0,0,1,0,1,27,3,2019,11,30,18,50,7,12242.0
5203,5204,1,1,3.0,0,1,0,0,21,6,2019,2,55,4,20,1,4995.0
5204,5205,4,4,1.0,0,1,0,0,1,6,2019,20,55,4,25,7,10262.0
5205,5206,3,3,3.0,0,0,1,0,15,4,2019,22,20,0,40,2,3841.0
5206,5207,3,3,1.0,0,1,0,0,9,5,2019,20,0,12,0,16,9663.0
5207,5208,3,3,3.0,1,0,0,1,18,4,2019,11,30,14,5,2,5224.0
5208,5209,4,4,1.0,0,0,1,1,18,5,2019,7,5,19,15,12,14533.0
5209,5210,1,1,3.0,0,0,1,1,24,5,2019,22,45,0,15,1,2017.0
5210,5211,2,2,3.0,0,1,0,0,12,6,2019,18,55,22,0,3,5769.0
5211,5212,4,4,1.0,0,0,1,1,21,3,2019,10,45,18,50,8,11622.0
5212,5213,2,2,3.0,1,0,0,1,3,4,2019,18,55,21,50,2,4823.0
5213,5214,2,2,1.0,0,1,0,0,21,3,2019,14,5,11,25,21,7832.0
5214,5215,4,4,1.0,0,0,1,1,24,6,2019,7,30,19,15,11,9001.0
5215,5216,1,1,3.0,1,0,0,1,27,6,2019,12,0,13,30,1,2754.0
5216,5217,2,2,3.0,0,1,0,1,24,5,2019,7,10,10,10,3,7229.0
5217,5218,4,4,1.0,1,0,0,1,9,3,2019,21,5,1,45,4,6937.0
5218,5219,3,3,2.0,0,0,0,1,6,6,2019,10,0,1,20,15,13033.0
5219,5220,2,2,3.0,0,0,1,1,3,5,2019,5,55,8,35,2,3625.0
5220,5221,4,4,2.0,0,1,0,1,27,6,2019,21,25,19,0,21,13292.0
5221,5222,2,2,2.0,0,0,0,1,12,3,2019,8,50,10,15,25,12778.0
5222,5223,3,3,3.0,0,0,1,0,1,6,2019,14,55,17,25,2,3841.0
5223,5224,1,1,3.0,1,0,0,1,18,3,2019,21,20,22,45,1,2227.0
5224,5225,3,3,1.0,0,0,1,1,9,5,2019,8,35,17,15,8,6171.0
5225,5226,3,3,2.0,0,0,0,1,12,5,2019,12,0,7,55,19,10676.0
5226,5227,4,4,2.0,0,1,0,1,24,6,2019,19,30,12,35,17,13014.0
5227,5228,1,1,3.0,1,0,0,1,18,3,2019,2,30,4,0,1,2754.0
5228,5229,4,4,2.0,0,0,0,1,27,3,2019,17,15,7,40,14,8367.0
5229,5230,4,4,1.0,0,1,0,0,3,4,2019,2,15,4,25,26,5177.0
5230,5231,3,3,3.0,0,0,1,1,18,4,2019,17,10,19,40,2,4174.0
5231,5232,4,4,1.0,0,0,1,1,15,5,2019,8,45,19,0,10,9794.0
5232,5233,4,4,1.0,0,0,1,1,27,5,2019,9,45,16,10,6,10486.0
5233,5234,4,4,1.0,0,0,1,1,21,5,2019,8,0,19,15,11,15058.0
5234,5235,3,3,3.0,1,0,0,1,27,4,2019,22,15,0,50,2,4804.0
5235,5236,4,4,1.0,0,1,0,1,6,3,2019,16,0,19,45,27,17024.0
5236,5237,3,3,1.0,0,0,1,1,12,5,2019,16,40,0,15,7,8855.0
5237,5238,4,4,1.0,0,0,0,1,9,6,2019,21,0,7,40,10,8372.0
5238,5239,1,1,3.0,0,1,0,0,24,6,2019,2,55,4,20,1,4050.0
5239,5240,2,2,3.0,0,1,0,1,12,5,2019,11,10,14,5,2,7229.0
5240,5241,1,1,3.0,0,0,1,0,18,3,2019,5,45,7,5,1,2385.0
5241,5242,2,2,3.0,0,0,1,1,24,6,2019,11,40,14,30,2,3898.0
5242,5243,2,2,3.0,1,0,0,1,3,3,2019,1,30,4,15,2,6860.0
5243,5244,4,4,1.0,0,0,1,1,27,5,2019,6,5,11,20,5,6749.0
5244,5245,3,3,2.0,0,0,0,1,21,5,2019,14,30,23,15,8,15107.0
5245,5246,4,4,2.0,0,1,0,0,15,6,2019,9,40,4,25,18,10368.0
5246,5247,2,2,1.0,0,1,0,0,21,3,2019,7,0,21,20,14,7832.0
5247,5248,1,1,3.0,0,0,1,0,27,5,2019,13,15,14,45,1,2385.0
5248,5249,3,3,3.0,1,0,0,1,24,6,2019,14,25,16,55,2,4804.0
5249,5250,4,4,2.0,0,0,0,1,21,3,2019,16,40,19,15,26,8236.0
5250,5251,4,4,1.0,1,0,0,1,27,3,2019,11,30,21,0,9,6416.0
5251,5252,4,4,1.0,0,1,0,0,9,6,2019,11,30,19,0,7,10262.0
5252,5253,4,4,1.0,0,1,0,1,9,6,2019,22,50,19,0,20,14714.0
5253,5254,3,3,1.0,0,0,1,1,1,4,2019,15,55,21,25,5,7646.0
5254,5255,4,4,1.0,0,0,0,1,1,6,2019,20,40,9,25,12,7480.0
5255,5256,0,0,3.0,0,0,1,1,27,5,2019,17,45,20,5,2,11982.0
5256,5257,4,4,1.0,0,0,1,1,18,5,2019,10,35,19,15,8,8309.0
5257,5258,4,4,2.0,0,1,0,0,9,6,2019,5,30,12,35,7,13344.0
5258,5259,3,3,1.0,0,0,0,1,1,4,2019,19,0,9,50,14,4227.0
5259,5260,4,4,2.0,0,0,0,1,21,3,2019,12,0,7,40,19,9706.0
5260,5261,1,1,3.0,0,0,1,1,6,5,2019,13,15,14,45,1,2017.0
5261,5262,4,4,1.0,1,0,0,1,12,6,2019,8,35,22,30,13,6442.0
5262,5263,2,2,3.0,0,1,0,1,15,6,2019,18,55,22,0,3,8016.0
5263,5264,4,4,1.0,1,0,0,1,1,4,2019,6,50,12,10,5,5298.0
5264,5265,2,2,3.0,0,0,1,1,21,5,2019,17,0,19,35,2,4878.0
5265,5266,4,4,1.0,0,1,0,0,24,6,2019,14,0,4,25,14,10262.0
5266,5267,3,3,1.0,1,0,0,1,12,5,2019,4,50,9,50,5,4176.0
5267,5268,4,4,1.0,1,0,0,1,15,6,2019,11,25,1,30,14,5883.0
5268,5269,4,4,1.0,0,0,1,1,6,6,2019,10,0,19,0,9,12717.0
5269,5270,0,0,3.0,1,0,0,1,12,5,2019,7,55,10,15,2,3850.0
5270,5271,0,0,3.0,1,0,0,1,27,5,2019,19,35,21,55,2,3597.0
5271,5272,1,1,3.0,0,0,1,0,9,5,2019,13,15,14,45,1,2175.0
5272,5273,2,2,3.0,0,0,1,1,12,4,2019,23,55,2,45,2,7080.0
5273,5274,3,3,1.0,0,1,0,0,1,4,2019,21,10,8,15,11,8849.0
5274,5275,3,3,1.0,0,1,0,0,12,6,2019,8,25,19,50,11,9899.0
5275,5276,2,2,3.0,0,0,1,1,15,6,2019,7,0,9,40,2,4878.0
5276,5277,4,4,1.0,0,0,1,1,9,5,2019,7,30,19,15,11,7787.0
5277,5278,0,0,3.0,0,0,1,1,3,5,2019,17,45,20,5,2,3597.0
5278,5279,4,4,1.0,0,0,1,1,1,4,2019,10,35,19,35,9,5281.0
5279,5280,3,3,1.0,0,0,1,1,15,5,2019,20,20,18,50,22,9345.0
5280,5281,4,4,1.0,1,0,0,1,24,6,2019,11,55,22,30,10,6442.0
5281,5282,4,4,1.0,1,0,0,1,6,6,2019,9,15,21,0,11,6838.0
5282,5283,0,0,3.0,0,0,1,1,3,6,2019,17,45,20,5,2,3597.0
5283,5284,1,1,3.0,0,0,1,1,21,3,2019,5,45,7,5,1,3173.0
5284,5285,4,4,1.0,0,0,1,1,3,6,2019,18,15,1,30,7,13377.0
5285,5286,3,3,1.0,0,1,0,0,9,5,2019,20,25,18,0,21,9314.0
5286,5287,4,4,1.0,0,0,1,1,9,3,2019,13,15,22,20,9,9856.0
5287,5288,4,4,1.0,0,0,0,1,21,5,2019,8,0,19,15,11,8372.0
5288,5289,3,3,1.0,0,1,0,0,1,4,2019,18,55,18,15,23,7064.0
5289,5290,3,3,3.0,1,0,0,1,1,5,2019,22,15,0,50,2,4804.0
5290,5291,4,4,2.0,0,1,0,0,27,5,2019,5,30,19,0,13,13029.0
5291,5292,4,4,1.0,1,0,0,1,24,5,2019,14,20,22,30,8,7640.0
5292,5293,2,2,1.0,0,1,0,1,1,3,2019,8,0,15,15,7,22270.0
5293,5294,2,2,3.0,0,0,0,1,1,4,2019,21,5,23,55,2,4441.0
5294,5295,4,4,1.0,0,1,0,0,27,5,2019,9,0,4,25,19,12898.0
5295,5296,3,3,1.0,0,1,0,0,1,4,2019,18,55,16,20,21,7064.0
5296,5297,3,3,1.0,0,1,0,0,9,6,2019,8,25,20,45,12,10844.0
5297,5298,3,3,3.0,0,0,1,1,9,6,2019,9,0,11,25,2,4174.0
5298,5299,3,3,1.0,0,1,0,0,12,6,2019,16,30,20,45,28,8529.0
5299,5300,2,2,3.0,1,0,0,1,21,5,2019,22,10,1,0,2,3625.0
5300,5301,2,2,3.0,1,0,0,1,21,5,2019,0,30,3,25,2,3419.0
5301,5302,0,0,3.0,1,0,0,1,24,5,2019,5,15,7,40,2,3850.0
5302,5303,3,3,2.0,0,0,0,1,24,5,2019,16,50,13,45,20,12802.0
5303,5304,4,4,1.0,0,0,1,1,6,3,2019,15,55,21,55,6,9748.0
5304,5305,4,4,1.0,1,0,0,1,3,6,2019,17,10,1,30,8,6104.0
5305,5306,2,2,3.0,1,0,0,1,21,6,2019,21,15,0,15,3,3943.0
5306,5307,4,4,1.0,1,0,0,1,3,6,2019,6,50,16,10,9,7514.0
5307,5308,2,2,3.0,0,1,0,1,6,3,2019,19,55,22,35,2,18308.0
5308,5309,1,1,2.0,0,0,0,1,6,3,2019,21,10,16,55,4,17327.0
5309,5310,4,4,2.0,0,0,0,1,27,3,2019,13,5,7,40,18,8892.0
5310,5311,4,4,1.0,0,0,1,1,27,5,2019,10,20,19,0,8,9794.0
5311,5312,2,2,3.0,1,0,0,1,1,4,2019,0,30,3,25,2,4423.0
5312,5313,3,3,1.0,0,1,0,0,24,5,2019,20,0,20,45,24,10844.0
5313,5314,4,4,1.0,0,1,0,1,9,5,2019,18,15,19,0,24,15554.0
5314,5315,0,0,3.0,0,0,1,1,1,5,2019,17,45,20,5,2,11982.0
5315,5316,1,1,3.0,1,0,0,1,3,6,2019,6,25,7,55,1,4049.0
5316,5317,3,3,3.0,1,0,0,1,24,3,2019,14,20,16,55,2,5618.0
5317,5318,4,4,2.0,0,0,0,1,27,6,2019,20,15,19,15,23,13591.0
5318,5319,4,4,1.0,0,0,1,1,27,5,2019,10,0,1,30,15,9508.0
5319,5320,0,0,3.0,0,0,1,0,18,6,2019,9,45,12,0,2,3543.0
5320,5321,2,2,3.0,0,1,0,1,18,4,2019,18,55,22,0,3,7229.0
5321,5322,2,2,3.0,0,0,1,1,18,6,2019,11,30,14,20,2,4668.0
5322,5323,3,3,1.0,0,1,0,1,21,5,2019,14,5,10,5,20,14388.0
5323,5324,3,3,1.0,0,1,0,0,15,5,2019,18,55,12,0,17,10844.0
5324,5325,4,4,1.0,0,0,0,1,9,6,2019,20,40,9,25,12,7690.0
5325,5326,3,3,1.0,0,1,0,1,21,5,2019,9,35,9,45,24,13067.0
5326,5327,1,1,3.0,0,0,1,0,3,4,2019,5,45,7,15,1,1965.0
5327,5328,4,4,1.0,0,1,0,1,9,3,2019,16,0,18,50,26,16289.0
5328,5329,3,3,1.0,0,0,0,1,12,5,2019,20,30,8,55,12,10203.0
5329,5330,3,3,1.0,0,1,0,1,6,5,2019,14,5,23,35,9,15149.0
5330,5331,3,3,1.0,0,0,1,1,21,5,2019,17,0,23,25,6,9345.0
5331,5332,1,1,3.0,0,0,1,1,18,5,2019,5,45,7,15,1,2017.0
5332,5333,3,3,1.0,0,0,1,1,15,5,2019,7,10,23,25,16,9345.0
5333,5334,3,3,1.0,0,0,0,1,6,5,2019,14,35,15,20,24,6528.0
5334,5335,4,4,1.0,0,0,1,1,3,3,2019,7,0,13,20,6,15603.0
5335,5336,4,4,2.0,0,1,0,1,24,6,2019,6,45,4,25,21,13376.0
5336,5337,4,4,1.0,0,0,1,1,27,6,2019,6,5,11,20,5,5583.0
5337,5338,4,4,1.0,0,1,0,0,9,6,2019,16,0,19,0,27,10577.0
5338,5339,4,4,2.0,0,0,0,1,15,5,2019,12,0,7,40,19,10651.0
5339,5340,3,3,1.0,0,1,0,0,12,6,2019,14,5,4,40,14,7594.0
5340,5341,3,3,1.0,0,0,1,1,1,5,2019,6,50,10,30,3,6857.0
5341,5342,2,2,3.0,1,0,0,1,27,4,2019,13,0,15,50,2,4423.0
5342,5343,4,4,2.0,0,1,0,0,12,6,2019,5,30,12,35,7,13344.0
5343,5344,2,2,3.0,0,0,1,1,27,4,2019,21,10,0,5,2,3971.0
5344,5345,4,4,1.0,0,1,0,1,24,6,2019,9,0,19,0,10,18371.0
5345,5346,4,4,2.0,0,1,0,0,27,3,2019,19,10,4,25,33,6643.0
5346,5347,4,4,1.0,0,0,1,1,6,3,2019,11,30,19,15,7,15077.0
5347,5348,2,2,3.0,0,0,0,1,1,5,2019,10,0,12,45,2,6121.0
5348,5349,1,1,3.0,0,0,1,1,3,3,2019,13,10,14,30,1,5755.0
5349,5350,4,4,1.0,0,0,0,1,9,4,2019,20,40,9,25,12,4487.0
5350,5351,4,4,1.0,0,0,1,0,21,5,2019,8,45,13,15,4,5158.0
5351,5352,3,3,1.0,0,1,0,0,1,5,2019,20,0,4,40,8,8586.0
5352,5353,1,1,3.0,0,0,0,1,1,6,2019,6,20,7,40,1,3100.0
5353,5354,1,1,3.0,0,1,0,0,9,5,2019,2,55,4,20,1,3210.0
5354,5355,4,4,1.0,0,1,0,0,9,5,2019,19,15,12,35,17,12373.0
5355,5356,4,4,1.0,0,0,1,1,3,3,2019,6,40,18,50,12,15135.0
5356,5357,4,4,2.0,0,1,0,1,27,6,2019,5,30,19,0,13,13292.0
5357,5358,1,1,3.0,0,0,1,1,6,6,2019,13,15,14,45,1,2017.0
5358,5359,4,4,2.0,0,1,0,0,12,6,2019,14,35,12,35,22,10919.0
5359,5360,1,1,1.0,0,0,1,1,6,3,2019,21,55,22,55,25,12395.0
5360,5361,0,0,3.0,0,0,1,0,21,6,2019,9,45,12,0,2,3543.0
5361,5362,1,1,3.0,0,1,0,0,6,5,2019,19,35,21,5,1,2228.0
5362,5363,4,4,2.0,0,0,0,1,21,3,2019,19,45,19,15,23,8236.0
5363,5364,4,4,1.0,0,0,1,1,3,6,2019,16,45,6,35,13,11410.0
5364,5365,4,4,2.0,0,1,0,1,21,5,2019,23,5,12,35,13,15129.0
5365,5366,3,3,3.0,0,0,1,1,24,6,2019,15,20,17,55,2,3514.0
5366,5367,3,3,1.0,0,1,0,0,6,6,2019,9,35,21,5,11,13469.0
5367,5368,2,2,3.0,1,0,0,1,9,4,2019,21,15,0,15,3,3943.0
5368,5369,2,2,3.0,0,0,1,1,3,3,2019,21,10,0,5,2,7608.0
5369,5370,2,2,3.0,0,0,0,1,27,5,2019,10,0,12,45,2,6961.0
5370,5371,4,4,1.0,0,0,1,1,1,6,2019,9,15,19,0,9,12042.0
5371,5372,2,2,1.0,0,0,1,0,1,3,2019,5,45,12,25,6,62427.0
5372,5373,2,2,2.0,0,0,0,1,9,3,2019,10,30,21,25,10,9586.0
5373,5374,0,0,3.0,0,0,1,0,1,6,2019,8,20,10,35,2,3543.0
5374,5375,4,4,2.0,0,1,0,1,9,6,2019,9,25,12,35,27,13882.0
5375,5376,3,3,1.0,0,1,0,1,24,5,2019,10,20,17,35,7,8781.0
5376,5377,3,3,2.0,0,0,1,1,12,6,2019,15,10,23,30,8,5192.0
5377,5378,4,4,1.0,1,0,0,1,27,3,2019,6,40,22,20,15,6442.0
5378,5379,4,4,1.0,0,1,0,1,6,5,2019,22,50,12,35,13,15554.0
5379,5380,3,3,1.0,0,1,0,0,21,5,2019,18,55,16,20,21,10844.0
5380,5381,1,1,3.0,1,0,0,1,3,4,2019,12,0,13,30,1,2754.0
5381,5382,4,4,1.0,0,0,1,1,21,5,2019,14,0,21,0,7,14067.0
5382,5383,4,4,1.0,0,0,1,1,27,4,2019,7,25,13,35,6,5140.0
5383,5384,4,4,1.0,1,0,0,1,9,5,2019,10,35,1,30,14,8330.0
5384,5385,1,1,3.0,0,1,0,1,3,3,2019,19,35,21,5,1,5678.0
5385,5386,2,2,1.0,0,1,0,0,12,3,2019,22,55,18,25,19,11087.0
5386,5387,2,2,3.0,0,0,1,1,1,3,2019,20,55,23,50,2,18558.0
5387,5388,1,1,3.0,1,0,0,1,1,3,2019,2,30,4,0,1,16000.0
5388,5389,2,2,3.0,0,0,1,0,6,5,2019,21,10,0,5,2,3573.0
5389,5390,4,4,1.0,0,0,1,1,15,5,2019,12,50,1,30,12,7670.0
5390,5391,4,4,2.0,0,1,0,1,24,6,2019,23,5,19,0,19,12819.0
5391,5392,2,2,3.0,0,0,1,1,15,5,2019,17,0,19,35,2,4878.0
5392,5393,4,4,2.0,0,1,0,0,27,6,2019,21,25,19,0,21,11507.0
5393,5394,4,4,1.0,0,0,1,1,6,6,2019,7,55,13,25,5,8759.0
5394,5395,4,4,1.0,0,1,0,0,12,6,2019,17,30,19,0,25,10262.0
5395,5396,4,4,2.0,0,0,0,1,21,5,2019,7,5,9,25,26,10975.0
5396,5397,4,4,1.0,0,1,0,0,6,6,2019,19,15,4,25,9,10262.0
5397,5398,4,4,1.0,0,0,1,0,27,6,2019,12,50,21,0,8,6007.0
5398,5399,0,0,3.0,1,0,0,1,21,3,2019,11,35,14,0,2,3858.0
5399,5400,4,4,1.0,1,0,0,1,27,6,2019,14,20,22,30,8,6412.0
5400,5401,3,3,3.0,0,0,0,1,21,4,2019,14,15,16,45,2,6245.0
5401,5402,4,4,2.0,0,0,0,1,9,6,2019,19,45,19,15,23,9968.0
5402,5403,4,4,1.0,0,0,1,0,9,3,2019,2,15,12,55,10,18260.0
5403,5404,2,2,3.0,1,0,0,1,3,3,2019,18,25,21,20,2,8855.0
5404,5405,3,3,1.0,0,1,0,0,24,5,2019,8,25,18,15,9,10844.0
5405,5406,0,0,3.0,0,0,1,1,27,5,2019,8,20,10,35,2,3597.0
5406,5407,3,3,1.0,0,1,0,1,6,5,2019,17,0,21,5,28,13067.0
5407,5408,2,2,1.0,0,1,0,1,12,3,2019,16,55,10,45,17,13817.0
5408,5409,2,2,1.0,0,0,0,1,12,3,2019,6,45,23,15,16,11602.0
5409,5410,3,3,1.0,0,1,0,1,9,5,2019,16,30,18,15,25,13941.0
5410,5411,3,3,1.0,0,1,0,1,15,5,2019,20,25,19,10,22,14151.0
5411,5412,2,2,3.0,1,0,0,1,15,5,2019,4,0,6,50,2,3943.0
5412,5413,3,3,1.0,0,1,0,0,12,5,2019,6,30,18,15,11,10844.0
5413,5414,1,1,3.0,0,0,1,1,18,6,2019,5,45,7,15,1,2753.0
5414,5415,4,4,1.0,0,1,0,1,12,6,2019,2,15,19,0,16,14714.0
5415,5416,4,4,1.0,0,0,1,1,18,5,2019,7,5,16,10,9,9646.0
5416,5417,4,4,1.0,0,1,0,1,9,5,2019,7,5,12,35,5,15554.0
5417,5418,2,2,2.0,0,0,0,1,18,3,2019,10,30,17,45,7,13261.0
5418,5419,2,2,1.0,0,1,0,0,18,3,2019,11,40,5,5,17,11087.0
5419,5420,4,4,2.0,0,1,0,0,15,6,2019,5,30,19,0,13,11507.0
5420,5421,4,4,1.0,0,0,1,1,9,5,2019,19,0,1,30,6,9424.0
5421,5422,2,2,3.0,0,0,1,1,12,4,2019,11,40,14,30,2,4937.0
5422,5423,2,2,3.0,0,0,1,0,6,6,2019,21,10,0,5,2,3257.0
5423,5424,2,2,3.0,1,0,0,1,6,5,2019,8,30,11,20,2,4823.0
5424,5425,0,0,3.0,1,0,0,1,12,5,2019,22,5,0,25,2,5277.0
5425,5426,3,3,3.0,0,0,1,1,9,4,2019,17,10,19,40,2,3873.0
5426,5427,3,3,1.0,0,1,0,0,24,5,2019,16,30,4,40,12,10844.0
5427,5428,4,4,1.0,0,0,1,1,27,5,2019,17,0,1,30,8,7198.0
5428,5429,4,4,3.0,0,0,0,1,15,5,2019,5,10,8,0,2,6094.0
5429,5430,2,2,3.0,1,0,0,1,3,5,2019,6,5,8,50,2,3943.0
5430,5431,2,2,3.0,1,0,0,1,15,5,2019,21,15,0,15,3,3943.0
5431,5432,3,3,1.0,0,1,0,1,1,4,2019,20,0,12,0,16,12681.0
5432,5433,2,2,3.0,0,0,1,1,15,4,2019,17,0,19,35,2,5613.0
5433,5434,3,3,3.0,0,0,1,1,24,5,2019,9,0,11,25,2,3873.0
5434,5435,4,4,1.0,0,1,0,0,27,5,2019,13,0,12,35,23,12898.0
5435,5436,4,4,2.0,0,1,0,1,9,5,2019,5,30,4,25,22,15129.0
5436,5437,0,0,3.0,0,0,1,1,9,5,2019,8,20,10,35,2,3911.0
5437,5438,4,4,3.0,1,0,0,1,12,6,2019,21,5,0,20,3,6015.0
5438,5439,2,2,1.0,0,1,0,1,1,3,2019,16,55,23,0,6,54826.0
5439,5440,4,4,1.0,1,0,0,1,27,3,2019,20,30,1,35,5,5073.0
5440,5441,0,0,3.0,1,0,0,1,21,3,2019,5,15,7,35,2,4326.0
5441,5442,4,4,2.0,0,0,0,1,24,6,2019,16,40,19,15,26,9443.0
5442,5443,1,1,3.0,0,1,0,1,3,6,2019,10,20,11,50,1,8040.0
5443,5444,2,2,3.0,0,1,0,1,3,4,2019,6,0,8,45,2,7229.0
5444,5445,2,2,3.0,1,0,0,1,15,6,2019,13,0,15,50,2,3943.0
5445,5446,2,2,0.0,0,0,0,1,6,3,2019,12,0,23,25,11,14195.0
5446,5447,4,4,2.0,0,1,0,1,15,6,2019,9,35,4,25,18,13292.0
5447,5448,3,3,3.0,1,0,0,1,3,4,2019,11,30,14,5,2,4174.0
5448,5449,2,2,1.0,0,1,0,1,6,3,2019,7,0,21,20,14,16736.0
5449,5450,2,2,3.0,0,1,0,0,12,5,2019,6,0,8,45,2,5198.0
5450,5451,4,4,1.0,0,0,1,1,3,6,2019,7,5,19,15,12,15058.0
5451,5452,4,4,1.0,1,0,0,1,3,4,2019,10,35,15,35,5,5073.0
5452,5453,4,4,1.0,0,0,1,1,15,5,2019,8,0,19,0,11,10197.0
5453,5454,0,0,3.0,0,0,1,0,27,6,2019,17,45,20,5,2,3543.0
5454,5455,2,2,3.0,0,1,0,0,27,6,2019,17,45,20,45,3,7229.0
5455,5456,4,4,2.0,0,0,0,1,1,6,2019,12,0,7,40,19,10966.0
5456,5457,3,3,1.0,0,1,0,0,24,3,2019,13,55,23,25,9,11134.0
5457,5458,3,3,3.0,0,0,1,1,6,4,2019,22,50,1,20,2,3807.0
5458,5459,2,2,3.0,0,0,0,1,6,5,2019,13,20,16,10,2,5228.0
5459,5460,0,0,3.0,1,0,0,1,12,6,2019,14,45,17,5,2,3597.0
5460,5461,2,2,3.0,0,0,1,1,18,5,2019,11,10,13,55,2,4483.0
5461,5462,4,4,1.0,0,1,0,0,24,6,2019,11,30,4,25,16,10262.0
5462,5463,4,4,1.0,0,0,1,0,6,6,2019,8,45,13,15,4,5158.0
5463,5464,2,2,1.0,0,0,0,1,21,3,2019,22,0,23,20,25,6010.0
5464,5465,4,4,2.0,0,1,0,1,12,6,2019,14,35,12,35,22,13376.0
5465,5466,4,4,2.0,0,1,0,1,21,3,2019,5,40,4,25,22,11543.0
5466,5467,4,4,1.0,0,0,1,0,6,3,2019,9,55,19,15,9,15342.0
5467,5468,2,2,3.0,0,0,1,1,15,3,2019,9,35,12,30,2,6309.0
5468,5469,2,2,3.0,0,0,1,1,24,5,2019,19,30,22,15,2,5823.0
5469,5470,2,2,3.0,0,0,1,1,24,3,2019,11,30,14,10,2,5403.0
5470,5471,3,3,3.0,0,0,1,1,1,6,2019,6,55,9,30,2,3873.0
5471,5472,4,4,1.0,0,1,0,0,27,5,2019,21,50,19,0,21,12898.0
5472,5473,4,4,1.0,1,0,0,1,15,5,2019,17,10,1,30,8,6979.0
5473,5474,3,3,2.0,0,0,0,1,12,5,2019,16,45,16,15,23,13437.0
5474,5475,4,4,1.0,0,1,0,0,27,3,2019,11,30,4,25,16,6017.0
5475,5476,4,4,1.0,0,1,0,0,21,3,2019,7,5,12,35,5,14053.0
5476,5477,0,0,3.0,1,0,0,1,6,3,2019,11,35,14,0,2,7295.0
5477,5478,3,3,1.0,0,1,0,1,12,6,2019,18,55,19,50,24,13044.0
5478,5479,2,2,3.0,0,1,0,0,3,5,2019,11,10,14,5,2,4030.0
5479,5480,2,2,2.0,0,0,0,1,6,3,2019,8,15,11,20,27,13942.0
5480,5481,3,3,1.0,0,1,0,1,12,5,2019,6,30,18,15,11,14781.0
5481,5482,2,2,3.0,0,0,1,1,24,3,2019,5,45,8,35,2,3579.0
5482,5483,4,4,2.0,0,0,0,1,27,5,2019,22,0,19,15,21,10231.0
5483,5484,4,4,1.0,1,0,0,1,27,5,2019,6,50,12,10,5,5530.0
5484,5485,3,3,1.0,0,1,0,0,12,5,2019,14,5,19,50,5,10844.0
5485,5486,4,4,1.0,0,0,0,1,6,6,2019,8,0,19,15,11,8372.0
5486,5487,4,4,1.0,0,1,0,1,9,3,2019,6,50,19,45,12,16289.0
5487,5488,4,4,2.0,0,0,0,1,6,5,2019,22,0,19,15,21,11701.0
5488,5489,4,4,1.0,0,0,1,1,21,3,2019,6,0,15,30,9,11269.0
5489,5490,4,4,1.0,0,0,1,1,18,5,2019,13,0,1,30,12,9385.0
5490,5491,3,3,1.0,0,1,0,1,24,5,2019,17,0,23,35,6,14151.0
5491,5492,2,2,3.0,0,1,0,0,9,4,2019,8,20,11,20,3,4544.0
5492,5493,2,2,1.0,0,1,0,0,12,3,2019,20,35,10,45,14,11087.0
5493,5494,3,3,3.0,1,0,0,1,3,6,2019,4,40,7,15,2,5224.0
5494,5495,3,3,3.0,1,0,0,1,27,6,2019,9,35,12,10,2,4804.0
5495,5496,1,1,1.0,0,0,0,1,12,3,2019,5,55,20,35,14,6901.0
5496,5497,4,4,1.0,0,0,1,0,21,3,2019,14,35,22,20,7,5999.0
5497,5498,2,2,3.0,0,0,1,1,9,4,2019,21,0,23,50,2,5403.0
5498,5499,4,4,2.0,0,1,0,1,12,6,2019,5,30,19,0,13,13014.0
5499,5500,1,1,3.0,0,1,0,0,6,5,2019,7,5,8,30,1,4995.0
5500,5501,3,3,1.0,0,1,0,1,21,5,2019,6,30,8,15,25,13941.0
5501,5502,4,4,2.0,0,1,0,0,3,6,2019,21,25,19,0,21,11507.0
5502,5503,4,4,1.0,0,0,1,1,15,6,2019,8,0,19,0,11,12192.0
5503,5504,4,4,1.0,0,0,1,1,27,5,2019,18,0,1,30,7,7198.0
5504,5505,4,4,3.0,1,0,0,1,21,6,2019,14,25,17,40,3,5000.0
5505,5506,3,3,3.0,0,0,1,0,3,4,2019,6,55,9,30,2,3841.0
5506,5507,4,4,1.0,0,1,0,1,21,3,2019,13,0,18,50,5,12347.0
5507,5508,0,0,3.0,0,0,1,1,15,6,2019,17,45,20,5,2,11982.0
5508,5509,4,4,2.0,0,1,0,0,9,5,2019,5,30,4,25,22,13029.0
5509,5510,2,2,1.0,0,1,0,1,6,3,2019,20,35,8,15,11,16736.0
5510,5511,3,3,3.0,1,0,0,1,15,4,2019,17,15,19,50,2,4174.0
5511,5512,3,3,3.0,0,0,1,0,27,6,2019,9,0,11,25,2,3841.0
5512,5513,4,4,1.0,0,1,0,1,6,3,2019,19,45,19,45,24,17024.0
5513,5514,2,2,3.0,1,0,0,1,24,5,2019,21,15,0,15,3,3943.0
5514,5515,4,4,1.0,1,0,0,1,3,6,2019,11,55,22,30,10,6442.0
5515,5516,4,4,2.0,0,0,0,1,9,3,2019,7,5,19,15,36,11762.0
5516,5517,3,3,3.0,0,0,1,1,24,4,2019,9,0,11,25,2,4174.0
5517,5518,3,3,3.0,1,0,0,1,18,6,2019,4,40,7,15,2,4804.0
5518,5519,4,4,1.0,0,0,1,1,6,6,2019,14,0,1,30,11,13377.0
5519,5520,2,2,3.0,0,1,0,1,1,4,2019,11,10,14,5,2,7229.0
5520,5521,2,2,3.0,1,0,0,1,15,3,2019,22,20,1,10,2,8855.0
5521,5522,4,4,1.0,0,0,1,1,27,6,2019,10,20,19,15,8,7741.0
5522,5523,2,2,1.0,0,1,0,1,1,3,2019,8,0,13,15,5,22270.0
5523,5524,4,4,1.0,0,0,1,1,3,6,2019,8,45,21,0,12,7740.0
5524,5525,3,3,2.0,0,0,0,1,9,6,2019,9,50,12,30,26,14960.0
5525,5526,4,4,1.0,0,1,0,1,27,3,2019,9,55,18,50,8,12032.0
5526,5527,1,1,3.0,0,0,0,1,6,3,2019,21,5,22,25,1,5462.0
5527,5528,4,4,1.0,0,1,0,1,21,3,2019,19,45,18,50,23,12347.0
5528,5529,0,0,3.0,0,0,0,1,27,3,2019,11,40,13,55,2,3145.0
5529,5530,2,2,1.0,0,1,0,0,21,3,2019,11,40,20,20,8,7832.0
5530,5531,3,3,3.0,1,0,0,1,21,6,2019,15,15,17,45,2,4804.0
5531,5532,4,4,1.0,1,0,0,1,9,3,2019,2,5,7,10,5,10482.0
5532,5533,4,4,1.0,0,1,0,0,18,5,2019,11,30,4,25,16,12373.0
5533,5534,4,4,1.0,0,0,1,1,3,3,2019,7,5,22,20,15,10478.0
5534,5535,4,4,2.0,0,1,0,0,18,5,2019,9,40,4,25,18,13029.0
5535,5536,4,4,1.0,0,0,0,1,21,3,2019,12,30,9,25,20,6482.0
5536,5537,4,4,1.0,0,1,0,1,18,5,2019,9,0,19,0,10,15554.0
5537,5538,4,4,1.0,0,0,1,1,12,6,2019,8,45,19,0,10,11789.0
5538,5539,3,3,1.0,1,0,0,1,24,3,2019,14,30,20,10,5,9413.0
5539,5540,3,3,1.0,0,0,0,1,9,6,2019,16,45,21,5,28,7662.0
5540,5541,4,4,1.0,0,0,1,1,21,5,2019,19,0,1,30,6,7888.0
5541,5542,3,3,1.0,0,0,1,1,15,5,2019,7,35,23,30,15,5192.0
5542,5543,4,4,1.0,0,0,1,0,24,6,2019,10,20,21,0,10,6007.0
5543,5544,4,4,1.0,0,1,0,0,27,5,2019,10,0,12,35,26,12898.0
5544,5545,2,2,2.0,0,0,0,1,18,3,2019,8,50,10,35,25,11885.0
5545,5546,3,3,1.0,0,0,1,1,24,3,2019,17,0,22,55,5,14360.0
5546,5547,3,3,2.0,0,0,0,1,12,5,2019,16,45,12,30,19,14330.0
5547,5548,4,4,1.0,0,0,1,1,27,3,2019,13,5,22,20,9,6076.0
5548,5549,3,3,3.0,0,0,1,1,1,3,2019,6,55,9,35,2,4622.0
5549,5550,3,3,1.0,0,1,0,1,9,5,2019,21,10,8,15,11,14388.0
5550,5551,4,4,1.0,0,0,1,1,21,5,2019,8,45,19,0,10,9794.0
5551,5552,3,3,3.0,1,0,0,1,3,6,2019,15,15,17,45,2,4804.0
5552,5553,3,3,1.0,0,1,0,0,9,5,2019,21,10,4,40,7,9663.0
5553,5554,4,4,1.0,0,0,1,1,9,5,2019,7,25,13,35,6,5842.0
5554,5555,4,4,1.0,0,0,1,1,3,3,2019,7,0,15,30,8,15603.0
5555,5556,3,3,3.0,1,0,0,1,3,3,2019,22,10,0,55,2,5618.0
5556,5557,3,3,3.0,1,0,0,1,3,3,2019,14,20,16,55,2,6565.0
5557,5558,4,4,1.0,0,0,1,1,15,4,2019,17,55,22,50,4,5221.0
5558,5559,4,4,2.0,0,1,0,0,27,6,2019,9,40,19,0,9,10368.0
5559,5560,4,4,1.0,0,0,0,1,24,6,2019,20,40,9,25,12,7480.0
5560,5561,4,4,2.0,0,1,0,1,12,6,2019,11,45,12,35,24,13882.0
5561,5562,4,4,1.0,1,0,0,1,24,6,2019,6,50,16,10,9,6442.0
5562,5563,2,2,3.0,1,0,0,1,24,6,2019,7,10,10,5,2,4823.0
5563,5564,3,3,3.0,0,0,1,1,21,5,2019,17,10,19,40,2,3873.0
5564,5565,3,3,1.0,0,1,0,1,1,5,2019,17,0,10,55,17,12121.0
5565,5566,2,2,3.0,1,0,0,1,27,4,2019,10,10,13,0,2,4423.0
5566,5567,3,3,3.0,0,0,0,1,24,6,2019,14,15,16,45,2,5510.0
5567,5568,2,2,3.0,0,1,0,1,6,4,2019,8,20,11,20,3,7229.0
5568,5569,4,4,1.0,0,1,0,0,9,6,2019,19,45,12,35,16,10577.0
5569,5570,1,1,3.0,0,1,0,1,27,3,2019,10,20,11,50,1,8040.0
5570,5571,4,4,1.0,0,1,0,1,3,6,2019,13,0,19,0,6,14714.0
5571,5572,2,2,3.0,0,1,0,0,9,6,2019,6,0,8,45,2,7229.0
5572,5573,4,4,2.0,0,0,1,1,21,3,2019,7,5,21,20,14,6653.0
5573,5574,4,4,1.0,1,0,0,1,24,6,2019,5,5,16,10,11,6442.0
5574,5575,3,3,3.0,1,0,0,1,12,5,2019,21,25,0,5,2,4804.0
5575,5576,4,4,2.0,0,0,0,1,9,5,2019,13,15,9,25,20,9417.0
5576,5577,3,3,1.0,0,1,0,0,24,5,2019,18,55,19,50,24,10844.0
5577,5578,2,2,3.0,0,1,0,1,12,5,2019,17,45,20,45,3,7229.0
5578,5579,4,4,1.0,0,1,0,0,6,3,2019,9,0,18,50,9,15400.0
5579,5580,4,4,1.0,1,0,0,1,15,6,2019,8,30,21,0,12,6416.0
5580,5581,2,2,3.0,0,0,0,1,3,4,2019,13,20,16,10,2,5176.0
5581,5582,4,4,1.0,1,0,0,1,21,3,2019,16,0,1,35,9,9264.0
5582,5583,4,4,1.0,0,0,1,1,6,6,2019,9,0,21,0,12,13587.0
5583,5584,0,0,3.0,0,0,1,1,1,5,2019,8,20,10,35,2,3597.0
5584,5585,2,2,3.0,0,0,1,1,27,4,2019,4,55,7,45,2,4282.0
5585,5586,1,1,3.0,0,1,0,0,27,6,2019,7,5,8,30,1,4995.0
5586,5587,3,3,3.0,1,0,0,1,1,6,2019,20,20,22,55,2,4804.0
5587,5588,3,3,1.0,0,1,0,0,6,5,2019,6,30,16,20,9,10844.0
5588,5589,4,4,1.0,0,1,0,1,1,6,2019,21,50,12,35,14,14714.0
5589,5590,3,3,1.0,0,1,0,1,6,6,2019,21,10,9,20,12,14571.0
5590,5591,2,2,1.0,0,1,0,0,21,3,2019,11,40,11,25,23,7832.0
5591,5592,3,3,1.0,0,1,0,1,1,4,2019,20,25,18,0,21,11467.0
5592,5593,3,3,1.0,0,1,0,1,9,5,2019,17,0,10,55,17,10953.0
5593,5594,3,3,3.0,1,0,0,1,9,3,2019,20,25,23,5,2,4148.0
5594,5595,3,3,3.0,0,0,1,1,9,5,2019,9,0,11,25,2,3873.0
5595,5596,2,2,3.0,1,0,0,1,27,4,2019,22,10,1,0,2,3943.0
5596,5597,4,4,1.0,0,0,1,1,27,3,2019,16,45,22,15,5,6151.0
5597,5598,1,1,1.0,0,0,1,1,12,3,2019,8,45,22,55,14,12080.0
5598,5599,3,3,1.0,0,1,0,1,9,5,2019,20,0,10,5,14,13584.0
5599,5600,4,4,1.0,1,0,0,1,6,5,2019,11,25,1,30,14,6979.0
5600,5601,2,2,3.0,0,0,1,1,9,3,2019,23,25,2,10,2,4482.0
5601,5602,3,3,1.0,1,0,0,1,1,4,2019,18,5,23,30,5,6284.0
5602,5603,3,3,1.0,1,0,0,1,24,5,2019,19,35,23,15,3,4226.0
5603,5604,4,4,1.0,1,0,0,1,9,3,2019,6,40,16,10,9,6442.0
5604,5605,4,4,1.0,0,1,0,0,18,5,2019,19,45,4,25,8,12373.0
5605,5606,2,2,1.0,0,1,0,1,12,3,2019,5,50,15,0,9,11297.0
5606,5607,3,3,2.0,0,0,0,1,24,5,2019,10,0,1,20,15,14083.0
5607,5608,4,4,3.0,0,1,0,0,3,6,2019,11,0,14,15,3,7202.0
5608,5609,4,4,1.0,0,0,1,1,21,3,2019,9,0,18,50,9,11667.0
5609,5610,3,3,1.0,0,1,0,0,24,5,2019,18,55,18,15,23,10844.0
5610,5611,2,2,1.0,0,0,0,1,15,3,2019,11,50,8,55,21,5932.0
5611,5612,4,4,1.0,0,0,1,1,24,6,2019,8,45,19,15,10,9001.0
5612,5613,3,3,1.0,0,1,0,0,6,6,2019,17,0,23,35,6,13469.0
5613,5614,1,1,3.0,1,0,0,1,15,6,2019,21,20,22,50,1,2227.0
5614,5615,4,4,1.0,1,0,0,1,15,5,2019,7,15,12,30,5,5636.0
5615,5616,4,4,2.0,0,0,1,1,6,6,2019,15,5,1,30,10,15965.0
5616,5617,4,4,1.0,1,0,0,1,24,6,2019,20,25,1,30,5,5054.0
5617,5618,4,4,1.0,0,0,1,0,21,3,2019,7,10,16,10,9,5999.0
5618,5619,2,2,3.0,1,0,0,1,1,5,2019,7,10,10,5,2,4823.0
5619,5620,3,3,1.0,0,0,1,1,12,6,2019,11,35,18,50,7,8479.0
5620,5621,3,3,1.0,0,0,1,1,15,5,2019,7,10,22,40,15,8452.0
5621,5622,4,4,1.0,0,1,0,1,3,6,2019,8,0,19,0,11,14924.0
5622,5623,4,4,2.0,0,0,0,1,3,6,2019,19,45,19,15,23,10441.0
5623,5624,4,4,1.0,0,0,1,1,21,5,2019,6,0,21,0,15,7485.0
5624,5625,2,2,3.0,0,1,0,0,6,6,2019,8,20,11,20,3,6478.0
5625,5626,4,4,2.0,0,1,0,1,27,5,2019,13,25,19,0,29,15129.0
5626,5627,3,3,1.0,1,0,0,1,1,5,2019,19,20,23,45,4,3809.0
5627,5628,4,4,1.0,0,1,0,0,24,6,2019,8,0,19,0,11,18581.0
5628,5629,3,3,3.0,1,0,0,1,9,6,2019,22,15,0,50,2,5224.0
5629,5630,4,4,1.0,1,0,0,1,9,5,2019,17,10,1,30,8,8330.0
5630,5631,2,2,3.0,0,0,0,1,9,6,2019,10,0,12,45,2,6961.0
5631,5632,4,4,1.0,0,1,0,0,9,6,2019,8,0,19,0,11,10262.0
5632,5633,1,1,3.0,1,0,0,1,21,6,2019,2,35,4,5,1,2754.0
5633,5634,4,4,1.0,0,0,1,1,18,5,2019,15,0,1,30,10,13727.0
5634,5635,2,2,3.0,0,0,1,1,27,4,2019,20,55,23,40,2,3898.0
5635,5636,2,2,1.0,0,1,0,0,12,3,2019,22,55,12,25,13,11087.0
5636,5637,2,2,3.0,0,0,1,1,6,4,2019,23,55,2,45,2,3383.0
5637,5638,4,4,1.0,0,1,0,1,21,3,2019,17,30,18,50,25,12557.0
5638,5639,4,4,2.0,0,1,0,0,21,3,2019,6,20,4,25,22,8273.0
5639,5640,1,1,2.0,0,0,0,1,12,3,2019,10,5,19,10,9,9736.0
5640,5641,4,4,1.0,0,1,0,0,24,6,2019,17,30,19,0,25,10262.0
5641,5642,4,4,2.0,0,1,0,1,9,4,2019,5,30,19,0,13,11664.0
5642,5643,2,2,3.0,1,0,0,1,1,5,2019,23,30,2,20,2,4591.0
5643,5644,2,2,1.0,0,1,0,0,18,3,2019,14,5,19,10,5,13502.0
5644,5645,4,4,1.0,0,0,0,1,27,6,2019,13,0,19,15,6,8372.0
5645,5646,2,2,3.0,0,0,0,1,21,4,2019,6,10,8,55,2,6121.0
5646,5647,2,2,3.0,0,0,1,1,21,3,2019,16,0,18,35,2,5613.0
5647,5648,4,4,1.0,1,0,0,1,6,4,2019,6,50,12,10,5,5298.0
5648,5649,4,4,1.0,0,1,0,1,9,3,2019,2,15,19,45,17,15764.0
5649,5650,4,4,1.0,0,0,1,1,15,6,2019,7,55,22,25,14,6253.0
5650,5651,3,3,1.0,0,1,0,0,18,5,2019,5,45,12,0,6,8586.0
5651,5652,4,4,2.0,0,1,0,1,27,3,2019,6,20,4,25,22,12273.0
5652,5653,1,1,3.0,1,0,0,1,15,5,2019,21,20,22,50,1,2227.0
5653,5654,2,2,3.0,0,1,0,0,12,6,2019,19,50,22,50,3,5769.0
5654,5655,4,4,3.0,0,0,1,1,18,4,2019,14,40,17,50,3,6216.0
5655,5656,4,4,1.0,1,0,0,1,3,6,2019,2,0,7,45,5,6386.0
5656,5657,4,4,1.0,0,0,1,1,1,6,2019,10,0,19,15,9,16108.0
5657,5658,3,3,3.0,0,0,1,1,24,5,2019,22,20,0,40,2,3873.0
5658,5659,4,4,1.0,1,0,0,1,9,4,2019,10,35,1,30,14,6270.0
5659,5660,2,2,3.0,0,0,0,1,12,4,2019,21,5,23,55,2,5911.0
5660,5661,4,4,1.0,0,0,1,1,6,3,2019,9,10,19,15,10,15077.0
5661,5662,2,2,1.0,0,1,0,1,1,3,2019,20,35,11,25,14,31825.0
5662,5663,3,3,1.0,0,0,1,1,6,5,2019,11,35,18,50,7,8479.0
5663,5664,3,3,1.0,0,0,1,1,12,5,2019,7,10,9,5,25,9397.0
5664,5665,4,4,1.0,0,1,0,0,3,6,2019,9,0,12,35,27,10262.0
5665,5666,4,4,3.0,1,0,0,1,3,4,2019,5,35,8,50,3,4729.0
5666,5667,4,4,1.0,0,1,0,1,1,6,2019,17,30,19,0,25,14714.0
5667,5668,3,3,3.0,1,0,0,1,15,5,2019,17,15,19,50,2,4804.0
5668,5669,3,3,3.0,1,0,0,1,3,6,2019,20,25,23,10,2,4804.0
5669,5670,1,1,3.0,0,0,0,1,1,4,2019,21,5,22,25,1,2050.0
5670,5671,4,4,1.0,0,0,1,1,27,3,2019,7,30,19,15,11,8371.0
5671,5672,4,4,1.0,0,0,1,1,27,6,2019,10,0,19,0,9,12192.0
5672,5673,4,4,1.0,0,0,1,1,21,3,2019,6,0,18,50,12,14629.0
5673,5674,2,2,3.0,1,0,0,1,9,4,2019,18,25,21,20,2,4823.0
5674,5675,4,4,1.0,0,0,1,1,9,5,2019,13,0,19,15,6,14323.0
5675,5676,4,4,2.0,0,1,0,1,9,5,2019,13,25,12,35,23,15129.0
5676,5677,4,4,1.0,1,0,0,1,18,5,2019,6,40,21,0,14,6758.0
5677,5678,4,4,1.0,0,0,1,1,21,5,2019,9,0,19,15,10,14848.0
5678,5679,2,2,2.0,0,0,0,1,3,3,2019,6,45,10,35,27,12358.0
5679,5680,2,2,3.0,0,1,0,0,21,5,2019,18,55,22,0,3,4030.0
5680,5681,3,3,3.0,0,0,0,1,9,3,2019,14,15,16,45,2,4960.0
5681,5682,4,4,2.0,0,0,0,1,27,3,2019,16,40,19,15,26,8656.0
5682,5683,4,4,1.0,1,0,0,1,6,3,2019,9,10,21,0,11,14871.0
5683,5684,4,4,1.0,0,0,1,1,27,3,2019,6,0,13,20,7,4563.0
5684,5685,1,1,3.0,1,0,0,1,6,3,2019,21,20,22,45,1,4784.0
5685,5686,2,2,3.0,1,0,0,1,1,6,2019,20,0,22,50,2,4823.0
5686,5687,0,0,3.0,0,0,1,1,3,5,2019,7,5,9,20,2,3687.0
5687,5688,2,2,3.0,0,1,0,1,27,4,2019,15,15,18,10,2,7229.0
5688,5689,2,2,3.0,0,1,0,1,15,4,2019,7,10,10,10,3,7229.0
5689,5690,4,4,1.0,0,0,0,1,21,4,2019,6,10,23,0,16,7174.0
5690,5691,4,4,2.0,0,0,0,1,21,3,2019,6,50,7,40,24,11071.0
5691,5692,4,4,1.0,1,0,0,1,15,5,2019,4,55,21,0,16,6979.0
5692,5693,0,0,3.0,1,0,0,1,15,5,2019,7,55,10,15,2,3850.0
5693,5694,3,3,1.0,0,1,0,1,12,6,2019,20,0,9,20,13,13044.0
5694,5695,4,4,1.0,0,1,0,0,18,5,2019,20,55,4,25,7,12373.0
5695,5696,4,4,2.0,0,0,0,1,18,5,2019,13,20,7,40,18,13801.0
5696,5697,2,2,3.0,1,0,0,1,1,6,2019,8,30,11,20,2,4823.0
5697,5698,4,4,1.0,0,0,0,1,9,6,2019,5,15,6,50,25,6587.0
5698,5699,1,1,3.0,1,0,0,1,3,6,2019,20,5,21,40,1,2227.0
5699,5700,3,3,1.0,0,1,0,1,9,6,2019,17,0,14,25,21,14151.0
5700,5701,2,2,2.0,0,0,0,1,1,3,2019,8,50,23,25,38,25430.0
5701,5702,2,2,3.0,0,0,1,0,27,6,2019,21,10,0,5,2,4319.0
5702,5703,4,4,1.0,0,0,0,1,3,3,2019,4,0,7,40,27,14462.0
5703,5704,3,3,1.0,0,1,0,0,21,5,2019,6,30,10,5,27,8586.0
5704,5705,3,3,1.0,0,0,0,1,9,6,2019,9,50,21,5,11,7662.0
5705,5706,1,1,3.0,0,1,0,0,3,5,2019,7,5,8,30,1,4995.0
5706,5707,4,4,1.0,0,0,1,1,9,6,2019,9,0,21,0,12,7408.0
5707,5708,1,1,3.0,0,1,0,1,15,3,2019,19,35,21,5,1,5678.0
5708,5709,1,1,3.0,0,1,0,1,9,6,2019,19,35,21,5,1,5678.0
5709,5710,2,2,1.0,0,1,0,1,1,3,2019,8,55,0,45,15,26890.0
5710,5711,1,1,2.0,0,0,0,1,6,3,2019,6,0,19,25,37,13904.0
5711,5712,4,4,2.0,0,1,0,0,1,6,2019,20,0,4,25,8,15318.0
5712,5713,3,3,1.0,0,0,1,1,15,5,2019,20,20,22,40,26,8452.0
5713,5714,4,4,1.0,1,0,0,1,9,6,2019,10,35,21,0,10,6314.0
5714,5715,3,3,1.0,0,0,0,1,1,5,2019,10,0,20,25,10,10203.0
5715,5716,0,0,3.0,0,0,1,1,15,6,2019,8,20,10,35,2,3597.0
5716,5717,4,4,1.0,0,0,1,1,12,6,2019,10,20,19,15,8,8266.0
5717,5718,4,4,1.0,0,1,0,0,18,5,2019,21,50,12,35,14,12373.0
5718,5719,2,2,1.0,0,1,0,1,1,3,2019,14,5,21,20,7,36235.0
5719,5720,4,4,1.0,1,0,0,1,3,3,2019,8,25,21,0,12,14871.0
5720,5721,2,2,3.0,0,1,0,1,12,4,2019,17,45,20,45,3,7229.0
5721,5722,3,3,3.0,1,0,0,1,24,4,2019,22,15,0,50,2,4804.0
5722,5723,2,2,3.0,1,0,0,1,3,3,2019,20,0,22,55,2,7303.0
5723,5724,4,4,1.0,0,0,1,1,1,6,2019,11,30,21,0,9,13587.0
5724,5725,4,4,1.0,0,0,1,1,18,5,2019,14,55,22,30,7,7740.0
5725,5726,0,0,3.0,1,0,0,1,1,3,2019,14,40,17,5,2,7295.0
5726,5727,4,4,1.0,0,0,1,1,3,3,2019,18,15,1,35,7,18916.0
5727,5728,4,4,1.0,0,0,1,1,21,5,2019,12,50,19,15,6,8266.0
5728,5729,4,4,1.0,0,1,0,0,18,5,2019,2,15,4,25,26,12373.0
5729,5730,4,4,1.0,0,0,1,1,18,5,2019,13,15,22,30,9,11188.0
5730,5731,3,3,1.0,0,1,0,1,18,5,2019,9,35,18,0,8,14151.0
5731,5732,4,4,1.0,0,1,0,1,1,6,2019,8,0,19,0,11,14714.0
5732,5733,2,2,3.0,0,1,0,1,6,4,2019,7,10,10,10,3,7229.0
5733,5734,4,4,1.0,0,1,0,1,27,3,2019,9,0,4,25,19,12242.0
5734,5735,2,2,1.0,0,1,0,0,15,3,2019,7,0,12,25,5,9134.0
5735,5736,2,2,3.0,1,0,0,1,1,5,2019,22,10,1,0,2,3943.0
5736,5737,2,2,3.0,0,0,0,1,1,6,2019,10,0,12,45,2,6961.0
5737,5738,1,1,2.0,0,1,0,1,12,3,2019,8,15,16,35,8,23843.0
5738,5739,0,0,3.0,0,0,1,1,24,5,2019,9,45,12,0,2,3597.0
5739,5740,4,4,1.0,0,0,1,1,27,6,2019,13,0,21,0,8,7408.0
5740,5741,2,2,3.0,0,0,1,0,27,5,2019,5,55,8,35,2,3257.0
5741,5742,1,1,3.0,0,0,1,0,6,5,2019,5,45,7,15,1,1965.0
5742,5743,4,4,1.0,0,0,1,1,27,3,2019,6,40,19,15,12,9100.0
5743,5744,1,1,3.0,0,0,0,1,18,6,2019,19,30,20,45,1,3100.0
5744,5745,2,2,1.0,0,1,0,1,1,3,2019,8,0,18,25,10,26890.0
5745,5746,2,2,3.0,0,1,0,1,24,6,2019,17,45,20,45,3,8016.0
5746,5747,3,3,1.0,0,0,0,1,24,3,2019,20,30,20,25,23,12173.0
5747,5748,4,4,1.0,1,0,0,1,27,5,2019,4,55,21,0,16,8784.0
5748,5749,4,4,1.0,1,0,0,1,9,5,2019,6,50,12,10,5,5298.0
5749,5750,2,2,1.0,0,1,0,0,9,3,2019,8,55,9,30,24,11087.0
5750,5751,4,4,1.0,0,0,1,1,9,6,2019,17,55,22,50,4,5409.0
5751,5752,4,4,1.0,0,0,1,1,1,5,2019,7,25,13,35,6,5842.0
5752,5753,1,1,3.0,0,1,0,0,18,3,2019,15,50,17,20,1,2228.0
5753,5754,0,0,3.0,0,0,1,0,6,5,2019,17,45,20,5,2,3543.0
5754,5755,3,3,1.0,1,0,0,1,21,5,2019,21,0,2,15,5,7228.0
5755,5756,4,4,1.0,1,0,0,1,15,4,2019,5,5,12,10,7,6287.0
5756,5757,4,4,1.0,0,0,1,1,27,6,2019,13,0,1,30,12,13377.0
5757,5758,3,3,3.0,1,0,0,1,3,3,2019,17,15,20,0,2,6985.0
5758,5759,4,4,1.0,0,0,0,1,3,6,2019,13,0,19,15,6,8372.0
5759,5760,3,3,2.0,0,0,0,1,21,5,2019,9,25,5,25,20,14687.0
5760,5761,4,4,3.0,0,1,0,1,9,3,2019,11,0,14,15,3,9564.0
5761,5762,1,1,1.0,0,0,1,1,12,3,2019,8,45,16,45,8,12080.0
5762,5763,4,4,2.0,0,0,1,1,3,6,2019,17,50,1,30,7,18275.0
5763,5764,4,4,1.0,1,0,0,1,6,6,2019,7,30,21,0,13,6093.0
5764,5765,4,4,2.0,0,1,0,1,9,3,2019,5,40,4,25,22,14861.0
5765,5766,3,3,3.0,1,0,0,1,18,5,2019,11,30,14,5,2,4804.0
5766,5767,3,3,1.0,0,1,0,0,1,5,2019,20,25,19,10,22,9314.0
5767,5768,4,4,1.0,0,0,1,1,9,5,2019,8,45,19,0,10,9794.0
5768,5769,4,4,2.0,0,1,0,0,21,5,2019,5,30,19,0,13,13029.0
5769,5770,3,3,3.0,0,0,1,0,3,6,2019,17,10,19,40,2,3841.0
5770,5771,2,2,1.0,0,1,0,1,18,3,2019,8,0,13,15,5,12284.0
5771,5772,4,4,1.0,0,1,0,1,9,6,2019,21,50,4,25,6,14714.0
5772,5773,3,3,1.0,0,1,0,0,1,4,2019,6,30,22,35,16,7064.0
5773,5774,2,2,3.0,0,1,0,0,18,5,2019,7,10,10,10,3,5198.0
5774,5775,3,3,1.0,0,1,0,1,15,5,2019,6,30,16,20,9,14781.0
5775,5776,4,4,2.0,0,0,0,1,24,6,2019,20,15,19,15,23,13381.0
5776,5777,4,4,3.0,0,0,0,1,1,6,2019,5,10,8,0,2,6094.0
5777,5778,4,4,1.0,1,0,0,1,1,6,2019,6,50,12,10,5,5298.0
5778,5779,4,4,1.0,0,0,1,1,27,6,2019,10,0,21,0,11,7408.0
5779,5780,3,3,1.0,0,1,0,1,12,5,2019,21,10,12,0,14,14388.0
5780,5781,4,4,2.0,0,0,0,1,24,6,2019,19,45,19,15,23,9443.0
5781,5782,4,4,2.0,0,0,0,1,3,3,2019,7,5,19,15,36,11762.0
5782,5783,4,4,1.0,0,0,0,1,27,6,2019,12,30,9,25,20,7480.0
5783,5784,4,4,3.0,1,0,0,1,15,3,2019,5,35,8,50,3,5406.0
5784,5785,4,4,3.0,0,1,0,1,12,6,2019,11,0,14,15,3,9564.0
5785,5786,4,4,2.0,0,1,0,0,9,6,2019,9,40,19,0,9,10368.0
5786,5787,4,4,1.0,1,0,0,1,9,5,2019,7,15,12,30,5,5636.0
5787,5788,1,1,3.0,0,0,1,0,9,5,2019,22,45,0,15,1,1965.0
5788,5789,3,3,1.0,0,1,0,1,12,6,2019,21,10,4,40,7,12739.0
5789,5790,3,3,3.0,1,0,0,1,12,3,2019,14,20,16,55,2,4148.0
5790,5791,4,4,1.0,1,0,0,1,9,5,2019,6,40,21,0,14,7191.0
5791,5792,4,4,1.0,0,1,0,0,6,6,2019,7,5,4,25,21,10262.0
5792,5793,3,3,1.0,0,0,1,1,24,3,2019,9,55,20,25,10,12312.0
5793,5794,4,4,1.0,0,1,0,0,3,6,2019,18,15,19,0,24,10262.0
5794,5795,4,4,3.0,0,1,0,1,15,6,2019,11,0,14,15,3,9564.0
5795,5796,3,3,1.0,0,1,0,1,24,3,2019,6,30,4,45,22,13759.0
5796,5797,3,3,1.0,0,0,1,1,6,5,2019,17,0,20,20,27,8610.0
5797,5798,4,4,1.0,0,1,0,1,15,6,2019,13,0,19,0,6,14714.0
5798,5799,2,2,3.0,1,0,0,1,3,6,2019,8,30,11,20,2,4823.0
5799,5800,4,4,1.0,0,0,1,1,27,5,2019,7,55,15,45,7,6451.0
5800,5801,4,4,1.0,0,1,0,1,21,5,2019,14,0,19,0,5,16079.0
5801,5802,4,4,3.0,0,1,0,0,1,6,2019,11,0,14,15,3,7202.0
5802,5803,2,2,3.0,1,0,0,1,24,3,2019,23,30,2,20,2,4944.0
5803,5804,2,2,3.0,0,0,1,1,1,6,2019,5,55,8,35,2,3625.0
5804,5805,3,3,1.0,0,1,0,0,9,5,2019,14,5,12,0,21,9663.0
5805,5806,4,4,1.0,0,0,1,1,15,5,2019,10,20,19,0,8,9794.0
5806,5807,1,1,3.0,0,0,1,1,1,5,2019,13,15,14,45,1,2437.0
5807,5808,4,4,1.0,0,0,1,1,15,6,2019,10,0,1,30,15,13377.0
5808,5809,3,3,1.0,0,1,0,0,6,6,2019,20,0,4,40,8,8586.0
5809,5810,2,2,1.0,0,1,0,1,6,3,2019,8,55,15,15,6,19225.0
5810,5811,4,4,1.0,0,1,0,1,18,5,2019,22,50,4,25,5,15554.0
5811,5812,3,3,1.0,0,1,0,1,1,5,2019,9,35,22,5,12,12121.0
5812,5813,2,2,3.0,1,0,0,1,27,5,2019,10,10,13,0,2,3943.0
5813,5814,2,2,1.0,0,1,0,1,18,3,2019,21,25,9,0,11,13555.0
5814,5815,2,2,3.0,1,0,0,1,21,6,2019,18,15,21,20,3,4990.0
5815,5816,4,4,1.0,0,0,0,1,6,3,2019,20,30,23,0,26,8854.0
5816,5817,4,4,1.0,0,0,1,1,27,5,2019,7,10,16,10,9,7878.0
5817,5818,2,2,3.0,0,0,1,1,3,3,2019,9,50,12,35,2,8028.0
5818,5819,3,3,1.0,0,1,0,0,9,5,2019,18,55,8,15,13,8586.0
5819,5820,3,3,2.0,0,0,0,1,1,5,2019,17,30,13,45,20,15164.0
5820,5821,2,2,1.0,0,1,0,1,18,3,2019,7,0,15,15,8,12284.0
5821,5822,1,1,3.0,0,1,0,0,21,6,2019,7,5,8,30,1,4995.0
5822,5823,4,4,1.0,0,0,1,1,27,5,2019,8,45,19,15,10,10051.0
5823,5824,3,3,1.0,0,1,0,0,21,5,2019,14,5,10,5,20,9663.0
5824,5825,3,3,2.0,0,0,0,1,1,5,2019,7,0,5,25,22,14424.0
5825,5826,4,4,1.0,0,1,0,1,15,6,2019,10,0,19,0,9,14714.0
5826,5827,1,1,3.0,0,0,0,1,24,5,2019,13,55,15,25,1,3100.0
5827,5828,4,4,1.0,1,0,0,1,6,6,2019,17,5,22,25,5,6493.0
5828,5829,3,3,1.0,0,1,0,1,6,6,2019,6,30,23,35,17,14571.0
5829,5830,4,4,2.0,0,1,0,0,15,6,2019,5,30,19,0,13,10368.0
5830,5831,4,4,1.0,0,1,0,1,3,6,2019,15,0,4,25,13,14714.0
5831,5832,0,0,3.0,0,0,1,0,18,5,2019,8,20,10,35,2,3543.0
5832,5833,3,3,1.0,0,0,1,1,6,6,2019,7,35,19,25,11,6810.0
5833,5834,3,3,3.0,0,0,1,0,24,3,2019,9,0,11,30,2,5201.0
5834,5835,4,4,1.0,0,0,1,1,24,6,2019,17,30,1,30,8,13377.0
5835,5836,4,4,1.0,0,0,1,1,21,3,2019,7,30,18,50,11,14629.0
5836,5837,4,4,1.0,1,0,0,1,9,4,2019,7,30,21,0,13,6093.0
5837,5838,4,4,0.0,0,0,1,1,12,6,2019,11,35,1,30,13,15419.0
5838,5839,3,3,2.0,0,0,0,1,21,5,2019,16,50,13,45,20,13484.0
5839,5840,4,4,1.0,0,0,0,1,18,5,2019,21,0,7,40,10,8372.0
5840,5841,2,2,2.0,0,0,0,1,15,3,2019,8,15,11,20,27,8534.0
5841,5842,2,2,3.0,0,1,0,0,15,5,2019,17,45,20,45,3,4030.0
5842,5843,4,4,2.0,0,1,0,1,24,6,2019,9,35,4,25,18,13292.0
5843,5844,4,4,2.0,0,1,0,1,24,6,2019,5,30,4,25,22,13014.0
5844,5845,4,4,1.0,0,0,0,1,9,3,2019,8,0,19,15,11,16754.0
5845,5846,3,3,3.0,1,0,0,1,1,3,2019,17,15,19,55,2,6565.0
5846,5847,4,4,1.0,0,1,0,1,27,5,2019,22,50,19,0,20,16079.0
5847,5848,4,4,2.0,0,1,0,0,9,5,2019,21,25,12,35,15,11507.0
5848,5849,1,1,1.0,0,0,1,1,6,3,2019,7,30,9,25,25,12395.0
5849,5850,2,2,1.0,1,0,0,1,1,3,2019,19,35,0,35,5,22153.0
5850,5851,4,4,2.0,0,1,0,0,27,6,2019,6,45,12,35,29,10919.0
5851,5852,3,3,1.0,0,1,0,1,24,3,2019,21,10,4,45,7,13759.0
5852,5853,4,4,3.0,0,0,0,1,18,4,2019,5,10,8,0,2,6094.0
5853,5854,3,3,2.0,0,0,0,1,21,5,2019,9,25,13,45,28,11542.0
5854,5855,4,4,2.0,0,1,0,1,9,6,2019,6,45,4,25,21,13376.0
5855,5856,2,2,1.0,0,1,0,1,1,3,2019,11,40,10,25,22,25735.0
5856,5857,2,2,1.0,0,1,0,1,6,3,2019,22,50,23,0,24,17471.0
5857,5858,3,3,1.0,0,1,0,0,9,6,2019,16,30,23,35,7,10844.0
5858,5859,4,4,1.0,0,0,0,1,3,6,2019,19,0,7,40,12,8372.0
5859,5860,0,0,3.0,1,0,0,1,15,6,2019,11,35,14,0,2,3858.0
5860,5861,2,2,3.0,1,0,0,1,15,3,2019,1,30,4,15,2,5694.0
5861,5862,4,4,1.0,0,1,0,1,3,3,2019,18,15,18,50,24,17234.0
5862,5863,4,4,2.0,0,1,0,1,9,4,2019,9,25,4,25,19,11546.0
5863,5864,2,2,3.0,0,0,1,1,3,3,2019,7,0,9,40,2,8028.0
5864,5865,2,2,3.0,0,1,0,1,15,6,2019,19,50,22,50,3,8016.0
5865,5866,3,3,1.0,0,0,0,1,24,5,2019,20,30,20,25,23,10413.0
5866,5867,2,2,2.0,0,0,0,1,12,3,2019,11,5,22,10,11,11948.0
5867,5868,1,1,3.0,0,1,0,0,1,4,2019,10,20,11,50,1,3205.0
5868,5869,2,2,3.0,1,0,0,1,18,5,2019,13,0,15,50,2,4423.0
5869,5870,2,2,3.0,0,0,1,1,24,3,2019,7,0,9,40,2,4878.0
5870,5871,4,4,1.0,1,0,0,1,15,4,2019,17,5,22,15,5,5912.0
5871,5872,3,3,2.0,0,0,0,1,12,5,2019,5,50,8,55,27,11411.0
5872,5873,4,4,1.0,0,0,1,1,24,6,2019,7,0,21,0,14,7618.0
5873,5874,2,2,3.0,0,1,0,1,12,4,2019,15,15,18,10,2,7229.0
5874,5875,4,4,1.0,1,0,0,1,27,6,2019,15,10,20,0,4,6147.0
5875,5876,4,4,2.0,0,1,0,1,15,6,2019,18,25,4,25,10,14237.0
5876,5877,4,4,1.0,1,0,0,1,21,3,2019,7,45,13,40,5,6101.0
5877,5878,3,3,2.0,0,0,0,1,21,5,2019,16,50,5,35,12,12324.0
5878,5879,2,2,1.0,0,0,1,1,1,3,2019,6,40,21,55,15,18387.0
5879,5880,4,4,1.0,0,1,0,0,3,6,2019,16,0,4,25,12,10262.0
5880,5881,4,4,1.0,0,1,0,0,15,6,2019,9,0,19,0,10,10262.0
5881,5882,2,2,3.0,0,1,0,1,21,4,2019,7,10,10,10,3,7229.0
5882,5883,3,3,3.0,0,0,1,1,27,6,2019,22,50,1,20,2,3807.0
5883,5884,4,4,1.0,0,0,1,1,21,3,2019,15,15,1,35,10,7695.0
5884,5885,3,3,2.0,0,0,0,1,18,5,2019,5,50,8,55,27,12723.0
5885,5886,1,1,3.0,0,0,1,0,15,5,2019,13,15,14,45,1,2175.0
5886,5887,4,4,1.0,1,0,0,1,27,5,2019,9,15,1,30,16,6628.0
5887,5888,4,4,2.0,0,1,0,1,12,6,2019,14,35,4,25,13,13376.0
5888,5889,3,3,3.0,1,0,0,1,27,3,2019,15,10,17,45,2,4148.0
5889,5890,4,4,2.0,0,1,0,0,27,3,2019,5,25,4,25,23,9254.0
5890,5891,2,2,3.0,0,1,0,1,24,6,2019,18,55,22,0,3,8016.0
5891,5892,2,2,3.0,0,1,0,0,1,5,2019,17,45,20,45,3,4030.0
5892,5893,2,2,3.0,0,1,0,0,12,5,2019,17,45,20,45,3,5198.0
5893,5894,3,3,3.0,0,0,1,1,15,4,2019,19,55,22,25,2,4409.0
5894,5895,1,1,3.0,0,0,0,1,1,3,2019,13,55,15,25,1,10082.0
5895,5896,3,3,1.0,0,1,0,0,18,5,2019,14,5,10,5,20,9663.0
5896,5897,2,2,3.0,0,0,1,1,3,4,2019,5,55,8,35,2,3971.0
5897,5898,0,0,3.0,1,0,0,1,15,3,2019,7,55,10,15,2,6297.0
5898,5899,2,2,3.0,0,0,1,0,9,5,2019,5,55,8,35,2,3573.0
5899,5900,3,3,1.0,0,1,0,0,21,5,2019,14,5,22,35,8,10844.0
5900,5901,2,2,3.0,1,0,0,1,27,4,2019,6,5,8,50,2,4423.0
5901,5902,2,2,1.0,0,1,0,1,6,3,2019,14,5,21,20,7,19225.0
5902,5903,0,0,3.0,1,0,0,1,12,3,2019,22,5,0,30,2,6297.0
5903,5904,3,3,3.0,0,0,1,1,6,3,2019,22,20,0,40,2,3849.0
5904,5905,4,4,1.0,0,0,1,1,6,3,2019,8,0,15,30,7,15078.0
5905,5906,3,3,1.0,1,0,0,1,12,5,2019,19,20,23,45,4,4205.0
5906,5907,2,2,3.0,0,0,0,1,27,5,2019,13,20,16,10,2,5228.0
5907,5908,4,4,1.0,0,0,1,1,6,6,2019,7,0,21,0,14,7408.0
5908,5909,2,2,3.0,0,1,0,0,9,6,2019,11,10,14,5,2,7229.0
5909,5910,4,4,2.0,0,1,0,0,15,6,2019,14,35,4,25,13,10919.0
5910,5911,2,2,3.0,0,1,0,0,1,5,2019,15,15,18,10,2,4544.0
5911,5912,4,4,1.0,0,1,0,0,21,3,2019,8,0,4,25,20,6540.0
5912,5913,4,4,2.0,0,1,0,1,21,3,2019,19,10,18,50,23,9483.0
5913,5914,4,4,1.0,0,1,0,1,21,5,2019,10,0,19,0,9,16079.0
5914,5915,4,4,1.0,0,0,1,1,1,6,2019,18,15,1,30,7,13377.0
5915,5916,2,2,3.0,1,0,0,1,3,6,2019,18,55,21,50,2,4823.0
5916,5917,3,3,1.0,0,1,0,1,15,5,2019,17,0,10,55,17,14151.0
5917,5918,3,3,1.0,0,0,1,1,9,5,2019,23,30,7,45,8,6095.0
5918,5919,4,4,1.0,0,0,0,1,27,5,2019,10,0,19,15,9,12029.0
5919,5920,3,3,1.0,0,0,0,1,6,4,2019,19,0,11,5,16,4437.0
5920,5921,2,2,3.0,1,0,0,1,27,6,2019,1,30,4,15,2,3419.0
5921,5922,2,2,3.0,1,0,0,1,1,4,2019,10,10,13,0,2,3943.0
5922,5923,4,4,1.0,0,0,1,1,21,3,2019,14,0,1,35,11,13542.0
5923,5924,4,4,1.0,0,0,0,1,27,6,2019,17,40,23,0,5,7174.0
5924,5925,1,1,3.0,1,0,0,1,9,3,2019,9,10,10,35,1,7417.0
5925,5926,4,4,2.0,0,1,0,1,9,5,2019,13,25,4,25,15,16704.0
5926,5927,3,3,3.0,0,0,0,1,18,3,2019,20,45,23,20,2,4435.0
5927,5928,3,3,2.0,0,0,0,1,21,5,2019,9,25,5,35,20,11432.0
5928,5929,2,2,3.0,0,0,1,1,21,6,2019,23,55,2,45,2,3383.0
5929,5930,3,3,3.0,1,0,0,1,21,4,2019,4,40,7,15,2,4804.0
5930,5931,2,2,3.0,0,0,1,1,27,5,2019,4,55,7,45,2,3383.0
5931,5932,3,3,1.0,1,0,0,1,24,5,2019,15,10,20,30,5,6991.0
5932,5933,4,4,2.0,0,0,0,1,9,5,2019,5,0,19,15,38,10441.0
5933,5934,4,4,1.0,1,0,0,1,21,3,2019,7,35,12,0,4,5073.0
5934,5935,4,4,1.0,0,0,1,1,21,3,2019,10,20,1,35,15,7695.0
5935,5936,4,4,1.0,0,0,0,1,24,5,2019,20,40,9,25,12,7480.0
5936,5937,4,4,1.0,0,1,0,0,9,6,2019,11,30,12,35,25,10262.0
5937,5938,2,2,1.0,0,1,0,1,12,3,2019,22,55,11,25,12,13817.0
5938,5939,3,3,1.0,0,1,0,1,21,5,2019,9,35,19,10,9,13067.0
5939,5940,1,1,3.0,0,0,1,0,6,6,2019,13,15,14,45,1,1965.0
5940,5941,4,4,1.0,1,0,0,1,6,6,2019,6,50,16,10,9,6674.0
5941,5942,1,1,2.0,0,0,0,1,12,3,2019,5,5,16,55,11,16172.0
5942,5943,4,4,1.0,0,0,1,0,24,6,2019,12,50,19,15,6,7268.0
5943,5944,2,2,1.0,0,1,0,1,15,3,2019,7,0,12,15,5,17524.0
5944,5945,4,4,1.0,0,0,1,1,21,5,2019,18,0,1,30,7,7888.0
5945,5946,1,1,3.0,1,0,0,1,6,6,2019,19,5,20,35,1,2754.0
5946,5947,2,2,0.0,0,0,0,1,3,3,2019,12,0,23,55,11,10573.0
5947,5948,4,4,1.0,0,0,1,1,9,6,2019,11,40,19,0,7,11789.0
5948,5949,3,3,1.0,0,1,0,1,6,5,2019,20,25,19,10,22,13067.0
5949,5950,2,2,3.0,1,0,0,1,24,3,2019,0,40,3,25,2,4238.0
5950,5951,4,4,1.0,0,0,1,1,21,5,2019,7,30,19,0,11,9794.0
5951,5952,4,4,2.0,0,0,0,1,21,3,2019,7,5,9,25,26,7615.0
5952,5953,4,4,2.0,0,1,0,1,21,3,2019,10,20,4,25,42,11664.0
5953,5954,3,3,1.0,0,1,0,0,1,4,2019,6,30,19,50,13,7064.0
5954,5955,3,3,1.0,1,0,0,1,15,4,2019,19,20,23,45,4,3809.0
5955,5956,3,3,3.0,0,0,1,0,18,6,2019,17,10,19,40,2,3841.0
5956,5957,4,4,1.0,0,0,1,1,27,5,2019,11,40,1,30,13,6795.0
5957,5958,3,3,1.0,1,0,0,1,24,4,2019,15,15,20,5,4,4565.0
5958,5959,4,4,1.0,1,0,0,1,9,3,2019,18,35,1,35,7,12351.0
5959,5960,4,4,3.0,1,0,0,1,18,3,2019,21,5,0,20,3,5021.0
5960,5961,4,4,2.0,0,0,0,1,21,5,2019,13,5,9,25,20,10467.0
5961,5962,2,2,3.0,0,0,0,1,15,4,2019,17,0,19,45,2,6121.0
5962,5963,0,0,3.0,0,0,1,1,15,3,2019,17,45,20,5,2,6300.0
5963,5964,2,2,3.0,0,0,1,1,1,3,2019,5,50,8,40,2,10715.0
5964,5965,3,3,3.0,0,0,0,1,24,5,2019,14,15,16,45,2,5510.0
5965,5966,2,2,3.0,0,1,0,0,3,5,2019,18,55,22,0,3,6144.0
5966,5967,4,4,2.0,0,1,0,1,6,3,2019,19,10,19,45,24,19329.0
5967,5968,1,1,2.0,0,0,0,1,6,3,2019,12,45,19,25,30,13253.0
5968,5969,3,3,1.0,0,1,0,1,12,5,2019,6,30,19,50,13,13941.0
5969,5970,3,3,3.0,1,0,0,1,1,4,2019,20,20,22,55,2,4488.0
5970,5971,3,3,3.0,0,0,1,0,3,6,2019,6,55,9,30,2,3841.0
5971,5972,4,4,1.0,0,0,1,1,15,5,2019,11,25,19,15,7,7575.0
5972,5973,4,4,2.0,0,0,0,1,27,5,2019,16,40,19,15,26,9968.0
5973,5974,4,4,2.0,0,1,0,1,9,5,2019,13,25,19,0,29,15129.0
5974,5975,3,3,1.0,1,0,0,1,6,5,2019,7,10,12,40,5,4864.0
5975,5976,4,4,1.0,0,0,0,1,3,6,2019,17,20,9,25,16,7480.0
5976,5977,4,4,1.0,0,0,1,1,6,3,2019,7,0,18,50,11,15867.0
5977,5978,3,3,1.0,0,1,0,1,21,5,2019,9,35,22,5,12,13067.0
5978,5979,3,3,1.0,0,0,0,1,9,5,2019,16,50,7,55,15,8366.0
5979,5980,4,4,2.0,0,0,0,1,3,3,2019,12,55,19,15,30,21571.0
5980,5981,2,2,3.0,0,0,1,1,12,5,2019,4,55,7,45,2,4282.0
5981,5982,4,4,2.0,0,0,0,1,9,5,2019,16,55,19,15,26,13591.0
5982,5983,3,3,1.0,0,0,1,1,1,4,2019,20,20,23,25,27,7927.0
5983,5984,4,4,1.0,0,1,0,1,3,6,2019,15,0,19,0,28,14714.0
5984,5985,2,2,1.0,0,1,0,0,12,3,2019,18,55,16,10,21,11087.0
5985,5986,4,4,1.0,0,0,0,1,1,3,2019,4,0,7,40,27,28322.0
5986,5987,3,3,1.0,0,1,0,0,1,5,2019,17,0,19,10,26,9314.0
5987,5988,4,4,1.0,1,0,0,1,9,6,2019,15,10,20,0,4,7060.0
5988,5989,0,0,3.0,1,0,0,1,1,3,2019,11,35,14,0,2,7900.0
5989,5990,1,1,3.0,0,1,0,1,24,6,2019,2,55,4,20,1,5678.0
5990,5991,3,3,1.0,1,0,0,1,24,4,2019,19,35,0,10,4,4860.0
5991,5992,1,1,3.0,0,0,1,1,1,5,2019,5,45,7,15,1,2017.0
5992,5993,3,3,1.0,1,0,0,1,12,6,2019,8,10,13,0,4,5069.0
5993,5994,3,3,1.0,0,0,1,1,9,6,2019,7,10,10,45,27,9397.0
5994,5995,4,4,1.0,1,0,0,1,6,4,2019,10,35,15,35,5,5073.0
5995,5996,3,3,0.0,0,0,0,1,24,3,2019,5,55,23,15,17,15145.0
5996,5997,4,4,1.0,0,0,1,1,24,6,2019,9,15,19,15,10,8099.0
5997,5998,2,2,1.0,0,0,0,1,6,3,2019,11,50,19,50,8,14594.0
5998,5999,4,4,3.0,1,0,0,1,27,3,2019,14,30,17,35,3,4729.0
5999,6000,3,3,3.0,1,0,0,1,21,5,2019,22,15,0,50,2,4804.0
6000,6001,4,4,2.0,0,1,0,0,27,5,2019,11,40,19,0,7,19644.0
6001,6002,4,4,2.0,0,0,0,1,27,3,2019,19,45,19,15,23,8656.0
6002,6003,4,4,2.0,0,1,0,1,9,6,2019,9,40,12,35,26,13014.0
6003,6004,4,4,1.0,1,0,0,1,27,3,2019,6,40,16,10,9,6442.0
6004,6005,4,4,1.0,0,1,0,0,9,5,2019,13,0,12,35,23,12373.0
6005,6006,3,3,1.0,0,1,0,0,6,6,2019,9,35,14,25,28,10539.0
6006,6007,3,3,1.0,0,1,0,0,21,5,2019,20,0,9,20,13,10844.0
6007,6008,3,3,1.0,0,0,1,1,6,6,2019,17,0,9,5,16,8452.0
6008,6009,4,4,1.0,1,0,0,1,18,5,2019,8,35,22,30,13,7144.0
6009,6010,2,2,3.0,0,0,1,1,9,3,2019,20,30,23,20,2,5126.0
6010,6011,4,4,1.0,0,0,1,1,12,6,2019,19,0,1,30,6,6795.0
6011,6012,3,3,1.0,0,1,0,0,12,5,2019,21,10,10,5,12,8586.0
6012,6013,3,3,3.0,0,0,1,0,18,5,2019,9,0,11,25,2,4439.0
6013,6014,2,2,3.0,0,0,1,0,15,3,2019,9,35,12,30,2,6205.0
6014,6015,2,2,3.0,1,0,0,1,6,5,2019,0,30,3,25,2,4284.0
6015,6016,3,3,1.0,0,1,0,1,6,6,2019,16,30,23,35,7,14571.0
6016,6017,3,3,3.0,0,0,1,1,6,4,2019,19,55,22,25,2,3807.0
6017,6018,3,3,3.0,0,0,1,1,6,3,2019,6,55,9,35,2,3850.0
6018,6019,3,3,1.0,0,0,1,1,18,5,2019,11,35,18,50,7,8479.0
6019,6020,4,4,1.0,0,0,1,1,18,5,2019,9,0,21,0,12,8073.0
6020,6021,2,2,3.0,1,0,0,1,1,6,2019,13,0,15,50,2,3943.0
6021,6022,0,0,3.0,1,0,0,1,9,5,2019,11,35,14,0,2,4332.0
6022,6023,3,3,3.0,0,0,1,1,27,4,2019,17,10,19,40,2,4174.0
6023,6024,2,2,1.0,0,0,0,0,1,3,2019,11,50,8,55,21,14594.0
6024,6025,4,4,2.0,0,1,0,0,3,6,2019,5,30,19,0,13,11507.0
6025,6026,4,4,1.0,0,0,1,0,15,6,2019,7,10,22,30,15,6093.0
6026,6027,2,2,3.0,1,0,0,1,24,3,2019,18,25,21,20,2,8033.0
6027,6028,2,2,3.0,1,0,0,1,27,6,2019,16,55,19,55,3,4823.0
6028,6029,4,4,2.0,0,1,0,1,3,6,2019,21,25,12,35,15,13292.0
6029,6030,4,4,1.0,0,0,1,1,15,6,2019,11,40,19,15,7,9526.0
6030,6031,3,3,3.0,0,0,1,0,21,3,2019,22,20,0,40,2,3815.0
6031,6032,0,0,3.0,1,0,0,1,27,6,2019,13,15,15,35,2,3597.0
6032,6033,4,4,2.0,0,1,0,1,15,6,2019,14,35,4,25,13,13376.0
6033,6034,1,1,3.0,0,0,1,1,9,5,2019,5,45,7,15,1,2017.0
6034,6035,3,3,2.0,0,0,0,1,24,3,2019,9,25,1,20,15,11853.0
6035,6036,4,4,1.0,0,1,0,0,12,6,2019,13,0,19,0,6,10262.0
6036,6037,0,0,3.0,0,0,1,1,24,3,2019,9,30,12,5,2,3859.0
6037,6038,3,3,2.0,0,0,0,1,9,6,2019,7,0,5,25,22,12744.0
6038,6039,4,4,2.0,0,0,1,1,1,6,2019,17,50,1,30,7,18485.0
6039,6040,3,3,2.0,0,0,0,1,6,5,2019,9,50,8,55,23,13227.0
6040,6041,0,0,3.0,1,0,0,1,21,6,2019,19,35,21,55,2,3597.0
6041,6042,3,3,3.0,1,0,0,1,12,5,2019,15,15,17,45,2,4804.0
6042,6043,2,2,3.0,1,0,0,1,15,6,2019,6,5,8,50,2,4423.0
6043,6044,4,4,1.0,0,1,0,0,9,6,2019,15,0,12,35,21,10262.0
6044,6045,0,0,3.0,0,0,1,0,6,5,2019,9,45,12,0,2,3543.0
6045,6046,3,3,3.0,1,0,0,1,12,4,2019,21,25,0,5,2,4174.0
6046,6047,4,4,1.0,0,0,1,1,9,3,2019,16,35,22,50,6,7084.0
6047,6048,3,3,2.0,0,0,0,1,15,5,2019,9,50,8,55,23,14960.0
6048,6049,3,3,1.0,0,1,0,1,24,3,2019,6,30,16,20,9,13339.0
6049,6050,2,2,3.0,0,1,0,1,12,4,2019,8,20,11,20,3,7229.0
6050,6051,4,4,1.0,1,0,0,1,18,5,2019,5,5,16,10,11,6818.0
6051,6052,4,4,2.0,0,1,0,1,6,6,2019,6,45,4,25,21,13376.0
6052,6053,4,4,1.0,1,0,0,1,9,6,2019,15,0,1,30,10,6316.0
6053,6054,4,4,3.0,0,0,0,1,18,6,2019,18,5,21,10,3,5201.0
6054,6055,4,4,1.0,1,0,0,1,18,5,2019,23,30,4,35,5,10958.0
6055,6056,0,0,3.0,1,0,0,1,21,6,2019,11,35,14,0,2,3858.0
6056,6057,4,4,1.0,0,1,0,0,9,6,2019,13,0,19,0,6,10262.0
6057,6058,3,3,1.0,0,0,0,1,24,5,2019,9,10,13,15,4,8996.0
6058,6059,4,4,2.0,0,1,0,0,27,3,2019,5,10,19,45,38,8098.0
6059,6060,0,0,3.0,0,0,1,0,1,5,2019,8,20,10,35,2,3543.0
6060,6061,4,4,1.0,0,0,1,1,24,5,2019,7,30,19,0,11,10529.0
6061,6062,4,4,1.0,0,1,0,0,21,3,2019,2,15,18,50,16,7438.0
6062,6063,4,4,1.0,0,1,0,0,9,5,2019,14,0,4,25,14,12373.0
6063,6064,2,2,3.0,1,0,0,1,27,5,2019,7,10,10,5,2,4823.0
6064,6065,2,2,3.0,0,1,0,0,21,6,2019,8,20,11,20,3,5769.0
6065,6066,4,4,1.0,0,0,1,1,21,3,2019,7,0,13,20,6,9042.0
6066,6067,4,4,1.0,0,0,0,1,6,4,2019,17,20,9,25,16,4697.0
6067,6068,3,3,1.0,0,1,0,0,9,5,2019,14,5,19,50,5,10844.0
6068,6069,2,2,3.0,0,0,1,1,9,6,2019,4,55,7,45,2,8420.0
6069,6070,4,4,1.0,0,0,1,0,6,3,2019,7,10,16,10,9,7563.0
6070,6071,4,4,1.0,0,0,0,1,15,5,2019,20,40,9,25,12,7480.0
6071,6072,2,2,3.0,0,1,0,0,6,5,2019,11,10,14,5,2,4030.0
6072,6073,4,4,1.0,0,0,1,1,12,6,2019,7,10,22,30,15,6513.0
6073,6074,3,3,1.0,0,1,0,1,9,6,2019,10,20,17,35,7,8355.0
6074,6075,4,4,2.0,0,0,1,1,21,5,2019,15,5,1,30,10,16655.0
6075,6076,3,3,1.0,0,1,0,0,18,5,2019,5,45,18,15,12,10844.0
6076,6077,3,3,3.0,0,0,1,1,21,6,2019,17,10,19,40,2,3873.0
6077,6078,3,3,3.0,1,0,0,1,9,6,2019,15,15,17,45,2,5224.0
6078,6079,3,3,1.0,0,1,0,0,15,5,2019,16,30,12,0,19,10844.0
6079,6080,3,3,3.0,1,0,0,1,3,3,2019,5,30,8,20,2,4778.0
6080,6081,4,4,1.0,0,1,0,1,9,3,2019,20,50,18,50,22,16289.0
6081,6082,4,4,3.0,0,0,0,1,18,3,2019,5,10,8,0,2,5674.0
6082,6083,1,1,2.0,0,0,0,1,12,3,2019,6,0,11,55,29,12854.0
6083,6084,2,2,1.0,0,0,0,1,9,3,2019,22,0,11,5,13,8425.0
6084,6085,4,4,2.0,0,1,0,0,21,3,2019,5,30,18,50,37,9328.0
6085,6086,4,4,1.0,0,0,1,1,3,3,2019,2,15,15,30,13,17057.0
6086,6087,2,2,3.0,0,1,0,1,3,5,2019,19,50,22,50,3,7229.0
6087,6088,4,4,1.0,1,0,0,1,3,3,2019,11,30,21,0,9,14871.0
6088,6089,4,4,2.0,0,1,0,1,27,6,2019,12,15,19,0,30,14300.0
6089,6090,3,3,1.0,0,1,0,0,12,6,2019,21,10,9,20,12,8529.0
6090,6091,4,4,1.0,0,0,1,1,9,6,2019,4,55,19,0,14,10877.0
6091,6092,3,3,1.0,1,0,0,1,21,5,2019,17,35,22,15,4,5386.0
6092,6093,4,4,1.0,0,0,1,1,27,3,2019,10,45,18,50,8,11622.0
6093,6094,4,4,1.0,0,0,1,1,27,5,2019,3,50,19,0,15,10197.0
6094,6095,4,4,1.0,0,0,1,1,21,5,2019,16,45,22,30,5,8028.0
6095,6096,1,1,3.0,1,0,0,1,1,6,2019,12,0,13,30,1,2754.0
6096,6097,2,2,1.0,0,0,0,1,3,3,2019,8,15,21,25,13,6781.0
6097,6098,3,3,3.0,0,0,1,0,21,5,2019,17,10,19,40,2,3841.0
6098,6099,4,4,1.0,0,0,1,1,6,6,2019,10,20,19,15,8,8266.0
6099,6100,2,2,3.0,1,0,0,1,24,3,2019,7,10,10,5,2,6144.0
6100,6101,2,2,3.0,0,1,0,0,24,4,2019,11,10,14,5,2,4544.0
6101,6102,4,4,2.0,0,1,0,1,3,6,2019,5,30,12,35,7,14441.0
6102,6103,1,1,3.0,0,0,0,1,12,6,2019,21,5,22,25,1,3100.0
6103,6104,3,3,1.0,0,1,0,1,18,5,2019,20,25,14,25,18,13067.0
6104,6105,3,3,1.0,0,1,0,0,12,6,2019,18,55,23,35,28,8529.0
6105,6106,4,4,1.0,1,0,0,1,15,5,2019,8,35,16,10,7,6442.0
6106,6107,4,4,1.0,0,0,1,1,27,6,2019,10,20,21,0,10,6480.0
6107,6108,2,2,1.0,0,0,0,1,3,3,2019,10,30,11,20,24,11003.0
6108,6109,2,2,3.0,0,0,1,1,12,6,2019,21,0,23,50,2,4668.0
6109,6110,3,3,1.0,0,1,0,1,9,5,2019,6,30,4,40,22,13941.0
6110,6111,3,3,1.0,0,0,1,1,12,5,2019,7,10,18,50,11,8820.0
6111,6112,4,4,1.0,0,0,0,1,9,3,2019,17,45,23,0,5,9064.0
6112,6113,3,3,1.0,0,1,0,0,6,6,2019,8,25,19,50,11,10844.0
6113,6114,4,4,2.0,0,1,0,1,18,5,2019,5,30,19,0,13,15129.0
6114,6115,4,4,1.0,0,0,1,1,9,5,2019,7,10,16,10,9,6513.0
6115,6116,3,3,1.0,0,1,0,1,9,6,2019,17,0,23,35,6,14676.0
6116,6117,2,2,3.0,1,0,0,1,18,5,2019,7,10,10,5,2,4823.0
6117,6118,3,3,3.0,1,0,0,1,12,4,2019,15,15,17,45,2,4174.0
6118,6119,4,4,2.0,0,1,0,1,9,3,2019,15,55,4,25,12,19172.0
6119,6120,2,2,3.0,0,0,1,1,12,4,2019,5,55,8,35,2,4423.0
6120,6121,3,3,3.0,0,0,1,1,12,6,2019,6,55,9,30,2,3873.0
6121,6122,4,4,1.0,1,0,0,1,3,6,2019,21,50,3,35,5,7189.0
6122,6123,3,3,1.0,0,1,0,1,6,6,2019,6,30,4,40,22,13731.0
6123,6124,3,3,1.0,0,1,0,1,12,5,2019,9,35,10,55,25,14151.0
6124,6125,0,0,3.0,0,0,0,1,21,5,2019,11,40,13,55,2,4667.0
6125,6126,4,4,2.0,0,1,0,0,21,3,2019,19,10,4,25,33,8834.0
6126,6127,3,3,1.0,0,1,0,1,1,5,2019,20,25,19,10,22,11467.0
6127,6128,1,1,1.0,0,0,1,1,6,3,2019,8,45,16,45,8,12395.0
6128,6129,4,4,1.0,0,0,1,1,21,5,2019,17,15,0,55,7,7858.0
6129,6130,3,3,3.0,1,0,0,1,24,5,2019,20,20,22,55,2,4804.0
6130,6131,3,3,1.0,0,1,0,0,9,6,2019,20,25,9,45,13,13469.0
6131,6132,4,4,3.0,1,0,0,1,6,3,2019,14,30,17,35,3,7673.0
6132,6133,3,3,1.0,0,1,0,1,9,6,2019,17,0,18,0,25,14151.0
6133,6134,4,4,1.0,0,1,0,0,24,6,2019,15,0,12,35,21,10262.0
6134,6135,4,4,2.0,0,1,0,1,24,6,2019,9,40,12,35,26,13014.0
6135,6136,4,4,1.0,0,1,0,0,9,5,2019,13,0,19,0,6,12373.0
6136,6137,4,4,1.0,0,1,0,0,18,5,2019,10,0,19,0,9,11399.0
6137,6138,2,2,3.0,0,0,1,1,6,5,2019,9,30,12,20,2,3971.0
6138,6139,4,4,1.0,0,0,1,0,27,6,2019,6,0,21,0,15,6007.0
6139,6140,2,2,1.0,0,0,0,1,15,3,2019,10,30,22,55,12,6383.0
6140,6141,2,2,3.0,1,0,0,1,12,5,2019,8,30,11,20,2,5740.0
6141,6142,1,1,3.0,0,0,1,0,15,6,2019,13,15,14,45,1,1965.0
6142,6143,4,4,2.0,0,0,1,0,21,3,2019,7,10,21,20,14,5935.0
6143,6144,3,3,3.0,1,0,0,1,6,4,2019,9,35,12,20,2,4174.0
6144,6145,4,4,1.0,1,0,0,1,21,3,2019,4,45,13,20,8,7738.0
6145,6146,4,4,2.0,0,0,0,1,24,5,2019,22,0,19,15,21,10441.0
6146,6147,1,1,3.0,0,0,0,1,15,3,2019,21,5,22,25,1,3100.0
6147,6148,4,4,1.0,0,1,0,1,6,6,2019,17,30,19,0,25,14714.0
6148,6149,3,3,1.0,0,0,1,1,9,6,2019,17,0,18,50,25,9135.0
6149,6150,3,3,1.0,0,0,0,1,1,4,2019,16,50,18,30,25,7893.0
6150,6151,3,3,1.0,0,1,0,1,6,5,2019,17,0,23,35,6,12121.0
6151,6152,4,4,3.0,0,0,0,1,9,6,2019,14,10,17,10,3,6094.0
6152,6153,2,2,3.0,1,0,0,1,9,6,2019,10,10,13,0,2,4423.0
6153,6154,2,2,1.0,0,1,0,0,21,3,2019,20,35,7,40,11,7832.0
6154,6155,2,2,3.0,0,0,1,1,3,4,2019,11,30,14,20,2,5403.0
6155,6156,3,3,3.0,0,0,1,0,1,4,2019,9,0,11,25,2,3841.0
6156,6157,4,4,2.0,0,1,0,1,21,3,2019,10,45,4,25,17,11093.0
6157,6158,2,2,3.0,0,1,0,1,24,4,2019,19,50,22,50,3,7229.0
6158,6159,2,2,3.0,1,0,0,1,27,5,2019,16,55,19,55,3,4823.0
6159,6160,3,3,1.0,0,1,0,1,1,5,2019,9,35,19,10,9,11467.0
6160,6161,3,3,1.0,1,0,0,1,1,5,2019,7,10,12,40,5,6111.0
6161,6162,3,3,1.0,0,1,0,0,9,5,2019,17,0,10,55,17,8066.0
6162,6163,4,4,1.0,1,0,0,1,27,3,2019,4,45,21,0,16,7258.0
6163,6164,4,4,3.0,0,0,0,1,27,3,2019,5,10,8,0,2,4729.0
6164,6165,4,4,1.0,0,0,1,1,6,3,2019,9,10,18,50,9,15135.0
6165,6166,3,3,2.0,0,0,0,1,24,5,2019,9,25,1,20,15,12718.0
6166,6167,1,1,3.0,0,1,0,1,18,6,2019,2,55,4,20,1,5678.0
6167,6168,4,4,1.0,1,0,0,1,24,6,2019,6,50,12,10,5,5298.0
6168,6169,2,2,1.0,0,1,0,1,6,3,2019,11,40,0,45,13,14815.0
6169,6170,4,4,2.0,0,1,0,1,24,6,2019,5,30,4,25,22,13014.0
6170,6171,3,3,3.0,0,0,1,1,18,5,2019,9,0,11,25,2,4491.0
6171,6172,4,4,1.0,0,0,1,1,27,3,2019,10,20,18,50,8,11421.0
6172,6173,2,2,1.0,0,1,0,1,18,3,2019,8,0,7,40,23,12284.0
6173,6174,2,2,3.0,0,1,0,1,12,5,2019,6,0,8,45,2,7229.0
6174,6175,2,2,3.0,1,0,0,1,15,4,2019,7,10,10,5,2,4823.0
6175,6176,4,4,1.0,0,1,0,0,27,6,2019,20,55,4,25,7,12898.0
6176,6177,4,4,1.0,0,0,1,1,27,6,2019,7,5,21,0,13,13587.0
6177,6178,4,4,1.0,0,1,0,0,18,5,2019,9,0,4,25,19,12373.0
6178,6179,4,4,1.0,0,0,1,0,21,3,2019,7,10,22,20,15,5999.0
6179,6180,3,3,2.0,0,0,0,1,18,5,2019,8,20,18,30,10,10907.0
6180,6181,3,3,1.0,0,1,0,1,6,6,2019,9,35,21,5,11,14151.0
6181,6182,2,2,3.0,1,0,0,1,12,5,2019,23,30,2,20,2,4591.0
6182,6183,2,2,1.0,0,1,0,1,6,3,2019,14,5,20,20,6,19225.0
6183,6184,3,3,1.0,0,1,0,0,6,5,2019,14,5,12,0,21,9663.0
6184,6185,3,3,1.0,0,1,0,0,1,5,2019,6,30,18,15,11,10844.0
6185,6186,4,4,1.0,0,0,1,1,9,5,2019,13,0,21,0,8,13727.0
6186,6187,3,3,1.0,0,1,0,1,18,5,2019,9,35,21,5,11,14151.0
6187,6188,4,4,1.0,0,1,0,0,27,6,2019,18,15,12,35,18,10262.0
6188,6189,3,3,3.0,0,0,1,1,12,6,2019,9,0,11,25,2,3873.0
6189,6190,4,4,2.0,0,1,0,1,24,6,2019,19,30,4,25,8,13014.0
6190,6191,3,3,3.0,0,0,0,1,21,6,2019,14,15,16,45,2,5510.0
6191,6192,4,4,2.0,0,1,0,1,9,3,2019,10,45,4,25,17,17282.0
6192,6193,4,4,2.0,0,0,1,1,27,3,2019,9,45,21,20,11,6653.0
6193,6194,4,4,1.0,1,0,0,1,3,3,2019,9,55,15,10,5,12214.0
6194,6195,1,1,3.0,0,0,0,1,1,5,2019,13,55,15,25,1,3625.0
6195,6196,2,2,3.0,1,0,0,1,3,3,2019,8,30,11,30,3,6860.0
6196,6197,4,4,1.0,0,0,1,1,24,6,2019,10,35,19,35,9,3876.0
6197,6198,2,2,3.0,0,0,1,1,27,4,2019,19,30,22,15,2,5613.0
6198,6199,4,4,2.0,0,0,0,1,27,3,2019,5,55,7,40,25,8971.0
6199,6200,2,2,3.0,0,1,0,0,21,5,2019,19,50,22,50,3,4030.0
6200,6201,4,4,1.0,1,0,0,1,27,3,2019,15,0,1,35,10,8075.0
6201,6202,4,4,1.0,0,0,1,1,15,6,2019,6,0,21,0,15,7005.0
6202,6203,3,3,3.0,1,0,0,1,6,3,2019,22,10,0,55,2,4778.0
6203,6204,0,0,3.0,0,0,1,1,9,5,2019,7,5,9,20,2,3687.0
6204,6205,4,4,1.0,0,1,0,0,9,6,2019,11,30,4,25,16,10262.0
6205,6206,4,4,2.0,0,0,0,1,3,3,2019,5,55,7,40,25,15113.0
6206,6207,4,4,1.0,1,0,0,1,6,5,2019,10,35,1,30,14,6979.0
6207,6208,4,4,1.0,0,0,1,1,21,3,2019,7,5,16,10,9,6717.0
6208,6209,2,2,1.0,0,1,0,1,6,3,2019,8,55,23,0,14,16736.0
6209,6210,2,2,1.0,0,0,0,1,15,3,2019,11,50,19,50,8,7192.0
6210,6211,3,3,1.0,1,0,0,1,15,4,2019,6,20,10,30,4,4226.0
6211,6212,4,4,1.0,0,0,1,1,21,5,2019,8,30,19,0,10,9627.0
6212,6213,4,4,1.0,0,1,0,0,3,4,2019,2,15,19,0,16,4757.0
6213,6214,3,3,1.0,0,1,0,1,24,5,2019,14,5,22,35,8,14571.0
6214,6215,3,3,1.0,0,0,1,1,1,4,2019,6,50,10,30,3,5162.0
6215,6216,3,3,1.0,0,1,0,0,18,5,2019,16,30,16,20,23,10844.0
6216,6217,3,3,3.0,0,0,1,0,21,3,2019,9,0,11,30,2,3815.0
6217,6218,2,2,1.0,0,1,0,1,6,3,2019,11,40,9,30,21,17261.0
6218,6219,2,2,1.0,0,1,0,1,6,3,2019,21,25,7,40,10,16736.0
6219,6220,3,3,3.0,0,0,1,0,21,6,2019,9,0,11,25,2,3841.0
6220,6221,3,3,1.0,0,1,0,0,24,5,2019,14,5,20,45,6,10844.0
6221,6222,4,4,1.0,1,0,0,1,21,3,2019,10,45,21,0,10,6838.0
6222,6223,3,3,1.0,0,0,0,1,12,5,2019,12,0,13,15,25,6612.0
6223,6224,2,2,3.0,0,0,0,1,9,3,2019,13,20,16,10,2,8851.0
6224,6225,1,1,1.0,0,0,1,1,6,3,2019,8,45,19,55,11,12395.0
6225,6226,2,2,3.0,0,0,1,1,24,6,2019,4,55,7,45,2,4282.0
6226,6227,3,3,1.0,0,1,0,1,21,5,2019,20,0,9,20,13,14781.0
6227,6228,4,4,1.0,0,0,1,1,12,6,2019,9,45,22,30,12,9646.0
6228,6229,4,4,1.0,1,0,0,1,27,5,2019,15,0,1,30,10,6628.0
6229,6230,2,2,3.0,0,0,1,1,18,6,2019,7,0,9,40,2,4668.0
6230,6231,4,4,1.0,0,0,1,1,6,3,2019,18,0,1,35,7,16863.0
6231,6232,4,4,1.0,0,0,1,1,9,6,2019,7,0,19,0,12,12192.0
6232,6233,4,4,1.0,0,1,0,1,21,3,2019,2,15,4,25,26,12719.0
6233,6234,4,4,1.0,0,1,0,0,21,5,2019,21,50,12,35,14,12898.0
6234,6235,4,4,1.0,0,1,0,0,3,6,2019,19,45,19,0,23,10262.0
6235,6236,3,3,1.0,0,0,1,1,24,5,2019,15,55,21,25,5,7804.0
6236,6237,3,3,3.0,1,0,0,1,18,4,2019,4,40,7,15,2,4174.0
6237,6238,1,1,3.0,1,0,0,1,27,6,2019,20,5,21,40,1,2227.0
6238,6239,2,2,1.0,0,1,0,0,18,3,2019,22,50,9,0,10,11087.0
6239,6240,4,4,1.0,0,0,1,1,21,3,2019,8,0,18,50,10,11667.0
6240,6241,4,4,3.0,0,0,0,1,6,3,2019,18,5,21,10,3,7931.0
6241,6242,0,0,3.0,1,0,0,1,12,6,2019,22,5,0,25,2,5277.0
6242,6243,3,3,1.0,0,1,0,1,12,6,2019,6,30,18,15,11,13626.0
6243,6244,4,4,1.0,0,1,0,0,18,5,2019,18,15,4,25,10,12373.0
6244,6245,3,3,1.0,0,1,0,0,24,3,2019,6,30,18,10,11,10031.0
6245,6246,3,3,1.0,0,1,0,0,12,5,2019,16,30,20,45,28,10844.0
6246,6247,4,4,1.0,0,0,1,1,9,5,2019,10,35,19,35,9,6591.0
6247,6248,4,4,1.0,0,1,0,0,1,4,2019,18,15,19,0,24,5406.0
6248,6249,3,3,1.0,0,1,0,0,15,5,2019,21,10,16,20,19,10844.0
6249,6250,1,1,3.0,0,0,1,1,27,5,2019,22,45,0,15,1,2017.0
6250,6251,4,4,1.0,0,1,0,0,9,5,2019,10,0,12,35,26,12373.0
6251,6252,4,4,1.0,0,0,0,1,6,6,2019,7,0,19,15,12,8669.0
6252,6253,4,4,1.0,0,0,1,1,27,3,2019,7,55,15,45,7,6151.0
6253,6254,4,4,1.0,0,0,1,1,18,5,2019,9,45,22,30,12,10348.0
6254,6255,2,2,3.0,0,1,0,1,24,3,2019,19,55,22,35,2,8016.0
6255,6256,2,2,3.0,1,0,0,1,12,6,2019,8,30,11,20,2,4823.0
6256,6257,3,3,3.0,0,0,0,1,21,5,2019,14,15,16,45,2,5510.0
6257,6258,1,1,3.0,0,0,0,1,18,3,2019,6,20,7,40,1,3100.0
6258,6259,4,4,1.0,0,1,0,0,27,6,2019,18,15,19,0,24,10262.0
6259,6260,4,4,1.0,0,1,0,1,1,6,2019,11,30,19,0,7,14714.0
6260,6261,4,4,1.0,0,1,0,0,15,6,2019,10,0,19,0,9,10262.0
6261,6262,2,2,3.0,0,0,0,1,18,6,2019,17,0,19,50,2,6961.0
6262,6263,4,4,1.0,1,0,0,1,27,5,2019,17,30,1,30,8,6206.0
6263,6264,2,2,2.0,0,0,0,1,15,3,2019,8,15,22,55,14,7904.0
6264,6265,4,4,2.0,0,1,0,1,27,6,2019,19,10,12,35,17,12819.0
6265,6266,4,4,1.0,0,1,0,0,15,6,2019,21,50,12,35,14,10262.0
6266,6267,2,2,3.0,1,0,0,1,21,4,2019,1,30,4,15,2,4591.0
6267,6268,4,4,2.0,0,1,0,0,24,6,2019,9,40,12,35,26,10368.0
6268,6269,4,4,1.0,0,0,1,0,9,5,2019,7,5,19,15,12,11142.0
6269,6270,4,4,3.0,0,0,0,1,6,4,2019,5,10,8,0,2,4729.0
6270,6271,4,4,1.0,0,0,1,1,9,5,2019,13,0,1,30,12,9424.0
6271,6272,4,4,1.0,0,0,1,0,6,3,2019,9,0,15,30,6,15136.0
6272,6273,4,4,2.0,0,0,0,1,18,5,2019,17,15,7,40,14,12199.0
6273,6274,4,4,1.0,0,1,0,0,12,6,2019,11,30,4,25,16,10262.0
6274,6275,4,4,3.0,1,0,0,1,3,4,2019,14,20,17,35,3,4729.0
6275,6276,3,3,3.0,0,0,1,0,9,6,2019,17,10,19,40,2,3841.0
6276,6277,3,3,1.0,0,1,0,1,18,5,2019,18,55,9,20,14,14388.0
6277,6278,1,1,3.0,1,0,0,1,27,6,2019,2,35,4,5,1,2754.0
6278,6279,2,2,2.0,0,0,0,1,3,3,2019,8,50,10,35,25,12358.0
6279,6280,3,3,2.0,0,0,0,1,15,5,2019,9,10,4,40,19,6117.0
6280,6281,4,4,2.0,0,1,0,1,24,5,2019,5,30,4,25,22,15129.0
6281,6282,3,3,1.0,0,1,0,1,15,5,2019,21,10,8,15,11,14388.0
6282,6283,4,4,1.0,0,0,0,1,24,6,2019,12,30,9,25,20,7480.0
6283,6284,4,4,1.0,0,0,1,0,27,6,2019,6,0,12,35,6,10791.0
6284,6285,4,4,1.0,0,1,0,1,27,3,2019,7,5,4,25,21,12452.0
6285,6286,3,3,1.0,1,0,0,1,21,5,2019,19,55,23,50,3,4226.0
6286,6287,2,2,3.0,0,0,1,1,15,4,2019,21,0,23,50,2,5403.0
6287,6288,4,4,1.0,0,0,1,1,1,6,2019,9,45,22,30,12,9646.0
6288,6289,2,2,3.0,0,0,1,1,3,6,2019,4,55,7,45,2,4282.0
6289,6290,4,4,1.0,0,0,1,1,27,3,2019,8,55,15,30,6,7845.0
6290,6291,0,0,3.0,1,0,0,1,21,3,2019,19,35,21,55,2,3384.0
6291,6292,2,2,3.0,1,0,0,1,6,5,2019,18,55,21,50,2,4823.0
6292,6293,0,0,3.0,1,0,0,1,15,6,2019,19,35,21,55,2,3597.0
6293,6294,4,4,1.0,0,0,1,1,15,6,2019,9,0,21,0,12,13587.0
6294,6295,4,4,1.0,0,0,1,1,3,3,2019,16,45,7,10,14,13474.0
6295,6296,0,0,3.0,1,0,0,1,21,3,2019,13,20,15,35,2,3384.0
6296,6297,4,4,2.0,0,1,0,1,27,5,2019,5,30,19,0,13,15129.0
6297,6298,3,3,1.0,0,1,0,0,21,5,2019,6,30,8,15,25,8586.0
6298,6299,2,2,3.0,1,0,0,1,9,6,2019,23,30,2,20,2,4591.0
6299,6300,4,4,2.0,0,1,0,1,27,6,2019,11,45,12,35,24,13882.0
6300,6301,4,4,1.0,0,0,1,1,3,3,2019,13,0,1,35,12,18286.0
6301,6302,3,3,1.0,0,0,1,1,15,5,2019,7,35,19,25,11,5192.0
6302,6303,4,4,2.0,0,1,0,0,27,6,2019,9,40,12,35,26,11118.0
6303,6304,4,4,1.0,1,0,0,1,3,3,2019,6,40,15,30,8,14871.0
6304,6305,3,3,2.0,0,0,0,1,24,5,2019,10,0,5,25,19,15107.0
6305,6306,4,4,1.0,0,0,0,1,12,6,2019,7,0,19,15,12,8669.0
6306,6307,3,3,1.0,0,0,1,1,1,4,2019,16,40,0,15,7,5171.0
6307,6308,3,3,1.0,0,1,0,0,12,6,2019,16,30,12,0,19,8529.0
6308,6309,4,4,1.0,0,1,0,0,27,3,2019,23,5,4,25,5,7438.0
6309,6310,4,4,1.0,1,0,0,1,9,6,2019,17,10,1,30,8,6206.0
6310,6311,2,2,3.0,0,0,0,1,9,6,2019,17,0,19,45,2,7171.0
6311,6312,3,3,1.0,0,1,0,1,9,6,2019,9,35,14,25,28,14151.0
6312,6313,3,3,1.0,0,1,0,1,9,6,2019,18,55,8,15,13,14939.0
6313,6314,2,2,1.0,0,1,0,1,1,3,2019,11,40,11,25,23,25735.0
6314,6315,4,4,2.0,0,1,0,1,12,6,2019,9,25,4,25,19,13882.0
6315,6316,3,3,1.0,0,0,1,1,18,5,2019,20,20,18,50,22,9555.0
6316,6317,3,3,3.0,1,0,0,1,27,4,2019,20,20,22,55,2,4804.0
6317,6318,0,0,3.0,0,0,1,1,15,3,2019,7,5,9,20,2,6627.0
6318,6319,3,3,1.0,0,1,0,0,12,5,2019,6,30,12,0,5,8586.0
6319,6320,3,3,3.0,1,0,0,1,9,5,2019,22,15,0,50,2,4804.0
6320,6321,2,2,2.0,0,0,0,1,1,3,2019,8,50,23,55,39,17135.0
6321,6322,4,4,1.0,0,1,0,1,9,5,2019,10,0,19,0,9,15554.0
6322,6323,4,4,1.0,1,0,0,1,27,5,2019,8,30,21,0,12,6838.0
6323,6324,4,4,1.0,1,0,0,1,3,3,2019,7,35,12,0,4,8258.0
6324,6325,4,4,1.0,0,0,1,1,6,3,2019,10,25,19,20,8,8213.0
6325,6326,4,4,1.0,0,0,1,1,6,6,2019,7,0,19,0,12,12192.0
6326,6327,4,4,1.0,0,0,1,1,3,6,2019,10,0,19,15,9,14848.0
6327,6328,3,3,3.0,1,0,0,1,21,3,2019,15,10,17,45,2,4148.0
6328,6329,3,3,1.0,0,1,0,0,6,6,2019,20,0,12,0,16,10844.0
6329,6330,3,3,1.0,0,1,0,0,18,5,2019,18,55,22,35,27,10844.0
6330,6331,4,4,1.0,0,0,1,1,24,6,2019,19,0,1,30,6,6795.0
6331,6332,3,3,1.0,0,1,0,1,15,5,2019,16,30,4,40,12,14781.0
6332,6333,4,4,1.0,1,0,0,1,27,6,2019,7,15,12,30,5,6582.0
6333,6334,2,2,3.0,0,0,1,0,24,4,2019,9,30,12,20,2,3919.0
6334,6335,4,4,1.0,0,0,1,1,27,6,2019,9,45,22,30,12,9646.0
6335,6336,2,2,1.0,0,0,1,0,1,3,2019,15,35,23,40,8,7744.0
6336,6337,4,4,2.0,0,1,0,0,6,6,2019,9,40,12,35,26,11733.0
6337,6338,4,4,1.0,0,1,0,0,15,6,2019,9,0,4,25,19,10262.0
6338,6339,2,2,1.0,0,1,0,1,12,3,2019,5,45,12,15,6,17524.0
6339,6340,1,1,3.0,0,0,1,1,9,3,2019,22,45,0,10,1,3603.0
6340,6341,4,4,1.0,0,0,1,1,18,5,2019,7,30,19,15,11,7564.0
6341,6342,4,4,1.0,0,0,1,1,9,6,2019,10,20,21,0,10,7005.0
6342,6343,4,4,1.0,1,0,0,1,3,3,2019,9,10,1,35,16,14871.0
6343,6344,2,2,3.0,0,0,1,1,18,4,2019,4,55,7,45,2,4282.0
6344,6345,4,4,2.0,0,1,0,1,27,5,2019,23,5,12,35,13,15129.0
6345,6346,4,4,1.0,0,0,1,1,24,6,2019,16,45,22,25,5,6752.0
6346,6347,4,4,3.0,0,0,0,1,21,5,2019,14,5,17,55,3,6094.0
6347,6348,1,1,3.0,1,0,0,1,1,5,2019,16,55,18,25,1,3175.0
6348,6349,4,4,1.0,0,0,1,1,27,6,2019,8,45,19,15,10,8266.0
6349,6350,2,2,3.0,0,0,1,1,12,4,2019,20,55,23,40,2,6722.0
6350,6351,3,3,3.0,0,0,1,1,24,6,2019,6,55,9,30,2,3873.0
6351,6352,1,1,3.0,0,0,0,1,3,4,2019,13,55,15,25,1,2575.0
6352,6353,4,4,1.0,0,0,1,1,21,5,2019,6,40,19,15,12,7787.0
6353,6354,4,4,1.0,1,0,0,1,3,3,2019,2,0,7,45,5,9257.0
6354,6355,2,2,3.0,0,1,0,0,12,5,2019,18,55,22,0,3,4030.0
6355,6356,2,2,3.0,0,0,1,1,3,5,2019,21,10,0,5,2,4991.0
6356,6357,4,4,1.0,1,0,0,1,21,3,2019,7,30,13,20,5,9861.0
6357,6358,2,2,1.0,1,0,0,1,15,3,2019,16,50,21,35,4,10406.0
6358,6359,2,2,3.0,0,1,0,0,9,6,2019,15,15,18,10,2,7229.0
6359,6360,4,4,1.0,0,0,1,1,15,5,2019,8,45,21,0,12,7670.0
6360,6361,4,4,2.0,0,1,0,1,24,6,2019,20,0,4,25,8,14300.0
6361,6362,3,3,1.0,0,0,1,1,15,5,2019,7,10,10,45,27,8452.0
6362,6363,3,3,3.0,0,0,1,1,6,4,2019,14,55,17,25,2,3873.0
6363,6364,3,3,1.0,0,0,1,1,9,6,2019,8,35,17,15,8,6853.0
6364,6365,2,2,3.0,0,1,0,1,6,4,2019,11,10,14,5,2,7229.0
6365,6366,2,2,3.0,0,1,0,1,15,4,2019,19,50,22,50,3,7229.0
6366,6367,4,4,1.0,0,1,0,1,3,6,2019,19,15,12,35,17,14714.0
6367,6368,3,3,3.0,1,0,0,1,12,6,2019,17,15,19,50,2,4804.0
6368,6369,3,3,1.0,1,0,0,1,9,5,2019,9,20,14,15,4,11465.0
6369,6370,2,2,3.0,1,0,0,1,21,4,2019,23,30,2,20,2,4591.0
6370,6371,4,4,1.0,1,0,0,1,9,6,2019,9,15,1,30,16,6628.0
6371,6372,4,4,1.0,1,0,0,1,6,3,2019,2,0,7,45,5,8025.0
6372,6373,4,4,1.0,0,0,1,1,12,6,2019,7,55,15,45,7,6152.0
6373,6374,2,2,3.0,1,0,0,1,3,4,2019,10,10,13,0,2,3943.0
6374,6375,3,3,1.0,0,0,1,1,6,6,2019,7,10,10,45,27,9187.0
6375,6376,3,3,1.0,0,0,1,1,21,5,2019,20,20,10,45,14,9187.0
6376,6377,3,3,2.0,0,0,0,1,1,5,2019,10,0,13,45,27,15164.0
6377,6378,4,4,1.0,0,0,1,1,6,3,2019,9,45,16,10,6,10276.0
6378,6379,4,4,1.0,0,0,1,1,1,6,2019,3,50,19,0,15,12192.0
6379,6380,3,3,1.0,0,0,1,1,24,3,2019,19,55,23,30,3,5554.0
6380,6381,4,4,1.0,0,0,0,1,27,3,2019,7,0,19,15,12,6377.0
6381,6382,4,4,1.0,1,0,0,1,21,3,2019,20,30,1,35,5,6232.0
6382,6383,4,4,1.0,1,0,0,1,9,5,2019,5,10,10,5,4,6496.0
6383,6384,2,2,3.0,1,0,0,1,24,6,2019,18,15,21,20,3,4823.0
6384,6385,3,3,1.0,1,0,0,1,6,6,2019,19,35,23,15,3,6116.0
6385,6386,3,3,1.0,0,1,0,0,9,5,2019,20,0,18,15,22,7757.0
6386,6387,4,4,1.0,0,0,1,1,21,5,2019,8,45,19,15,10,8266.0
6387,6388,3,3,3.0,0,0,1,1,21,5,2019,6,55,9,30,2,3873.0
6388,6389,3,3,1.0,0,1,0,0,15,5,2019,21,10,10,5,12,11841.0
6389,6390,3,3,3.0,1,0,0,1,24,5,2019,15,30,18,5,2,4804.0
6390,6391,2,2,3.0,1,0,0,1,1,6,2019,10,10,13,0,2,3943.0
6391,6392,4,4,1.0,0,0,1,1,27,5,2019,11,30,19,15,7,15898.0
6392,6393,3,3,1.0,0,1,0,1,15,5,2019,17,0,21,5,28,14151.0
6393,6394,4,4,1.0,0,1,0,0,9,6,2019,16,0,4,25,12,10577.0
6394,6395,2,2,3.0,0,0,0,1,3,4,2019,6,10,8,55,2,4441.0
6395,6396,4,4,1.0,0,1,0,0,6,4,2019,11,30,12,35,25,5177.0
6396,6397,3,3,3.0,0,0,0,1,1,4,2019,20,45,23,20,2,4460.0
6397,6398,4,4,1.0,0,0,1,1,18,5,2019,8,0,21,0,13,13727.0
6398,6399,4,4,1.0,0,1,0,1,3,6,2019,16,0,12,35,20,14714.0
6399,6400,4,4,2.0,0,1,0,0,6,6,2019,21,25,19,0,21,10588.0
6400,6401,4,4,1.0,0,1,0,0,21,3,2019,9,0,18,50,9,7438.0
6401,6402,4,4,1.0,0,0,0,1,6,3,2019,20,40,9,25,12,12677.0
6402,6403,4,4,1.0,0,1,0,1,6,6,2019,18,15,19,0,24,14714.0
6403,6404,1,1,3.0,1,0,0,1,24,6,2019,12,0,13,30,1,2754.0
6404,6405,4,4,2.0,1,0,0,1,21,3,2019,7,35,21,20,13,6494.0
6405,6406,2,2,1.0,1,0,0,1,15,3,2019,16,15,20,35,4,5607.0
6406,6407,2,2,1.0,0,1,0,1,1,3,2019,22,50,21,20,22,25735.0
6407,6408,2,2,3.0,1,0,0,1,3,5,2019,7,10,10,5,2,4823.0
6408,6409,1,1,3.0,0,0,0,1,21,3,2019,21,5,22,25,1,2050.0
6409,6410,2,2,1.0,0,0,0,1,12,3,2019,8,50,23,15,14,12127.0
6410,6411,4,4,1.0,0,0,1,1,12,6,2019,18,15,1,30,7,13377.0
6411,6412,2,2,3.0,0,1,0,1,6,5,2019,19,50,22,50,3,7229.0
6412,6413,4,4,3.0,0,0,1,1,24,4,2019,6,0,9,10,3,6216.0
6413,6414,4,4,3.0,0,0,0,1,9,6,2019,18,5,21,10,3,8456.0
6414,6415,4,4,2.0,0,1,0,1,18,5,2019,19,10,12,35,17,15129.0
6415,6416,2,2,1.0,0,1,0,1,12,3,2019,16,55,7,40,14,13817.0
6416,6417,4,4,1.0,0,0,1,1,6,5,2019,7,25,13,35,6,6296.0
6417,6418,3,3,3.0,0,0,0,1,21,3,2019,14,15,16,45,2,5170.0
6418,6419,2,2,3.0,0,0,1,0,24,5,2019,21,10,0,5,2,3919.0
6419,6420,2,2,3.0,1,0,0,1,3,4,2019,7,10,10,5,2,4823.0
6420,6421,4,4,1.0,0,1,0,0,24,6,2019,10,0,4,25,18,10262.0
6421,6422,4,4,2.0,0,1,0,1,9,6,2019,14,5,12,35,22,13882.0
6422,6423,4,4,1.0,0,0,1,1,6,6,2019,13,0,21,0,8,13587.0
6423,6424,4,4,1.0,0,1,0,0,9,3,2019,0,20,4,25,28,11848.0
6424,6425,1,1,1.0,0,0,0,1,6,3,2019,10,0,23,45,13,11678.0
6425,6426,2,2,3.0,1,0,0,1,18,5,2019,18,25,21,20,2,4823.0
6426,6427,2,2,3.0,0,0,1,0,15,4,2019,21,10,0,5,2,3919.0
6427,6428,0,0,3.0,0,0,1,1,12,6,2019,17,45,20,5,2,11982.0
6428,6429,3,3,1.0,0,1,0,0,1,5,2019,9,35,18,0,8,10703.0
6429,6430,3,3,1.0,0,1,0,0,18,5,2019,18,55,23,35,28,10844.0
6430,6431,3,3,1.0,0,1,0,0,15,5,2019,18,55,19,50,24,10844.0
6431,6432,1,1,3.0,1,0,0,1,27,6,2019,16,55,18,25,1,3175.0
6432,6433,4,4,1.0,0,0,0,1,1,6,2019,8,0,19,15,11,9929.0
6433,6434,2,2,1.0,0,1,0,1,6,3,2019,14,5,19,10,5,19225.0
6434,6435,1,1,3.0,0,0,1,1,24,5,2019,5,45,7,15,1,2017.0
6435,6436,2,2,1.0,0,1,0,0,21,3,2019,11,40,12,15,24,7832.0
6436,6437,3,3,1.0,0,1,0,0,1,5,2019,6,30,9,20,26,9663.0
6437,6438,4,4,1.0,0,0,1,1,9,6,2019,11,40,21,0,9,7005.0
6438,6439,1,1,3.0,1,0,0,1,12,5,2019,2,35,4,5,1,3175.0
6439,6440,3,3,1.0,0,0,0,1,1,4,2019,14,35,15,20,24,5006.0
6440,6441,4,4,1.0,0,0,1,1,15,6,2019,8,45,19,15,10,9526.0
6441,6442,4,4,2.0,0,1,0,1,6,6,2019,5,30,19,0,13,13292.0
6442,6443,4,4,1.0,1,0,0,1,9,5,2019,21,50,3,35,5,6058.0
6443,6444,4,4,0.0,0,0,0,1,24,6,2019,5,15,7,40,26,10493.0
6444,6445,3,3,1.0,0,1,0,0,9,6,2019,16,30,22,35,6,10844.0
6445,6446,3,3,1.0,0,1,0,1,1,4,2019,9,35,21,5,11,10953.0
6446,6447,3,3,1.0,0,1,0,0,21,5,2019,20,0,12,0,16,10844.0
6447,6448,3,3,1.0,0,1,0,0,6,6,2019,20,25,9,45,13,10539.0
6448,6449,4,4,2.0,0,1,0,1,15,6,2019,5,30,4,25,22,13292.0
6449,6450,4,4,3.0,0,0,1,1,18,5,2019,6,0,9,10,3,6741.0
6450,6451,3,3,1.0,0,1,0,1,6,6,2019,20,0,9,20,13,14571.0
6451,6452,3,3,1.0,0,1,0,1,9,5,2019,8,25,18,15,9,14781.0
6452,6453,1,1,3.0,1,0,0,1,18,5,2019,16,55,18,25,1,3838.0
6453,6454,4,4,3.0,0,0,0,1,18,6,2019,14,5,17,55,3,5201.0
6454,6455,4,4,1.0,0,0,1,1,9,6,2019,7,55,15,45,7,8759.0
6455,6456,4,4,1.0,0,0,1,1,24,4,2019,7,0,12,55,5,6195.0
6456,6457,1,1,3.0,0,0,0,1,15,3,2019,19,30,20,45,1,3100.0
6457,6458,4,4,1.0,0,0,1,1,18,5,2019,17,55,22,50,4,5975.0
6458,6459,3,3,1.0,0,1,0,0,9,6,2019,14,5,23,35,9,10844.0
6459,6460,4,4,1.0,0,1,0,1,27,5,2019,20,55,4,25,7,16079.0
6460,6461,0,0,3.0,0,0,1,0,27,5,2019,8,20,10,35,2,3543.0
6461,6462,3,3,3.0,0,0,1,0,3,5,2019,17,10,19,40,2,3841.0
6462,6463,4,4,1.0,0,1,0,0,15,6,2019,19,15,12,35,17,10262.0
6463,6464,3,3,1.0,0,1,0,1,12,6,2019,9,35,23,35,14,12692.0
6464,6465,0,0,3.0,1,0,0,1,1,6,2019,7,55,10,15,2,3850.0
6465,6466,4,4,1.0,0,1,0,0,18,5,2019,8,0,4,25,20,12373.0
6466,6467,1,1,3.0,0,0,0,1,21,3,2019,13,55,15,25,1,3100.0
6467,6468,2,2,3.0,0,0,1,1,18,5,2019,19,30,22,15,2,4878.0
6468,6469,4,4,2.0,0,1,0,1,9,5,2019,19,10,19,0,23,15129.0
6469,6470,4,4,1.0,0,0,1,1,21,3,2019,8,55,21,0,12,9845.0
6470,6471,2,2,3.0,1,0,0,1,1,5,2019,1,30,4,15,2,4077.0
6471,6472,4,4,1.0,0,0,1,1,21,5,2019,7,30,19,0,11,9315.0
6472,6473,3,3,1.0,0,1,0,1,9,5,2019,14,5,23,35,9,14781.0
6473,6475,2,2,3.0,0,0,0,1,9,3,2019,17,0,19,50,2,9481.0
6474,6476,4,4,2.0,0,1,0,0,27,3,2019,5,10,19,45,38,8938.0
6475,6477,3,3,1.0,0,1,0,1,9,5,2019,6,30,12,0,5,14388.0
6476,6478,4,4,1.0,0,0,0,1,21,3,2019,20,30,23,0,26,5704.0
6477,6479,2,2,3.0,0,0,1,1,9,6,2019,7,45,10,40,2,3898.0
6478,6480,1,1,3.0,0,1,0,1,27,3,2019,2,55,4,25,1,5678.0
6479,6481,4,4,1.0,1,0,0,1,9,3,2019,7,35,12,0,4,6937.0
6480,6482,1,1,3.0,1,0,0,1,21,3,2019,19,5,20,30,1,2754.0
6481,6483,1,1,3.0,0,0,1,0,15,3,2019,22,45,0,10,1,2647.0
6482,6484,3,3,1.0,1,0,0,1,21,5,2019,6,20,10,20,4,4226.0
6483,6485,2,2,3.0,0,0,1,1,18,5,2019,7,45,10,40,2,4239.0
6484,6486,4,4,1.0,1,0,0,1,27,6,2019,23,30,4,35,5,9165.0
6485,6487,2,2,3.0,0,1,0,1,1,3,2019,19,55,22,35,2,18308.0
6486,6488,4,4,1.0,0,0,1,1,21,3,2019,7,5,15,30,8,14486.0
6487,6489,2,2,3.0,0,0,1,1,9,4,2019,4,55,7,45,2,4282.0
6488,6490,4,4,1.0,0,0,1,1,27,6,2019,8,0,21,0,13,13587.0
6489,6491,4,4,1.0,0,0,1,1,3,6,2019,11,30,21,0,9,13587.0
6490,6492,4,4,1.0,0,1,0,0,27,3,2019,8,0,4,25,20,6645.0
6491,6493,2,2,3.0,0,0,1,1,15,4,2019,5,55,8,35,2,4423.0
6492,6494,2,2,2.0,0,0,0,1,18,3,2019,17,25,23,25,30,11518.0
6493,6495,3,3,1.0,0,1,0,1,24,3,2019,13,55,4,45,14,13759.0
6494,6496,2,2,3.0,0,0,1,1,18,6,2019,5,55,8,35,2,3625.0
6495,6497,3,3,3.0,1,0,0,1,15,3,2019,5,30,8,20,2,4148.0
6496,6498,2,2,3.0,0,0,1,1,24,4,2019,17,0,19,35,2,5613.0
6497,6499,3,3,2.0,0,0,0,1,6,5,2019,10,0,10,0,24,14298.0
6498,6500,2,2,1.0,0,1,0,0,21,3,2019,8,0,21,20,13,7832.0
6499,6501,4,4,1.0,1,0,0,1,21,5,2019,8,35,18,10,9,6442.0
6500,6502,1,1,3.0,0,1,0,1,1,4,2019,2,55,4,20,1,5678.0
6501,6503,3,3,1.0,0,1,0,0,1,4,2019,18,55,4,40,9,7064.0
6502,6504,3,3,1.0,0,1,0,1,18,5,2019,17,0,9,45,16,14151.0
6503,6505,2,2,3.0,0,0,1,1,24,6,2019,20,55,23,40,2,3419.0
6504,6506,4,4,1.0,0,1,0,1,9,3,2019,17,25,4,25,11,15554.0
6505,6507,2,2,1.0,0,0,0,1,18,3,2019,0,30,8,45,8,13859.0
6506,6508,3,3,3.0,0,0,1,1,15,3,2019,22,20,0,40,2,3847.0
6507,6509,2,2,1.0,0,0,1,1,9,3,2019,15,50,20,15,4,7657.0
6508,6510,4,4,2.0,0,0,0,1,9,5,2019,7,5,7,40,24,13547.0
6509,6511,2,2,3.0,0,1,0,1,27,5,2019,7,10,10,10,3,7229.0
6510,6512,4,4,2.0,0,1,0,1,15,6,2019,6,45,4,25,21,13376.0
6511,6513,1,1,3.0,1,0,0,1,18,6,2019,20,5,21,40,1,2227.0
6512,6514,2,2,3.0,0,0,1,1,21,6,2019,5,55,8,35,2,3971.0
6513,6515,4,4,1.0,1,0,0,1,27,6,2019,9,15,1,30,16,6628.0
6514,6516,3,3,1.0,0,1,0,1,6,5,2019,21,10,10,5,12,13584.0
6515,6517,3,3,3.0,0,0,1,1,21,3,2019,6,55,9,35,2,4148.0
6516,6518,3,3,1.0,0,1,0,1,9,6,2019,6,30,18,15,11,14571.0
6517,6519,3,3,3.0,0,0,1,0,21,5,2019,22,20,0,40,2,3841.0
6518,6520,2,2,3.0,0,1,0,0,12,4,2019,6,0,8,45,2,5198.0
6519,6521,2,2,3.0,0,0,1,1,24,4,2019,4,55,7,45,2,3383.0
6520,6522,4,4,3.0,0,1,0,0,6,6,2019,11,0,14,15,3,7202.0
6521,6523,4,4,3.0,1,0,0,1,3,4,2019,21,5,0,20,3,5021.0
6522,6524,2,2,3.0,0,0,1,1,3,5,2019,20,55,23,40,2,4239.0
6523,6525,4,4,2.0,0,1,0,1,27,5,2019,19,30,12,35,17,15129.0
6524,6526,2,2,3.0,0,0,1,1,1,3,2019,7,0,9,40,2,21520.0
6525,6527,4,4,3.0,1,0,0,1,3,3,2019,5,35,8,50,3,7673.0
6526,6528,2,2,3.0,1,0,0,1,18,6,2019,20,0,22,50,2,4823.0
6527,6529,4,4,1.0,0,1,0,0,1,6,2019,7,5,19,0,11,15190.0
6528,6530,3,3,1.0,0,1,0,1,18,5,2019,8,25,22,35,14,14781.0
6529,6531,3,3,3.0,1,0,0,1,18,5,2019,15,30,18,5,2,4804.0
6530,6532,4,4,1.0,0,1,0,0,1,6,2019,13,0,12,35,23,10262.0
6531,6533,4,4,1.0,1,0,0,1,15,5,2019,9,15,21,0,11,7503.0
6532,6534,2,2,3.0,0,1,0,1,15,6,2019,11,10,14,5,2,8016.0
6533,6535,1,1,3.0,1,0,0,1,9,6,2019,6,25,7,55,1,4049.0
6534,6536,2,2,1.0,0,0,0,1,3,3,2019,5,50,12,55,7,12389.0
6535,6537,0,0,3.0,0,0,1,1,12,5,2019,17,45,20,5,2,3597.0
6536,6538,4,4,1.0,0,0,1,1,15,5,2019,11,30,1,30,14,13727.0
6537,6539,1,1,3.0,0,1,0,1,1,5,2019,2,55,4,20,1,5678.0
6538,6540,4,4,1.0,0,0,1,1,9,5,2019,10,20,21,0,10,7670.0
6539,6541,3,3,1.0,0,1,0,0,18,5,2019,14,5,23,35,9,10844.0
6540,6542,3,3,1.0,0,1,0,0,1,4,2019,16,30,18,15,25,7064.0
6541,6543,4,4,1.0,0,0,1,1,3,6,2019,9,0,21,0,12,8930.0
6542,6544,2,2,3.0,0,0,1,1,1,4,2019,4,55,7,45,2,4282.0
6543,6545,2,2,3.0,1,0,0,1,21,6,2019,8,30,11,20,2,4823.0
6544,6546,4,4,1.0,0,1,0,0,9,5,2019,7,5,4,25,21,12373.0
6545,6547,2,2,1.0,0,1,0,0,9,3,2019,7,0,20,20,13,11087.0
6546,6548,4,4,1.0,0,1,0,1,3,6,2019,21,50,4,25,6,16079.0
6547,6549,4,4,3.0,1,0,0,1,12,6,2019,5,35,8,50,3,5601.0
6548,6550,1,1,3.0,0,0,1,1,9,6,2019,5,45,7,15,1,2753.0
6549,6551,4,4,1.0,0,1,0,0,27,6,2019,22,50,4,25,5,12898.0
6550,6552,4,4,1.0,0,0,1,1,6,3,2019,13,0,21,0,8,15603.0
6551,6553,3,3,3.0,1,0,0,1,12,4,2019,9,35,12,20,2,4174.0
6552,6554,2,2,3.0,1,0,0,1,24,3,2019,20,0,22,55,2,6144.0
6553,6555,3,3,1.0,0,1,0,1,6,5,2019,8,25,18,15,9,14781.0
6554,6556,4,4,1.0,1,0,0,1,15,6,2019,21,50,3,35,5,6195.0
6555,6557,3,3,1.0,0,1,0,0,6,5,2019,6,30,8,15,25,8586.0
6556,6558,2,2,3.0,1,0,0,1,1,3,2019,22,20,1,10,2,11934.0
6557,6559,3,3,2.0,0,0,0,1,15,5,2019,7,0,5,25,22,14424.0
6558,6560,4,4,1.0,0,1,0,1,24,6,2019,7,5,19,0,11,18581.0
6559,6561,3,3,1.0,0,1,0,1,12,5,2019,21,10,4,40,7,13941.0
6560,6562,2,2,3.0,0,1,0,1,6,5,2019,18,55,22,0,3,7229.0
6561,6563,3,3,3.0,0,0,1,1,15,5,2019,6,55,9,30,2,3873.0
6562,6564,4,4,1.0,0,1,0,1,12,6,2019,11,30,19,0,7,14714.0
6563,6565,3,3,2.0,0,0,1,1,24,3,2019,15,25,22,55,7,11245.0
6564,6566,4,4,1.0,1,0,0,1,27,5,2019,11,25,1,30,14,6104.0
6565,6567,4,4,1.0,1,0,0,1,6,3,2019,7,35,22,20,14,7094.0
6566,6568,3,3,1.0,0,1,0,0,24,3,2019,6,30,4,45,22,10031.0
6567,6569,3,3,1.0,0,1,0,1,18,5,2019,5,45,12,0,6,13941.0
6568,6570,4,4,1.0,0,0,1,1,24,6,2019,19,0,1,30,6,7198.0
6569,6571,2,2,3.0,0,0,1,0,24,3,2019,9,35,12,30,2,3873.0
6570,6572,3,3,3.0,0,0,0,1,12,3,2019,14,15,16,45,2,5747.0
6571,6573,1,1,3.0,0,0,0,1,15,6,2019,19,30,20,45,1,3100.0
6572,6574,3,3,1.0,0,0,0,1,6,5,2019,9,10,13,15,4,8996.0
6573,6575,4,4,1.0,0,0,1,1,15,5,2019,10,35,19,0,8,9103.0
6574,6576,2,2,1.0,0,1,0,0,1,3,2019,18,40,9,30,14,31825.0
6575,6577,3,3,1.0,0,1,0,1,15,5,2019,16,30,10,5,17,14781.0
6576,6578,2,2,3.0,0,1,0,1,18,5,2019,8,20,11,20,3,7229.0
6577,6579,2,2,3.0,1,0,0,1,1,3,2019,23,30,2,20,2,10067.0
6578,6580,4,4,2.0,0,1,0,1,9,4,2019,9,40,4,25,18,10909.0
6579,6581,3,3,3.0,1,0,0,1,27,4,2019,15,30,18,5,2,4804.0
6580,6582,1,1,3.0,0,1,0,0,1,6,2019,2,55,4,20,1,4050.0
6581,6583,3,3,1.0,0,1,0,1,15,5,2019,20,25,23,35,27,14151.0
6582,6584,3,3,3.0,0,0,1,0,1,6,2019,6,55,9,30,2,3841.0
6583,6585,3,3,1.0,0,1,0,1,9,5,2019,14,5,19,50,5,14781.0
6584,6586,3,3,1.0,0,0,1,1,9,6,2019,17,0,23,25,6,9870.0
6585,6587,4,4,1.0,0,0,0,1,27,5,2019,13,30,23,0,9,8907.0
6586,6588,2,2,1.0,0,1,0,1,1,3,2019,22,50,7,40,8,26890.0
6587,6589,4,4,1.0,0,0,1,1,15,4,2019,7,0,12,55,5,6195.0
6588,6590,2,2,1.0,0,1,0,0,21,3,2019,14,5,19,10,5,7832.0
6589,6591,4,4,1.0,0,0,1,1,21,3,2019,8,55,15,30,6,11269.0
6590,6592,2,2,3.0,0,0,1,1,24,3,2019,16,0,18,35,2,5613.0
6591,6593,2,2,3.0,1,0,0,1,1,5,2019,0,30,3,25,2,4284.0
6592,6594,2,2,3.0,0,0,1,1,6,5,2019,21,0,23,50,2,4668.0
6593,6595,4,4,1.0,0,0,0,1,3,3,2019,8,0,19,15,11,15197.0
6594,6596,3,3,1.0,0,1,0,0,12,6,2019,8,25,16,20,7,9899.0
6595,6597,4,4,1.0,0,0,1,1,27,6,2019,10,35,19,35,9,3948.0
6596,6598,2,2,1.0,0,1,0,0,15,3,2019,8,55,8,15,23,10405.0
6597,6599,4,4,0.0,0,0,1,1,9,6,2019,11,35,1,30,13,15419.0
6598,6600,4,4,1.0,0,0,1,1,3,3,2019,8,25,18,50,10,15135.0
6599,6601,4,4,1.0,0,0,1,1,21,3,2019,6,0,12,35,6,13369.0
6600,6602,4,4,2.0,0,1,0,1,27,6,2019,11,40,19,0,7,18804.0
6601,6603,4,4,1.0,0,0,1,1,9,5,2019,20,45,7,10,10,6751.0
6602,6604,3,3,1.0,0,0,0,1,9,5,2019,20,30,8,55,12,10203.0
6603,6605,2,2,1.0,0,1,0,1,1,3,2019,7,0,21,20,14,27992.0
6604,6606,4,4,2.0,0,0,0,1,12,6,2019,7,10,19,15,12,12488.0
6605,6607,2,2,3.0,0,1,0,0,12,4,2019,7,10,10,10,3,5198.0
6606,6608,2,2,3.0,0,1,0,1,1,5,2019,17,45,20,45,3,7229.0
6607,6609,3,3,2.0,0,0,0,1,12,6,2019,5,50,23,15,17,12723.0
6608,6610,1,1,2.0,0,0,0,1,6,3,2019,6,0,9,10,27,13169.0
6609,6611,3,3,2.0,0,0,0,1,15,5,2019,9,25,18,20,8,8366.0
6610,6612,4,4,1.0,0,0,1,1,9,5,2019,6,0,21,0,15,7670.0
6611,6613,2,2,3.0,0,1,0,1,1,4,2019,6,0,8,45,2,7229.0
6612,6614,2,2,3.0,0,0,1,1,1,6,2019,21,0,23,50,2,4668.0
6613,6615,4,4,1.0,0,0,1,1,9,3,2019,20,10,7,10,11,8327.0
6614,6616,4,4,1.0,0,1,0,0,21,5,2019,20,55,12,35,15,12898.0
6615,6617,3,3,1.0,1,0,0,1,6,5,2019,6,20,10,20,4,4226.0
6616,6618,4,4,1.0,0,1,0,0,27,6,2019,19,15,19,0,23,10262.0
6617,6619,4,4,1.0,0,0,1,1,24,6,2019,4,55,19,0,14,10678.0
6618,6620,4,4,2.0,0,0,0,1,21,3,2019,17,15,7,40,14,8052.0
6619,6621,2,2,3.0,0,0,1,1,24,3,2019,11,40,14,35,2,3898.0
6620,6622,3,3,3.0,0,0,1,1,12,6,2019,10,20,12,55,2,3807.0
6621,6623,4,4,1.0,1,0,0,1,3,6,2019,9,15,21,0,11,6838.0
6622,6624,4,4,2.0,0,1,0,1,24,6,2019,5,30,19,0,13,13014.0
6623,6625,3,3,3.0,1,0,0,1,12,4,2019,14,25,16,55,2,5224.0
6624,6626,4,4,1.0,0,0,1,1,6,6,2019,13,0,1,30,12,13377.0
6625,6627,4,4,1.0,0,0,1,1,21,5,2019,7,0,12,55,5,6633.0
6626,6628,3,3,1.0,0,0,1,1,24,5,2019,7,35,23,30,15,5192.0
6627,6629,2,2,3.0,1,0,0,1,18,4,2019,22,10,1,0,2,4591.0
6628,6630,3,3,3.0,0,0,0,1,12,5,2019,20,45,23,20,2,4880.0
6629,6631,2,2,3.0,0,1,0,1,27,4,2019,17,45,20,45,3,7229.0
6630,6632,4,4,1.0,0,1,0,0,9,5,2019,19,45,4,25,8,12373.0
6631,6633,4,4,3.0,0,0,0,1,27,4,2019,14,10,17,10,3,6094.0
6632,6634,4,4,1.0,0,1,0,0,12,6,2019,20,55,12,35,15,10262.0
6633,6635,4,4,2.0,0,1,0,1,9,4,2019,11,40,19,0,7,15439.0
6634,6636,2,2,3.0,1,0,0,1,6,5,2019,23,30,2,20,2,4077.0
6635,6637,2,2,3.0,0,0,1,1,18,5,2019,20,55,23,40,2,4632.0
6636,6638,3,3,1.0,0,1,0,1,6,6,2019,9,35,18,0,8,12692.0
6637,6639,3,3,1.0,1,0,0,1,24,4,2019,19,20,23,45,4,3480.0
6638,6640,4,4,2.0,0,0,1,1,18,5,2019,17,50,1,30,7,19360.0
6639,6641,2,2,1.0,0,1,0,0,15,3,2019,11,40,8,15,20,9134.0
6640,6642,4,4,1.0,0,0,1,1,24,6,2019,14,0,21,0,7,13587.0
6641,6643,4,4,1.0,0,1,0,1,9,5,2019,17,30,19,0,25,15554.0
6642,6644,2,2,3.0,0,1,0,1,9,3,2019,19,55,22,35,2,7229.0
6643,6645,4,4,1.0,1,0,0,1,6,3,2019,8,35,22,20,13,7514.0
6644,6646,4,4,1.0,0,0,1,1,6,6,2019,8,0,21,0,13,13587.0
6645,6647,2,2,3.0,0,1,0,0,9,6,2019,7,10,10,10,3,7229.0
6646,6648,4,4,1.0,0,1,0,0,1,6,2019,2,15,4,25,26,10262.0
6647,6649,4,4,1.0,1,0,0,1,3,3,2019,7,30,21,0,13,14871.0
6648,6650,4,4,1.0,0,0,1,1,27,5,2019,8,45,19,0,10,10529.0
6649,6651,4,4,1.0,1,0,0,1,12,6,2019,7,35,22,30,14,6442.0
6650,6652,3,3,1.0,1,0,0,1,21,5,2019,15,15,20,5,4,5170.0
6651,6653,4,4,1.0,1,0,0,1,15,5,2019,7,35,22,30,14,6442.0
6652,6654,2,2,3.0,1,0,0,1,27,5,2019,0,30,3,25,2,3419.0
6653,6655,2,2,1.0,0,1,0,1,6,3,2019,20,35,10,25,13,17261.0
6654,6656,0,0,3.0,0,0,1,0,24,6,2019,8,20,10,35,2,3543.0
6655,6657,2,2,3.0,0,0,1,1,12,5,2019,11,10,13,55,2,3383.0
6656,6658,4,4,2.0,0,0,0,1,24,6,2019,22,0,19,15,21,9181.0
6657,6659,2,2,1.0,0,1,0,0,12,3,2019,18,55,11,25,16,11087.0
6658,6660,2,2,3.0,0,1,0,1,18,4,2019,7,10,10,10,3,7229.0
6659,6661,4,4,1.0,0,0,1,1,9,3,2019,4,45,19,15,14,11249.0
6660,6662,2,2,1.0,0,1,0,1,6,3,2019,7,0,23,0,16,16736.0
6661,6663,4,4,1.0,0,1,0,0,24,6,2019,17,30,4,25,10,10262.0
6662,6664,4,4,1.0,0,1,0,0,1,6,2019,14,0,19,0,5,10262.0
6663,6665,1,1,3.0,0,1,0,1,15,5,2019,2,55,4,20,1,5678.0
6664,6666,4,4,1.0,0,0,1,1,21,3,2019,9,0,15,30,6,8307.0
6665,6667,4,4,1.0,0,0,0,1,18,5,2019,17,20,9,25,16,7690.0
6666,6668,4,4,2.0,0,1,0,1,18,5,2019,13,25,12,35,23,16704.0
6667,6669,4,4,1.0,0,0,0,1,9,3,2019,4,0,7,40,27,10315.0
6668,6670,4,4,2.0,0,1,0,1,27,5,2019,9,40,12,35,26,15129.0
6669,6671,3,3,1.0,0,0,0,1,24,3,2019,7,0,8,55,25,12173.0
6670,6672,3,3,1.0,0,0,0,1,3,4,2019,19,0,11,5,16,4227.0
6671,6673,2,2,3.0,1,0,0,1,12,6,2019,6,5,8,50,2,3943.0
6672,6674,2,2,3.0,0,1,0,0,1,6,2019,11,10,14,5,2,7229.0
6673,6675,3,3,1.0,0,0,1,1,15,5,2019,7,10,20,20,13,8610.0
6674,6676,2,2,3.0,1,0,0,1,9,3,2019,7,10,10,5,2,7303.0
6675,6677,2,2,1.0,0,1,0,0,18,3,2019,18,40,7,40,13,10972.0
6676,6678,4,4,1.0,0,0,1,1,18,5,2019,10,20,21,0,10,7670.0
6677,6679,4,4,1.0,0,0,0,1,15,5,2019,10,0,19,15,9,8372.0
6678,6680,4,4,1.0,1,0,0,1,1,6,2019,15,0,1,30,10,6628.0
6679,6681,4,4,1.0,0,1,0,0,9,6,2019,13,0,12,35,23,10262.0
6680,6682,3,3,1.0,0,1,0,1,24,5,2019,16,30,9,20,16,14178.0
6681,6683,4,4,2.0,0,1,0,0,27,3,2019,5,10,18,50,13,8518.0
6682,6684,4,4,2.0,0,1,0,1,24,6,2019,14,35,12,35,22,13376.0
6683,6685,3,3,1.0,0,0,1,1,12,6,2019,17,0,10,45,17,8452.0
6684,6686,4,4,1.0,0,1,0,1,24,6,2019,2,15,12,35,10,18371.0
6685,6687,1,1,3.0,0,0,1,0,3,4,2019,13,15,14,45,1,1965.0
6686,6688,4,4,2.0,0,1,0,0,1,6,2019,19,30,12,35,17,10368.0
6687,6689,3,3,1.0,0,1,0,1,6,5,2019,20,25,18,0,21,11467.0
6688,6690,3,3,1.0,0,1,0,1,9,5,2019,16,30,4,40,12,14781.0
6689,6691,1,1,1.0,0,0,0,1,6,3,2019,20,15,9,15,13,9535.0
6690,6692,1,1,3.0,0,0,0,1,3,4,2019,21,5,22,25,1,2050.0
6691,6693,4,4,2.0,0,1,0,0,12,6,2019,19,30,4,25,8,10368.0
6692,6694,3,3,1.0,0,1,0,0,24,3,2019,8,25,22,35,14,10031.0
6693,6695,3,3,3.0,0,0,1,1,21,4,2019,9,0,11,25,2,4491.0
6694,6696,2,2,3.0,0,1,0,1,15,5,2019,17,45,20,45,3,7229.0
6695,6697,2,2,1.0,0,0,1,1,3,3,2019,10,20,18,15,7,11401.0
6696,6698,0,0,3.0,1,0,0,1,27,6,2019,14,45,17,5,2,3597.0
6697,6699,3,3,1.0,0,0,1,1,12,6,2019,17,0,9,5,16,7927.0
6698,6700,3,3,3.0,0,0,1,1,1,5,2019,9,0,11,25,2,4174.0
6699,6701,3,3,1.0,0,0,0,1,1,5,2019,7,0,16,15,9,10203.0
6700,6702,3,3,1.0,0,0,1,1,9,5,2019,7,10,20,20,13,8610.0
6701,6703,2,2,3.0,0,1,0,0,12,6,2019,15,15,18,10,2,5769.0
6702,6704,3,3,3.0,1,0,0,1,1,5,2019,11,30,14,5,2,5644.0
6703,6705,2,2,3.0,0,1,0,0,3,6,2019,7,10,10,10,3,5769.0
6704,6706,2,2,3.0,0,1,0,1,15,5,2019,6,0,8,45,2,7229.0
6705,6707,3,3,1.0,1,0,0,1,9,6,2019,6,20,10,20,4,4226.0
6706,6708,2,2,1.0,1,0,0,1,9,3,2019,12,5,17,5,5,4588.0
6707,6709,1,1,3.0,0,1,0,0,21,5,2019,10,20,11,50,1,4995.0
6708,6710,4,4,1.0,0,1,0,0,1,4,2019,17,30,12,35,19,5406.0
6709,6711,3,3,3.0,0,0,1,1,24,6,2019,17,10,19,40,2,3873.0
6710,6712,4,4,1.0,0,1,0,1,6,3,2019,11,30,18,50,7,17024.0
6711,6713,4,4,1.0,0,0,1,0,9,6,2019,8,45,13,15,4,5158.0
6712,6714,1,1,3.0,0,1,0,1,1,5,2019,10,20,11,50,1,8040.0
6713,6715,3,3,1.0,0,1,0,0,18,5,2019,5,45,16,20,10,10844.0
6714,6716,0,0,3.0,0,0,0,1,12,5,2019,11,40,13,55,2,4667.0
6715,6717,1,1,3.0,0,1,0,1,3,4,2019,19,35,21,5,1,5678.0
6716,6718,3,3,2.0,0,0,0,1,12,5,2019,5,50,20,25,14,12513.0
6717,6719,2,2,3.0,0,1,0,1,27,6,2019,7,10,10,10,3,8016.0
6718,6720,0,0,3.0,0,0,1,0,1,6,2019,17,45,20,5,2,3543.0
6719,6721,4,4,1.0,0,1,0,0,21,3,2019,17,30,4,25,10,5963.0
6720,6722,3,3,1.0,0,1,0,1,18,5,2019,8,25,16,20,7,14781.0
6721,6723,4,4,1.0,0,1,0,0,18,5,2019,9,0,12,35,27,12373.0
6722,6724,1,1,3.0,0,1,0,0,1,6,2019,19,35,21,5,1,3210.0
6723,6725,2,2,1.0,0,1,0,0,15,3,2019,5,45,18,25,12,9134.0
6724,6726,4,4,2.0,0,1,0,0,6,6,2019,14,35,4,25,13,10919.0
6725,6727,1,1,3.0,1,0,0,1,1,5,2019,9,10,10,40,1,4575.0
6726,6728,4,4,3.0,1,0,0,1,15,6,2019,5,35,8,50,3,5601.0
6727,6729,3,3,1.0,0,1,0,1,18,5,2019,17,0,23,35,6,14151.0
6728,6730,3,3,2.0,0,0,0,1,6,5,2019,12,0,7,55,19,10151.0
6729,6731,2,2,3.0,0,0,1,1,18,4,2019,9,45,12,35,2,5403.0
6730,6732,4,4,1.0,1,0,0,1,27,5,2019,2,0,7,45,5,6147.0
6731,6733,3,3,3.0,1,0,0,1,27,6,2019,14,25,16,55,2,4804.0
6732,6734,4,4,1.0,0,0,1,1,27,3,2019,8,55,19,15,10,8371.0
6733,6735,4,4,2.0,0,1,0,1,9,6,2019,19,30,4,25,8,13014.0
6734,6736,2,2,3.0,0,0,1,1,24,5,2019,4,55,7,45,2,3383.0
6735,6737,0,0,3.0,0,0,1,1,6,3,2019,17,45,20,5,2,7298.0
6736,6738,2,2,3.0,0,1,0,0,3,4,2019,7,10,10,10,3,4544.0
6737,6739,4,4,1.0,0,0,1,1,6,3,2019,8,55,15,30,6,15147.0
6738,6740,4,4,1.0,0,0,1,1,9,3,2019,4,45,19,45,15,10782.0
6739,6741,4,4,1.0,1,0,0,1,15,5,2019,15,10,20,0,4,6027.0
6740,6742,4,4,2.0,0,1,0,0,6,6,2019,14,35,4,25,13,10919.0
6741,6743,4,4,1.0,0,0,0,1,27,3,2019,6,10,8,15,26,6681.0
6742,6744,2,2,3.0,1,0,0,1,24,6,2019,23,30,2,20,2,3943.0
6743,6745,4,4,1.0,0,1,0,0,27,5,2019,21,50,12,35,14,12898.0
6744,6746,4,4,1.0,1,0,0,1,6,6,2019,18,35,1,30,6,6628.0
6745,6747,4,4,1.0,0,0,0,1,3,4,2019,20,30,23,0,26,5022.0
6746,6748,4,4,2.0,0,0,0,1,3,6,2019,7,10,7,40,24,12698.0
6747,6749,4,4,1.0,0,0,1,1,9,6,2019,20,45,7,10,10,10794.0
6748,6750,4,4,1.0,1,0,0,1,9,6,2019,11,25,21,0,9,6416.0
6749,6751,3,3,3.0,0,0,1,1,9,3,2019,22,20,0,40,2,4622.0
6750,6752,2,2,3.0,1,0,0,1,27,5,2019,13,0,15,50,2,3943.0
6751,6753,3,3,3.0,0,0,1,1,6,6,2019,19,55,22,25,2,4508.0
6752,6754,3,3,1.0,0,0,1,1,12,6,2019,7,10,22,40,15,8452.0
6753,6755,3,3,2.0,0,0,0,1,12,5,2019,16,45,8,55,16,13437.0
6754,6756,0,0,3.0,0,0,1,1,18,5,2019,17,45,20,5,2,11982.0
6755,6757,3,3,1.0,0,1,0,0,24,5,2019,18,55,12,0,17,10844.0
6756,6758,4,4,2.0,0,1,0,1,9,5,2019,9,40,4,25,18,15129.0
6757,6759,4,4,1.0,0,1,0,1,27,6,2019,14,0,19,0,5,14714.0
6758,6760,4,4,1.0,1,0,0,1,27,6,2019,6,40,21,0,14,6093.0
6759,6761,4,4,1.0,1,0,0,1,6,4,2019,4,55,13,20,8,5307.0
6760,6762,4,4,1.0,0,0,1,1,15,5,2019,14,25,19,35,5,10188.0
6761,6763,3,3,1.0,0,1,0,1,6,6,2019,20,0,8,15,12,14571.0
6762,6764,4,4,2.0,0,1,0,1,27,3,2019,19,10,4,25,9,10976.0
6763,6765,3,3,1.0,0,1,0,0,24,5,2019,6,30,16,20,9,10844.0
6764,6766,3,3,3.0,1,0,0,1,9,4,2019,20,20,22,55,2,4488.0
6765,6767,4,4,1.0,0,0,0,1,24,5,2019,23,0,19,15,20,8582.0
6766,6768,4,4,1.0,0,1,0,0,24,6,2019,19,45,12,35,16,10262.0
6767,6769,3,3,1.0,0,0,1,1,6,5,2019,17,0,10,45,17,8662.0
6768,6770,2,2,3.0,1,0,0,1,24,3,2019,6,0,8,45,2,4777.0
6769,6771,1,1,3.0,0,1,0,0,27,3,2019,15,50,17,20,1,2071.0
6770,6772,2,2,1.0,0,1,0,0,12,3,2019,22,55,15,15,16,11087.0
6771,6773,2,2,3.0,0,0,0,1,18,4,2019,21,5,23,55,2,5228.0
6772,6774,3,3,1.0,0,1,0,1,1,4,2019,6,30,16,20,9,12996.0
6773,6775,2,2,1.0,0,1,0,1,6,3,2019,8,0,23,0,15,16736.0
6774,6776,3,3,1.0,0,1,0,1,1,5,2019,18,55,10,5,15,13941.0
6775,6777,2,2,1.0,0,0,0,1,15,3,2019,13,50,22,10,8,9166.0
6776,6778,4,4,1.0,0,0,0,1,3,3,2019,5,15,6,50,25,12677.0
6777,6779,0,0,3.0,0,0,0,1,24,3,2019,11,40,13,55,2,4405.0
6778,6780,3,3,1.0,0,1,0,1,6,5,2019,9,35,23,35,14,12121.0
6779,6781,2,2,3.0,0,0,0,1,6,6,2019,21,5,23,55,2,6121.0
6780,6782,3,3,1.0,0,1,0,1,18,5,2019,8,25,9,20,24,14388.0
6781,6783,3,3,1.0,0,1,0,1,1,4,2019,20,25,10,55,14,11467.0
6782,6784,2,2,1.0,0,1,0,1,12,3,2019,21,25,10,25,13,13817.0
6783,6785,1,1,3.0,0,0,0,1,6,5,2019,19,30,20,45,1,3100.0
6784,6786,4,4,1.0,0,0,1,1,21,5,2019,11,40,19,15,7,8266.0
6785,6787,3,3,1.0,0,1,0,1,24,3,2019,19,45,23,25,27,13759.0
6786,6788,2,2,3.0,1,0,0,1,9,6,2019,0,25,3,15,2,3943.0
6787,6789,4,4,1.0,0,0,1,1,27,3,2019,18,15,1,35,7,12327.0
6788,6790,1,1,3.0,1,0,0,1,12,6,2019,6,25,7,55,1,4049.0
6789,6791,2,2,3.0,0,0,1,0,1,6,2019,21,10,0,5,2,3573.0
6790,6792,3,3,3.0,0,0,1,1,15,5,2019,19,55,22,25,2,4409.0
6791,6793,4,4,2.0,0,0,0,1,27,3,2019,7,5,9,25,26,6565.0
6792,6794,3,3,3.0,1,0,0,1,15,4,2019,21,25,0,5,2,4174.0
6793,6795,2,2,3.0,0,1,0,0,24,5,2019,7,10,10,10,3,4030.0
6794,6796,3,3,3.0,0,0,1,1,21,3,2019,10,20,12,55,2,4082.0
6795,6797,3,3,2.0,0,0,0,1,24,5,2019,9,10,11,5,25,6117.0
6796,6798,2,2,1.0,0,1,0,0,21,3,2019,5,50,12,20,6,6163.0
6797,6799,4,4,1.0,0,1,0,0,27,3,2019,16,0,4,25,12,6540.0
6798,6800,3,3,1.0,0,0,1,1,12,5,2019,15,5,20,20,5,4649.0
6799,6801,4,4,1.0,0,1,0,0,9,6,2019,21,50,19,0,21,10262.0
6800,6802,2,2,3.0,0,0,1,1,6,4,2019,19,30,22,15,2,5613.0
6801,6803,2,2,3.0,1,0,0,1,24,3,2019,8,30,11,30,3,6144.0
6802,6804,3,3,1.0,0,1,0,1,12,5,2019,17,0,22,5,29,13067.0
6803,6805,2,2,3.0,0,0,1,1,3,3,2019,21,10,0,5,2,7608.0
6804,6806,4,4,1.0,0,0,1,1,9,6,2019,10,0,1,30,15,7198.0
6805,6807,3,3,1.0,0,1,0,1,15,5,2019,16,30,23,35,7,13941.0
6806,6808,4,4,2.0,0,1,0,0,9,6,2019,9,40,4,25,18,10368.0
6807,6809,0,0,3.0,0,0,1,0,27,6,2019,8,20,10,35,2,3543.0
6808,6810,3,3,3.0,1,0,0,1,27,3,2019,20,25,23,5,2,4462.0
6809,6811,3,3,2.0,0,0,0,1,24,3,2019,5,50,13,40,7,8005.0
6810,6812,3,3,1.0,0,1,0,0,1,4,2019,18,55,22,35,27,7064.0
6811,6813,3,3,1.0,0,1,0,1,1,5,2019,20,25,21,5,24,12121.0
6812,6814,4,4,2.0,0,0,0,1,9,5,2019,12,0,19,15,7,8918.0
6813,6815,3,3,1.0,0,0,0,1,12,5,2019,9,25,21,50,12,8891.0
6814,6816,3,3,1.0,0,0,0,1,1,5,2019,10,0,16,15,6,10203.0
6815,6817,4,4,1.0,0,0,1,1,15,5,2019,13,0,21,0,8,8073.0
6816,6818,4,4,1.0,1,0,0,1,3,3,2019,16,10,22,20,6,11237.0
6817,6819,4,4,2.0,0,1,0,1,12,6,2019,6,45,4,25,21,13376.0
6818,6820,4,4,1.0,0,0,1,1,9,6,2019,7,10,22,30,15,6513.0
6819,6821,3,3,1.0,0,1,0,1,24,5,2019,18,55,4,40,9,13731.0
6820,6822,3,3,1.0,0,1,0,0,1,4,2019,20,0,19,50,23,7064.0
6821,6823,2,2,1.0,0,1,0,1,6,3,2019,5,45,19,10,13,16736.0
6822,6824,3,3,1.0,0,1,0,0,15,5,2019,20,0,10,5,14,8586.0
6823,6825,4,4,1.0,0,0,1,1,15,6,2019,6,0,19,0,13,11789.0
6824,6826,3,3,3.0,1,0,0,1,24,5,2019,11,30,14,5,2,5224.0
6825,6827,4,4,3.0,1,0,0,1,15,5,2019,21,5,0,20,3,6834.0
6826,6828,4,4,1.0,1,0,0,1,15,6,2019,16,0,1,30,9,6316.0
6827,6829,4,4,2.0,0,1,0,1,21,3,2019,10,45,18,50,32,11869.0
6828,6830,3,3,3.0,0,0,1,1,6,3,2019,22,50,1,20,2,4384.0
6829,6831,3,3,3.0,1,0,0,1,21,4,2019,14,25,16,55,2,5644.0
6830,6832,4,4,2.0,0,0,0,1,9,3,2019,20,15,19,15,23,19681.0
6831,6833,4,4,1.0,0,0,1,1,6,6,2019,10,0,1,30,15,13377.0
6832,6834,4,4,2.0,0,0,1,1,9,3,2019,9,45,21,20,11,10090.0
6833,6835,1,1,2.0,0,1,0,1,6,3,2019,17,50,16,50,23,20845.0
6834,6836,2,2,3.0,0,0,1,1,24,6,2019,17,0,19,35,2,4878.0
6835,6837,1,1,3.0,1,0,0,1,1,6,2019,21,20,22,50,1,2227.0
6836,6838,4,4,1.0,1,0,0,1,18,5,2019,7,35,16,10,8,6442.0
6837,6839,2,2,3.0,0,0,1,0,27,5,2019,21,10,0,5,2,3257.0
6838,6840,2,2,3.0,0,1,0,0,15,6,2019,6,0,8,45,2,7229.0
6839,6841,3,3,2.0,0,0,0,1,1,5,2019,20,30,13,45,17,15164.0
6840,6842,2,2,3.0,1,0,0,1,24,3,2019,10,10,13,0,2,10067.0
6841,6843,4,4,3.0,0,0,0,1,15,3,2019,14,10,17,10,3,5674.0
6842,6844,2,2,1.0,0,1,0,1,1,3,2019,14,5,10,25,20,20800.0
6843,6845,4,4,1.0,1,0,0,1,18,5,2019,6,50,22,30,15,7144.0
6844,6846,4,4,3.0,0,0,0,1,27,5,2019,5,10,8,0,2,6094.0
6845,6847,1,1,3.0,0,1,0,0,18,5,2019,10,20,11,50,1,4050.0
6846,6848,0,0,3.0,0,0,1,0,24,6,2019,9,45,12,0,2,3859.0
6847,6849,4,4,2.0,0,1,0,1,21,3,2019,10,20,18,50,32,11664.0
6848,6850,4,4,2.0,0,0,1,0,6,3,2019,7,10,21,20,14,7731.0
6849,6851,3,3,1.0,0,1,0,1,12,6,2019,9,35,19,10,9,12692.0
6850,6852,4,4,2.0,0,0,0,1,18,5,2019,13,15,9,25,20,11307.0
6851,6853,3,3,1.0,0,1,0,0,9,6,2019,21,10,4,40,7,8586.0
6852,6854,2,2,1.0,1,0,0,1,21,3,2019,11,20,15,25,4,5746.0
6853,6855,4,4,1.0,0,0,1,1,21,3,2019,8,0,19,15,11,13378.0
6854,6856,2,2,3.0,0,0,0,1,24,3,2019,17,0,19,45,2,7486.0
6855,6857,0,0,3.0,0,0,1,1,6,3,2019,9,30,12,5,2,7298.0
6856,6858,4,4,1.0,0,0,1,1,12,6,2019,11,40,21,0,9,7005.0
6857,6859,3,3,3.0,1,0,0,1,12,5,2019,17,15,19,50,2,4804.0
6858,6860,4,4,1.0,1,0,0,1,9,3,2019,4,45,12,55,8,16162.0
6859,6861,2,2,3.0,1,0,0,1,24,4,2019,0,30,3,25,2,3419.0
6860,6862,3,3,2.0,0,0,1,1,1,5,2019,15,10,23,30,8,5192.0
6861,6863,3,3,3.0,0,0,1,1,15,4,2019,10,20,12,55,2,4409.0
6862,6864,2,2,3.0,0,1,0,1,18,4,2019,8,20,11,20,3,7229.0
6863,6865,2,2,1.0,1,0,0,1,15,3,2019,16,55,21,50,4,5397.0
6864,6866,4,4,1.0,0,1,0,0,15,4,2019,14,0,19,0,5,6542.0
6865,6867,4,4,1.0,0,0,1,1,27,3,2019,10,25,19,20,8,5281.0
6866,6868,4,4,1.0,0,0,1,1,6,6,2019,12,50,19,15,6,8266.0
6867,6869,4,4,1.0,0,1,0,0,12,6,2019,14,0,19,0,5,10262.0
6868,6870,3,3,1.0,0,0,1,1,24,3,2019,20,20,20,25,24,11105.0
6869,6871,2,2,3.0,0,1,0,0,3,4,2019,8,20,11,20,3,4544.0
6870,6872,3,3,3.0,0,0,0,1,6,3,2019,14,15,16,45,2,4960.0
6871,6873,2,2,1.0,0,1,0,1,6,3,2019,8,55,5,5,20,16736.0
6872,6874,4,4,1.0,0,0,1,1,1,6,2019,10,0,1,30,15,13377.0
6873,6875,1,1,3.0,0,0,1,1,18,5,2019,13,15,14,45,1,2227.0
6874,6876,1,1,3.0,0,0,0,1,15,3,2019,6,20,7,40,1,3100.0
6875,6877,1,1,3.0,0,0,0,1,9,6,2019,21,5,22,25,1,3100.0
6876,6878,3,3,3.0,0,0,1,1,18,5,2019,6,55,9,30,2,3873.0
6877,6879,1,1,3.0,1,0,0,1,3,3,2019,20,5,21,35,1,5232.0
6878,6880,2,2,3.0,0,1,0,0,27,5,2019,18,55,22,0,3,3359.0
6879,6881,2,2,3.0,1,0,0,1,24,3,2019,7,10,10,5,2,6144.0
6880,6882,4,4,1.0,1,0,0,1,6,3,2019,7,35,12,0,4,7725.0
6881,6883,2,2,3.0,0,0,0,1,24,3,2019,21,5,23,55,2,4441.0
6882,6884,4,4,0.0,0,0,0,1,27,6,2019,5,15,19,15,38,10703.0
6883,6885,3,3,1.0,0,1,0,0,12,6,2019,21,10,10,5,12,8529.0
6884,6886,4,4,1.0,0,0,1,1,3,3,2019,4,0,13,20,9,14973.0
6885,6887,3,3,1.0,0,1,0,1,24,5,2019,8,25,19,50,11,14571.0
6886,6888,2,2,3.0,0,0,1,0,3,6,2019,21,10,0,5,2,3257.0
6887,6889,2,2,1.0,0,1,0,0,18,3,2019,16,55,23,0,6,11087.0
6888,6890,3,3,3.0,0,0,1,1,1,4,2019,6,55,9,30,2,3873.0
6889,6891,2,2,3.0,0,0,1,1,15,4,2019,9,30,12,20,2,4423.0
6890,6892,4,4,2.0,0,0,0,1,3,6,2019,10,55,7,40,20,11753.0
6891,6893,3,3,1.0,0,1,0,1,24,5,2019,16,30,23,35,7,14571.0
6892,6894,4,4,1.0,0,0,1,1,3,6,2019,6,0,21,0,15,8475.0
6893,6895,3,3,1.0,0,1,0,1,1,5,2019,20,0,10,5,14,13941.0
6894,6896,4,4,1.0,0,1,0,1,21,5,2019,19,45,19,0,23,16079.0
6895,6897,4,4,1.0,0,0,1,1,6,3,2019,4,0,18,50,14,13399.0
6896,6898,4,4,2.0,0,0,0,1,6,6,2019,16,40,19,15,26,9653.0
6897,6899,4,4,1.0,0,1,0,1,6,6,2019,10,0,19,0,9,14714.0
6898,6900,2,2,3.0,0,0,1,1,18,6,2019,11,10,13,55,2,3383.0
6899,6901,2,2,1.0,0,1,0,1,1,3,2019,14,5,8,15,18,22270.0
6900,6902,0,0,3.0,0,0,1,1,3,3,2019,7,5,9,20,2,5944.0
6901,6903,3,3,1.0,0,1,0,0,12,5,2019,18,55,8,15,13,9663.0
6902,6904,4,4,1.0,0,0,1,1,1,6,2019,11,40,21,0,9,7740.0
6903,6905,3,3,1.0,0,0,0,1,1,4,2019,20,30,23,15,26,7211.0
6904,6906,2,2,3.0,0,1,0,1,1,4,2019,18,55,22,0,3,7229.0
6905,6907,3,3,3.0,1,0,0,1,6,4,2019,11,30,14,5,2,4174.0
6906,6908,3,3,3.0,0,0,0,1,15,3,2019,14,15,16,45,2,5170.0
6907,6909,4,4,1.0,0,0,1,1,3,3,2019,9,10,18,50,9,15135.0
6908,6910,3,3,1.0,0,0,1,1,9,4,2019,15,5,20,20,5,4649.0
6909,6911,2,2,3.0,0,0,1,1,1,5,2019,7,0,9,40,2,4668.0
6910,6912,4,4,1.0,0,0,0,1,12,6,2019,20,40,9,25,12,7480.0
6911,6913,2,2,3.0,0,0,0,1,18,4,2019,17,0,19,45,2,6121.0
6912,6914,4,4,2.0,0,1,0,1,27,5,2019,23,5,19,0,19,15129.0
6913,6915,3,3,1.0,0,0,0,1,6,5,2019,9,50,21,5,11,7452.0
6914,6916,3,3,1.0,0,1,0,0,6,6,2019,9,35,10,55,25,10539.0
6915,6917,2,2,3.0,1,0,0,1,3,3,2019,22,20,1,10,2,7648.0
6916,6918,2,2,3.0,0,0,1,1,24,3,2019,9,35,12,30,2,3925.0
6917,6919,0,0,3.0,1,0,0,1,15,6,2019,13,15,15,35,2,3597.0
6918,6920,3,3,1.0,0,1,0,0,1,5,2019,18,55,10,5,15,8586.0
6919,6921,4,4,2.0,0,0,0,1,27,6,2019,16,55,19,15,26,13591.0
6920,6922,4,4,1.0,0,0,1,1,1,6,2019,7,5,16,10,9,9646.0
6921,6923,2,2,3.0,0,0,1,1,6,5,2019,9,45,12,35,2,4668.0
6922,6924,3,3,1.0,0,0,0,1,9,5,2019,10,0,20,25,10,10203.0
6923,6925,2,2,1.0,0,0,0,1,24,3,2019,6,55,13,20,6,7932.0
6924,6926,3,3,1.0,0,0,0,1,1,4,2019,16,50,7,55,15,7893.0
6925,6927,4,4,2.0,0,1,0,0,9,5,2019,5,30,19,0,13,13029.0
6926,6928,4,4,1.0,0,1,0,0,12,6,2019,9,0,12,35,27,10262.0
6927,6929,3,3,1.0,1,0,0,1,12,6,2019,19,20,23,45,4,3574.0
6928,6930,4,4,1.0,0,0,1,1,3,6,2019,7,55,22,25,14,8759.0
6929,6931,2,2,1.0,0,1,0,0,3,3,2019,8,0,7,40,23,13502.0
6930,6932,3,3,1.0,0,0,0,1,18,5,2019,14,35,14,35,24,6528.0
6931,6933,4,4,1.0,0,1,0,0,27,3,2019,15,5,4,25,13,6017.0
6932,6934,2,2,3.0,0,0,1,1,9,4,2019,19,30,22,15,2,5613.0
6933,6935,1,1,3.0,0,1,0,1,27,6,2019,8,45,10,15,1,8040.0
6934,6936,2,2,3.0,1,0,0,1,24,3,2019,4,0,6,50,2,5694.0
6935,6937,4,4,1.0,0,1,0,0,21,5,2019,17,30,19,0,25,12898.0
6936,6938,3,3,1.0,0,0,1,1,12,6,2019,7,35,19,25,11,5192.0
6937,6939,4,4,1.0,0,1,0,1,1,6,2019,15,0,19,0,28,14714.0
6938,6940,2,2,1.0,0,1,0,1,12,3,2019,5,45,23,0,17,13817.0
6939,6941,4,4,1.0,0,1,0,1,15,6,2019,9,0,19,0,10,14714.0
6940,6942,0,0,3.0,1,0,0,1,12,5,2019,19,35,21,55,2,3597.0
6941,6943,2,2,3.0,0,0,0,1,9,5,2019,13,20,16,10,2,6121.0
6942,6944,3,3,2.0,0,0,0,1,9,6,2019,16,50,5,35,12,11642.0
6943,6945,4,4,1.0,0,1,0,1,6,3,2019,16,0,4,25,12,15764.0
6944,6946,3,3,3.0,1,0,0,1,1,6,2019,4,40,7,15,2,4804.0
6945,6947,4,4,2.0,0,0,0,1,27,5,2019,10,55,19,15,8,13223.0
6946,6948,0,0,3.0,1,0,0,1,24,6,2019,11,35,14,0,2,3858.0
6947,6949,4,4,1.0,0,0,1,1,3,6,2019,10,20,1,30,15,6795.0
6948,6950,4,4,1.0,0,0,1,1,9,3,2019,16,45,22,15,5,8327.0
6949,6951,4,4,1.0,0,0,0,1,21,5,2019,9,30,23,0,13,8907.0
6950,6952,3,3,1.0,1,0,0,1,9,6,2019,15,10,20,30,5,7095.0
6951,6953,4,4,1.0,0,0,0,1,21,3,2019,21,0,7,40,10,6902.0
6952,6954,4,4,2.0,0,1,0,0,21,5,2019,19,30,12,35,17,13029.0
6953,6955,4,4,1.0,0,0,0,1,9,5,2019,10,0,19,15,9,8372.0
6954,6956,3,3,1.0,0,1,0,0,24,5,2019,8,25,19,50,11,10844.0
6955,6957,3,3,3.0,0,0,1,1,6,3,2019,19,35,22,5,2,4384.0
6956,6958,3,3,1.0,0,1,0,1,15,5,2019,9,35,22,5,12,12121.0
6957,6959,3,3,1.0,0,1,0,1,21,5,2019,9,35,14,25,28,11467.0
6958,6960,2,2,3.0,1,0,0,1,3,3,2019,20,0,22,55,2,6860.0
6959,6961,4,4,1.0,0,0,0,1,15,6,2019,10,0,19,15,9,11241.0
6960,6962,3,3,1.0,0,1,0,1,24,3,2019,19,45,20,40,24,13759.0
6961,6963,3,3,1.0,1,0,0,1,1,5,2019,19,35,23,15,3,4226.0
6962,6964,4,4,1.0,1,0,0,1,9,5,2019,16,0,1,30,9,9274.0
6963,6965,4,4,1.0,0,0,1,1,27,6,2019,8,0,19,0,11,12192.0
6964,6966,3,3,3.0,1,0,0,1,9,6,2019,9,35,12,20,2,4804.0
6965,6967,4,4,1.0,0,1,0,0,27,6,2019,11,30,12,35,25,10262.0
6966,6968,4,4,1.0,0,1,0,0,15,6,2019,13,0,12,35,23,10262.0
6967,6969,1,1,3.0,1,0,0,1,9,6,2019,16,55,18,25,1,3175.0
6968,6970,4,4,1.0,0,1,0,0,27,5,2019,17,30,12,35,19,12898.0
6969,6971,4,4,3.0,0,1,0,1,21,6,2019,11,0,14,15,3,9564.0
6970,6972,4,4,2.0,0,1,0,1,27,6,2019,13,25,19,0,29,12819.0
6971,6973,3,3,2.0,0,0,0,1,24,3,2019,9,10,7,55,22,15187.0
6972,6974,3,3,2.0,0,0,0,1,24,5,2019,9,25,13,45,28,12802.0
6973,6975,3,3,3.0,1,0,0,1,3,6,2019,9,35,12,10,2,4804.0
6974,6976,0,0,3.0,0,0,1,1,9,3,2019,17,45,20,5,2,6300.0
6975,6977,3,3,3.0,0,0,1,1,27,5,2019,17,10,19,40,2,3873.0
6976,6978,3,3,3.0,1,0,0,1,1,6,2019,17,15,19,50,2,5224.0
6977,6979,2,2,3.0,0,0,0,1,15,4,2019,21,5,23,55,2,5228.0
6978,6980,1,1,1.0,0,0,0,1,12,3,2019,9,15,9,15,24,8065.0
6979,6981,2,2,3.0,0,0,0,1,3,4,2019,21,5,23,55,2,4441.0
6980,6982,4,4,1.0,0,0,1,1,3,6,2019,10,35,19,15,8,7354.0
6981,6983,4,4,3.0,0,0,0,1,21,5,2019,5,10,8,0,2,6094.0
6982,6984,3,3,1.0,0,1,0,0,1,4,2019,20,0,12,0,16,7064.0
6983,6985,4,4,2.0,0,1,0,1,9,6,2019,9,35,4,25,18,13292.0
6984,6986,4,4,2.0,0,1,0,1,12,6,2019,14,35,12,35,22,13376.0
6985,6987,4,4,2.0,0,1,0,0,21,3,2019,10,45,18,50,32,7791.0
6986,6988,4,4,1.0,0,0,0,1,12,6,2019,12,30,9,25,20,7480.0
6987,6989,3,3,1.0,1,0,0,1,15,5,2019,8,10,13,0,4,5069.0
6988,6990,2,2,3.0,0,0,1,0,18,6,2019,9,30,12,20,2,3257.0
6989,6991,4,4,1.0,0,0,1,1,9,5,2019,12,50,1,30,12,34273.0
6990,6992,4,4,2.0,0,1,0,1,18,5,2019,19,10,19,0,23,16704.0
6991,6993,3,3,2.0,0,0,0,1,9,5,2019,8,20,23,15,14,11432.0
6992,6994,1,1,3.0,0,0,0,1,12,3,2019,21,5,22,25,1,4307.0
6993,6995,4,4,2.0,0,1,0,0,27,5,2019,19,30,12,35,17,13029.0
6994,6996,1,1,3.0,0,0,0,1,21,5,2019,15,0,16,25,1,3100.0
6995,6997,3,3,1.0,0,1,0,0,24,3,2019,19,45,22,35,26,10031.0
6996,6998,3,3,3.0,0,0,1,0,6,6,2019,6,55,9,30,2,3841.0
6997,6999,2,2,3.0,0,1,0,0,15,5,2019,19,50,22,50,3,4030.0
6998,7000,4,4,2.0,0,0,0,1,15,6,2019,22,0,19,15,21,10441.0
6999,7001,3,3,0.0,0,0,0,1,24,3,2019,12,0,23,15,35,14221.0
7000,7002,4,4,1.0,0,1,0,0,3,6,2019,11,30,19,0,7,10262.0
7001,7003,2,2,3.0,0,1,0,1,15,4,2019,11,10,14,5,2,7229.0
7002,7004,2,2,3.0,1,0,0,1,24,3,2019,13,0,15,50,2,8033.0
7003,7005,4,4,1.0,1,0,0,1,15,6,2019,5,5,12,10,7,6818.0
7004,7006,4,4,1.0,0,0,1,1,21,5,2019,8,45,21,0,12,7485.0
7005,7007,2,2,3.0,0,0,1,1,3,6,2019,9,30,12,20,2,3971.0
7006,7008,0,0,3.0,0,0,1,1,15,5,2019,17,45,20,5,2,3597.0
7007,7009,1,1,3.0,0,1,0,1,18,3,2019,2,55,4,25,1,5678.0
7008,7010,3,3,1.0,0,0,0,1,24,5,2019,9,25,7,55,22,8366.0
7009,7011,4,4,2.0,0,0,0,1,6,6,2019,10,55,19,15,8,11753.0
7010,7012,3,3,3.0,0,0,1,0,24,6,2019,22,20,0,40,2,3841.0
7011,7013,3,3,1.0,0,0,1,1,15,5,2019,17,0,23,25,6,9345.0
7012,7014,3,3,2.0,0,0,0,1,6,6,2019,14,30,8,55,18,15107.0
7013,7015,4,4,1.0,0,0,1,1,6,6,2019,7,5,22,30,15,9646.0
7014,7016,4,4,1.0,0,1,0,0,9,6,2019,7,5,4,25,21,10262.0
7015,7017,4,4,2.0,0,1,0,0,27,3,2019,19,10,4,25,9,8456.0
7016,7018,3,3,3.0,0,0,1,0,9,6,2019,22,20,0,40,2,3841.0
7017,7019,4,4,1.0,0,0,1,1,27,3,2019,7,5,13,20,6,12537.0
7018,7020,3,3,3.0,1,0,0,1,6,6,2019,9,35,12,10,2,4804.0
7019,7021,4,4,1.0,0,0,1,1,6,6,2019,10,20,21,0,10,7005.0
7020,7022,4,4,1.0,0,0,1,1,15,6,2019,7,5,21,0,13,13587.0
7021,7023,1,1,3.0,0,1,0,0,12,5,2019,7,5,8,30,1,4050.0
7022,7024,3,3,3.0,1,0,0,1,21,3,2019,9,35,12,20,2,4148.0
7023,7025,0,0,3.0,1,0,0,1,1,5,2019,5,15,7,40,2,3850.0
7024,7026,2,2,3.0,1,0,0,1,27,4,2019,1,30,4,15,2,4591.0
7025,7027,2,2,3.0,0,1,0,1,18,6,2019,17,45,20,45,3,8016.0
7026,7028,3,3,3.0,1,0,0,1,18,5,2019,15,15,17,45,2,4804.0
7027,7029,3,3,1.0,0,1,0,1,18,5,2019,5,45,8,15,26,13941.0
7028,7030,4,4,1.0,1,0,0,1,21,5,2019,6,40,21,0,14,7006.0
7029,7031,3,3,0.0,0,0,0,1,12,5,2019,9,50,23,15,13,14015.0
7030,7032,2,2,1.0,0,1,0,0,12,3,2019,22,55,7,40,8,11087.0
7031,7033,4,4,1.0,1,0,0,1,9,3,2019,6,40,12,0,5,5647.0
7032,7034,4,4,1.0,1,0,0,1,21,5,2019,23,30,4,35,5,8745.0
7033,7035,2,2,3.0,0,1,0,1,1,6,2019,6,0,8,45,2,8016.0
7034,7036,4,4,3.0,0,1,0,0,9,6,2019,11,0,14,15,3,7202.0
7035,7037,4,4,1.0,0,1,0,0,21,3,2019,16,0,18,50,26,5963.0
7036,7038,4,4,1.0,0,0,1,1,6,6,2019,9,45,22,30,12,9646.0
7037,7039,1,1,3.0,0,0,0,1,21,6,2019,13,55,15,25,1,3100.0
7038,7040,3,3,3.0,1,0,0,1,9,3,2019,15,20,17,55,2,4148.0
7039,7041,2,2,3.0,1,0,0,1,1,5,2019,18,25,21,20,2,4823.0
7040,7042,3,3,3.0,0,0,1,0,6,4,2019,17,10,19,40,2,3841.0
7041,7043,4,4,2.0,0,1,0,1,3,6,2019,9,40,19,0,9,13014.0
7042,7044,4,4,1.0,0,1,0,0,9,6,2019,2,15,4,25,26,10262.0
7043,7045,1,1,3.0,0,0,0,1,27,3,2019,21,5,22,25,1,2575.0
7044,7046,2,2,1.0,0,1,0,1,6,3,2019,8,0,15,15,7,19225.0
7045,7047,3,3,3.0,1,0,0,1,6,4,2019,20,20,22,55,2,4174.0
7046,7048,4,4,1.0,0,0,1,1,6,6,2019,14,25,19,35,5,7870.0
7047,7049,4,4,1.0,0,0,0,1,21,3,2019,13,0,19,15,6,7934.0
7048,7050,4,4,2.0,0,1,0,1,21,3,2019,10,45,18,50,8,11360.0
7049,7051,4,4,1.0,1,0,0,1,27,6,2019,6,50,16,10,9,6442.0
7050,7052,4,4,1.0,0,1,0,0,3,6,2019,20,55,4,25,7,10262.0
7051,7053,4,4,1.0,0,0,1,1,27,3,2019,11,30,19,15,7,6732.0
7052,7054,2,2,3.0,0,0,1,1,9,6,2019,9,45,12,35,2,4668.0
7053,7055,4,4,1.0,1,0,0,1,21,4,2019,2,0,7,45,5,6258.0
7054,7056,4,4,1.0,0,0,1,1,15,6,2019,7,5,19,15,12,16108.0
7055,7057,4,4,1.0,1,0,0,1,6,3,2019,6,40,13,20,6,14871.0
7056,7058,2,2,3.0,0,0,1,1,9,4,2019,23,55,2,45,2,4483.0
7057,7059,3,3,1.0,0,1,0,0,12,5,2019,20,25,23,35,27,8066.0
7058,7060,3,3,1.0,0,0,1,1,9,6,2019,11,15,18,30,7,9946.0
7059,7061,4,4,1.0,1,0,0,1,21,5,2019,15,10,20,50,5,6027.0
7060,7062,4,4,1.0,0,1,0,0,9,6,2019,22,50,12,35,13,10262.0
7061,7063,3,3,1.0,0,1,0,0,9,6,2019,21,10,18,15,21,10844.0
7062,7064,3,3,1.0,0,1,0,0,15,5,2019,16,30,23,35,7,8586.0
7063,7065,4,4,3.0,1,0,0,1,27,5,2019,14,25,17,40,3,6015.0
7064,7066,2,2,3.0,1,0,0,1,18,4,2019,13,0,15,50,2,4990.0
7065,7067,3,3,1.0,0,1,0,0,12,5,2019,21,10,16,20,19,10844.0
7066,7068,4,4,1.0,0,0,1,1,6,6,2019,11,30,1,30,14,13377.0
7067,7069,4,4,2.0,0,0,0,1,9,6,2019,18,45,19,15,24,12257.0
7068,7070,3,3,3.0,1,0,0,1,27,5,2019,17,15,19,50,2,4804.0
7069,7071,2,2,1.0,0,0,1,1,9,3,2019,6,40,21,55,15,10008.0
7070,7072,0,0,3.0,1,0,0,1,1,5,2019,19,35,21,55,2,3597.0
7071,7073,2,2,3.0,1,0,0,1,6,5,2019,22,10,1,0,2,3419.0
7072,7074,4,4,1.0,0,1,0,1,27,5,2019,7,5,19,0,11,16289.0
7073,7075,3,3,1.0,0,1,0,0,18,5,2019,16,30,12,0,19,10844.0
7074,7076,4,4,1.0,0,0,1,1,1,6,2019,10,20,19,15,8,9526.0
7075,7077,3,3,1.0,0,1,0,0,1,4,2019,21,10,9,20,12,8849.0
7076,7078,2,2,3.0,0,0,0,1,6,5,2019,6,10,8,55,2,6121.0
7077,7079,4,4,2.0,0,1,0,1,21,3,2019,18,25,18,50,24,12347.0
7078,7080,2,2,3.0,0,0,1,1,18,4,2019,21,0,23,50,2,5613.0
7079,7081,4,4,1.0,0,1,0,1,3,3,2019,23,5,18,50,19,18253.0
7080,7082,4,4,1.0,0,0,1,1,21,5,2019,10,0,19,15,9,14848.0
7081,7083,1,1,3.0,0,1,0,0,15,5,2019,10,20,11,50,1,4995.0
7082,7084,2,2,3.0,1,0,0,1,6,6,2019,23,30,2,20,2,4591.0
7083,7085,3,3,3.0,1,0,0,1,18,3,2019,20,25,23,5,2,4462.0
7084,7086,4,4,1.0,0,1,0,0,21,5,2019,22,50,19,0,20,12898.0
7085,7087,4,4,1.0,0,1,0,1,27,3,2019,9,0,18,50,9,12032.0
7086,7088,4,4,2.0,0,1,0,0,9,5,2019,9,40,4,25,18,13029.0
7087,7089,0,0,3.0,0,0,1,0,3,6,2019,17,45,20,5,2,3543.0
7088,7090,2,2,3.0,0,0,0,1,3,3,2019,6,10,8,55,2,8851.0
7089,7091,4,4,1.0,0,1,0,1,6,6,2019,22,50,4,25,5,14714.0
7090,7092,3,3,3.0,0,0,1,0,24,4,2019,6,55,9,30,2,3841.0
7091,7093,4,4,1.0,0,0,1,1,21,3,2019,11,40,19,15,7,7531.0
7092,7094,4,4,1.0,0,0,1,1,27,3,2019,6,0,13,20,7,7845.0
7093,7095,3,3,1.0,0,1,0,0,9,5,2019,6,30,12,0,5,9663.0
7094,7096,1,1,3.0,0,1,0,1,6,5,2019,2,55,4,20,1,5678.0
7095,7097,2,2,3.0,1,0,0,1,18,5,2019,1,30,4,15,2,5780.0
7096,7098,3,3,3.0,0,0,1,0,9,4,2019,9,0,11,25,2,3841.0
7097,7099,4,4,1.0,0,0,0,1,24,6,2019,17,40,23,0,5,7174.0
7098,7100,3,3,2.0,0,0,0,1,18,5,2019,9,25,17,20,31,13616.0
7099,7101,4,4,2.0,0,0,1,1,27,5,2019,17,50,1,30,7,18275.0
7100,7102,3,3,2.0,0,0,0,1,15,5,2019,9,25,13,45,28,14482.0
7101,7103,3,3,2.0,0,0,0,1,6,5,2019,5,50,13,15,7,7662.0
7102,7104,4,4,2.0,0,0,0,1,15,5,2019,22,0,19,15,21,11281.0
7103,7105,3,3,1.0,0,0,0,1,21,5,2019,19,0,11,5,16,6117.0
7104,7106,2,2,3.0,0,0,1,1,6,4,2019,5,55,8,35,2,4423.0
7105,7107,3,3,2.0,0,0,0,1,6,6,2019,12,0,21,50,9,9416.0
7106,7108,2,2,3.0,0,0,0,1,21,6,2019,10,0,12,45,2,6961.0
7107,7109,4,4,2.0,0,1,0,1,1,6,2019,6,45,4,25,21,13376.0
7108,7110,2,2,3.0,0,0,1,1,24,3,2019,7,45,10,40,2,4239.0
7109,7111,4,4,1.0,0,0,1,1,15,5,2019,10,0,21,0,11,13727.0
7110,7112,3,3,1.0,0,1,0,1,18,5,2019,17,0,14,25,21,13067.0
7111,7113,2,2,3.0,0,0,0,1,21,6,2019,13,20,16,10,2,6961.0
7112,7114,3,3,1.0,0,1,0,0,1,4,2019,18,55,23,35,28,7064.0
7113,7115,4,4,1.0,1,0,0,1,21,3,2019,6,40,21,0,14,8784.0
7114,7116,3,3,1.0,0,1,0,1,1,5,2019,8,25,4,40,20,13941.0
7115,7117,4,4,1.0,0,0,1,1,24,6,2019,7,5,19,15,12,15058.0
7116,7118,4,4,1.0,0,0,1,1,27,6,2019,20,45,7,10,10,6451.0
7117,7119,4,4,2.0,0,1,0,1,6,6,2019,5,30,19,0,13,13014.0
7118,7120,4,4,1.0,0,0,1,1,3,3,2019,14,10,19,20,5,22794.0
7119,7121,4,4,1.0,0,0,1,1,27,4,2019,10,35,19,35,9,6922.0
7120,7122,2,2,3.0,0,1,0,1,12,4,2019,11,10,14,5,2,7229.0
7121,7123,4,4,1.0,0,0,1,1,12,6,2019,10,0,21,0,11,13587.0
7122,7124,4,4,2.0,0,0,0,1,21,3,2019,12,55,19,15,30,11228.0
7123,7125,2,2,3.0,0,0,1,1,1,5,2019,4,55,7,45,2,4282.0
7124,7126,2,2,1.0,0,1,0,1,18,3,2019,5,45,10,25,4,12284.0
7125,7127,4,4,1.0,0,1,0,0,9,6,2019,9,0,12,35,27,10262.0
7126,7128,4,4,3.0,0,0,1,1,21,5,2019,6,0,9,10,3,6741.0
7127,7129,2,2,3.0,1,0,0,1,15,6,2019,10,30,13,20,2,3943.0
7128,7130,3,3,1.0,0,0,0,1,12,5,2019,16,45,21,5,28,7662.0
7129,7131,3,3,1.0,0,1,0,0,12,5,2019,8,25,8,15,23,8586.0
7130,7132,4,4,1.0,0,0,0,1,27,3,2019,20,40,9,25,12,5117.0
7131,7133,4,4,2.0,0,1,0,1,24,6,2019,14,35,12,35,22,13376.0
7132,7134,4,4,1.0,1,0,0,1,15,5,2019,6,50,12,10,5,5298.0
7133,7135,2,2,3.0,0,0,1,1,9,4,2019,7,45,10,40,2,4632.0
7134,7136,4,4,2.0,0,1,0,1,1,6,2019,19,30,4,25,8,13014.0
7135,7137,2,2,3.0,1,0,0,1,1,3,2019,21,20,0,15,2,12649.0
7136,7138,3,3,1.0,1,0,0,1,24,3,2019,8,15,13,0,4,6303.0
7137,7139,4,4,2.0,0,0,1,1,9,3,2019,13,15,21,20,8,11560.0
7138,7140,2,2,3.0,1,0,0,1,21,5,2019,8,30,11,20,2,4823.0
7139,7141,4,4,1.0,0,0,1,1,21,4,2019,10,35,19,35,9,7031.0
7140,7142,2,2,3.0,0,0,1,1,15,5,2019,9,30,12,20,2,4423.0
7141,7143,4,4,2.0,0,0,0,1,12,6,2019,9,45,9,25,23,10975.0
7142,7144,3,3,3.0,0,0,1,1,9,4,2019,22,20,0,40,2,3873.0
7143,7145,3,3,3.0,0,0,1,1,24,4,2019,19,55,22,25,2,4107.0
7144,7146,2,2,1.0,0,1,0,0,18,3,2019,16,55,10,25,17,11087.0
7145,7147,4,4,1.0,0,0,1,1,15,5,2019,7,30,19,0,11,10529.0
7146,7148,2,2,3.0,0,0,1,1,15,3,2019,7,0,9,40,2,6138.0
7147,7149,2,2,1.0,0,1,0,1,12,3,2019,22,55,15,15,16,13817.0
7148,7150,4,4,1.0,0,0,1,0,27,6,2019,7,10,22,30,15,6093.0
7149,7151,1,1,3.0,0,1,0,1,24,3,2019,7,10,8,35,1,5678.0
7150,7152,3,3,1.0,0,0,0,1,1,4,2019,17,30,8,55,15,7893.0
7151,7153,2,2,3.0,0,0,0,1,1,5,2019,13,20,16,10,2,6121.0
7152,7154,2,2,3.0,0,1,0,0,9,4,2019,17,45,20,45,3,4544.0
7153,7155,4,4,1.0,0,1,0,1,3,6,2019,2,15,19,0,16,14714.0
7154,7156,3,3,1.0,0,1,0,1,18,5,2019,14,5,8,15,18,14388.0
7155,7157,4,4,1.0,0,0,1,1,1,6,2019,8,0,19,15,11,16108.0
7156,7158,4,4,1.0,0,0,1,1,3,6,2019,7,0,19,0,12,12402.0
7157,7159,3,3,1.0,0,1,0,0,1,5,2019,9,35,21,5,11,12384.0
7158,7160,4,4,3.0,0,0,0,1,24,4,2019,14,10,17,10,3,6094.0
7159,7161,3,3,1.0,1,0,0,1,9,6,2019,19,35,23,15,3,5276.0
7160,7162,3,3,3.0,1,0,0,1,24,6,2019,4,40,7,15,2,4804.0
7161,7163,4,4,2.0,0,0,0,1,1,5,2019,22,0,19,15,21,11281.0
7162,7164,4,4,1.0,0,1,0,0,27,3,2019,8,0,18,50,10,6068.0
7163,7165,2,2,3.0,0,1,0,1,12,5,2019,7,10,10,10,3,7229.0
7164,7166,4,4,1.0,1,0,0,1,12,6,2019,9,15,1,30,16,6628.0
7165,7167,2,2,1.0,0,1,0,0,6,3,2019,14,5,7,40,17,13502.0
7166,7168,4,4,1.0,0,0,1,0,9,3,2019,16,0,1,35,9,14086.0
7167,7169,4,4,1.0,0,0,1,1,12,6,2019,10,35,19,35,9,4959.0
7168,7170,4,4,1.0,0,1,0,1,27,5,2019,2,15,12,35,10,16376.0
7169,7171,3,3,3.0,1,0,0,1,15,6,2019,22,15,0,50,2,4804.0
7170,7172,2,2,1.0,0,1,0,1,12,3,2019,22,55,16,10,17,13817.0
7171,7173,2,2,3.0,0,1,0,1,1,5,2019,15,15,18,10,2,7229.0
7172,7174,0,0,3.0,0,0,1,0,3,6,2019,9,45,12,0,2,3859.0
7173,7175,3,3,2.0,0,0,0,1,21,5,2019,10,0,5,25,19,13899.0
7174,7176,4,4,1.0,1,0,0,1,24,6,2019,9,15,1,30,16,6628.0
7175,7177,4,4,1.0,1,0,0,1,15,5,2019,23,30,4,35,5,10123.0
7176,7178,3,3,3.0,0,0,1,1,3,4,2019,6,55,9,30,2,3873.0
7177,7179,3,3,1.0,0,1,0,1,24,3,2019,6,30,23,25,16,13339.0
7178,7180,4,4,1.0,0,1,0,1,6,6,2019,19,45,4,25,8,14714.0
7179,7181,3,3,1.0,0,1,0,1,12,6,2019,20,25,18,0,21,12692.0
7180,7182,4,4,1.0,0,0,1,1,15,6,2019,7,0,12,55,5,5281.0
7181,7183,4,4,2.0,0,1,0,0,24,6,2019,5,30,19,0,13,10368.0
7182,7184,4,4,1.0,0,0,1,1,27,5,2019,16,0,1,30,9,13377.0
7183,7185,4,4,2.0,0,1,0,1,27,5,2019,23,5,19,0,19,15129.0
7184,7186,2,2,3.0,0,0,0,1,6,6,2019,10,0,12,45,2,6961.0
7185,7187,3,3,1.0,0,1,0,0,24,5,2019,20,0,19,50,23,10844.0
7186,7188,3,3,1.0,0,1,0,1,24,3,2019,19,45,16,20,20,13759.0
7187,7189,1,1,2.0,0,0,0,1,12,3,2019,6,0,19,25,37,12119.0
7188,7190,3,3,3.0,0,0,1,1,15,6,2019,22,50,1,20,2,3807.0
7189,7191,2,2,3.0,1,0,0,1,18,5,2019,22,10,1,0,2,3943.0
7190,7192,3,3,1.0,0,1,0,1,1,5,2019,16,30,8,15,15,13941.0
7191,7193,3,3,1.0,0,1,0,0,24,5,2019,20,0,10,5,14,8586.0
7192,7194,3,3,3.0,0,0,0,1,1,4,2019,14,15,16,45,2,6245.0
7193,7195,3,3,1.0,0,1,0,1,6,5,2019,9,35,18,0,8,13067.0
7194,7196,4,4,1.0,1,0,0,1,6,3,2019,8,25,15,30,7,14871.0
7195,7197,4,4,1.0,0,0,1,1,24,6,2019,14,0,1,30,11,13377.0
7196,7198,4,4,1.0,0,1,0,0,9,5,2019,19,45,19,0,23,12373.0
7197,7199,3,3,1.0,0,1,0,1,24,3,2019,13,55,19,40,5,14231.0
7198,7200,1,1,3.0,0,0,1,0,1,5,2019,22,45,0,15,1,1965.0
7199,7201,4,4,1.0,0,1,0,1,3,6,2019,7,5,12,35,5,14924.0
7200,7202,3,3,3.0,1,0,0,1,1,4,2019,15,30,18,5,2,4174.0
7201,7203,4,4,1.0,0,0,1,1,3,4,2019,7,0,12,55,5,4725.0
7202,7204,4,4,1.0,0,0,1,1,3,3,2019,2,15,13,20,11,17057.0
7203,7205,2,2,1.0,0,0,0,1,3,3,2019,11,5,22,45,11,11444.0
7204,7206,4,4,3.0,0,1,0,0,12,6,2019,11,0,14,15,3,7202.0
7205,7207,2,2,3.0,0,1,0,0,15,5,2019,18,55,22,0,3,4030.0
7206,7208,1,1,1.0,0,0,0,1,6,3,2019,9,15,9,15,24,9535.0
7207,7209,3,3,1.0,0,1,0,0,1,5,2019,16,30,10,5,17,8586.0
7208,7210,3,3,1.0,0,1,0,0,18,5,2019,5,45,4,40,22,8586.0
7209,7211,2,2,3.0,0,0,1,1,18,5,2019,5,55,8,35,2,3625.0
7210,7212,4,4,1.0,0,0,1,1,27,3,2019,6,0,21,0,15,8055.0
7211,7213,1,1,3.0,0,0,0,1,21,3,2019,6,20,7,40,1,3100.0
7212,7214,3,3,1.0,1,0,0,1,9,6,2019,17,35,22,15,4,5699.0
7213,7215,4,4,2.0,0,1,0,1,27,5,2019,19,30,4,25,8,15129.0
7214,7216,3,3,1.0,0,0,1,1,9,5,2019,17,0,9,5,16,9187.0
7215,7217,4,4,2.0,0,0,0,1,24,6,2019,18,45,19,15,24,11732.0
7216,7218,3,3,3.0,0,0,1,0,1,4,2019,22,20,0,40,2,3841.0
7217,7219,4,4,1.0,0,0,1,1,6,5,2019,10,20,19,0,8,9794.0
7218,7220,3,3,1.0,1,0,0,1,18,5,2019,9,20,14,15,4,12198.0
7219,7221,3,3,1.0,0,1,0,1,6,6,2019,21,10,10,5,12,14571.0
7220,7222,1,1,3.0,1,0,0,1,3,3,2019,9,10,10,40,1,5755.0
7221,7223,3,3,1.0,0,1,0,1,6,6,2019,9,35,22,5,12,14151.0
7222,7224,2,2,3.0,0,0,1,1,18,4,2019,17,0,19,35,2,5613.0
7223,7225,3,3,1.0,0,1,0,1,6,5,2019,17,0,10,55,17,13067.0
7224,7226,4,4,1.0,0,1,0,1,21,3,2019,18,15,18,50,24,12557.0
7225,7227,4,4,1.0,0,1,0,1,3,6,2019,20,55,4,25,7,14714.0
7226,7228,2,2,3.0,0,1,0,0,3,5,2019,15,15,18,10,2,4544.0
7227,7229,4,4,2.0,0,0,0,1,1,6,2019,22,0,19,15,21,10441.0
7228,7230,3,3,3.0,0,0,1,1,1,4,2019,22,50,1,20,2,4107.0
7229,7231,2,2,3.0,1,0,0,1,18,4,2019,16,55,19,55,3,4990.0
7230,7232,4,4,2.0,0,1,0,1,21,3,2019,5,30,18,50,37,12341.0
7231,7233,4,4,2.0,0,0,0,1,3,3,2019,19,45,19,15,23,12856.0
7232,7234,3,3,1.0,0,0,0,1,1,4,2019,10,0,23,15,13,7893.0
7233,7235,4,4,3.0,0,0,1,1,15,3,2019,14,55,17,50,2,6688.0
7234,7236,4,4,1.0,0,1,0,0,27,3,2019,9,0,18,50,9,5963.0
7235,7237,2,2,3.0,1,0,0,1,24,5,2019,22,10,1,0,2,3419.0
7236,7238,1,1,3.0,0,1,0,0,21,3,2019,19,35,21,5,1,2228.0
7237,7239,1,1,3.0,0,0,0,1,24,3,2019,19,30,20,45,1,2575.0
7238,7240,4,4,2.0,0,1,0,1,24,6,2019,21,25,19,0,21,13292.0
7239,7241,2,2,3.0,1,0,0,1,9,5,2019,8,30,11,20,2,4823.0
7240,7242,3,3,1.0,0,1,0,0,12,6,2019,14,5,20,45,6,9899.0
7241,7243,3,3,2.0,0,0,0,1,6,5,2019,9,50,23,15,13,14120.0
7242,7244,4,4,1.0,0,0,0,1,6,3,2019,9,0,19,15,10,15284.0
7243,7245,4,4,1.0,0,0,1,1,9,6,2019,3,50,19,0,15,12192.0
7244,7246,3,3,2.0,0,0,0,1,24,3,2019,7,0,1,20,18,13428.0
7245,7247,0,0,3.0,0,0,1,0,3,6,2019,8,20,10,35,2,3543.0
7246,7248,4,4,1.0,0,1,0,0,1,4,2019,10,0,12,35,26,5406.0
7247,7249,4,4,0.0,0,0,0,1,1,6,2019,5,15,7,40,26,12383.0
7248,7250,4,4,1.0,0,0,0,1,24,6,2019,13,0,19,15,6,8372.0
7249,7251,2,2,3.0,1,0,0,1,3,3,2019,21,20,0,15,2,6144.0
7250,7252,3,3,1.0,0,1,0,0,24,5,2019,18,55,8,15,13,8586.0
7251,7253,2,2,3.0,0,0,1,1,9,5,2019,4,55,7,45,2,4282.0
7252,7254,4,4,1.0,0,1,0,1,21,5,2019,11,30,19,0,7,16079.0
7253,7255,1,1,3.0,1,0,0,1,15,3,2019,16,55,18,25,1,3175.0
7254,7256,4,4,1.0,0,1,0,1,6,3,2019,13,0,4,25,15,15764.0
7255,7257,1,1,3.0,1,0,0,1,6,3,2019,6,20,7,45,1,4784.0
7256,7258,4,4,1.0,0,0,1,1,3,3,2019,8,0,15,30,7,17057.0
7257,7259,4,4,2.0,0,1,0,1,15,6,2019,5,30,4,25,22,13014.0
7258,7260,4,4,1.0,0,1,0,1,12,6,2019,22,50,19,0,20,14714.0
7259,7261,4,4,3.0,0,1,0,1,21,5,2019,9,50,13,5,3,9564.0
7260,7262,4,4,1.0,0,0,0,1,12,6,2019,20,30,8,15,11,8991.0
7261,7263,3,3,3.0,1,0,0,1,15,6,2019,15,15,17,45,2,4804.0
7262,7264,4,4,1.0,0,1,0,1,27,3,2019,19,15,4,25,9,12242.0
7263,7265,3,3,3.0,1,0,0,1,21,3,2019,22,10,0,55,2,4148.0
7264,7266,3,3,1.0,0,1,0,0,18,5,2019,16,30,8,15,15,8586.0
7265,7267,4,4,1.0,0,1,0,0,3,6,2019,10,0,4,25,18,11627.0
7266,7268,3,3,1.0,0,1,0,0,1,4,2019,8,25,19,50,11,7064.0
7267,7269,2,2,1.0,0,0,1,1,3,3,2019,6,40,10,25,27,12476.0
7268,7270,4,4,1.0,0,1,0,0,1,6,2019,13,0,4,25,15,10262.0
7269,7271,1,1,3.0,0,1,0,1,1,6,2019,10,20,11,50,1,5678.0
7270,7272,4,4,1.0,0,0,1,1,27,3,2019,7,55,13,10,5,6151.0
7271,7273,4,4,1.0,0,0,1,1,21,5,2019,18,15,1,30,7,14067.0
7272,7274,3,3,1.0,0,0,0,1,15,5,2019,7,0,16,15,9,11936.0
7273,7275,3,3,1.0,0,0,0,1,12,5,2019,19,0,11,5,16,6327.0
7274,7276,3,3,1.0,0,1,0,0,12,6,2019,8,25,10,5,25,8529.0
7275,7277,4,4,2.0,0,0,0,1,18,5,2019,19,45,19,15,23,10651.0
7276,7278,2,2,3.0,0,0,1,1,1,6,2019,11,30,14,20,2,4668.0
7277,7279,4,4,1.0,0,0,1,1,24,4,2019,10,35,19,35,9,5430.0
7278,7280,2,2,3.0,0,1,0,0,1,6,2019,17,45,20,45,3,7229.0
7279,7281,4,4,1.0,1,0,0,1,21,3,2019,4,45,21,0,16,6314.0
7280,7282,2,2,3.0,0,0,1,1,3,6,2019,23,55,2,45,2,7120.0
7281,7283,4,4,2.0,0,1,0,1,18,5,2019,23,5,4,25,29,15129.0
7282,7284,3,3,3.0,0,0,1,0,6,5,2019,9,0,11,25,2,3841.0
7283,7285,3,3,3.0,0,0,1,0,27,4,2019,14,55,17,25,2,3841.0
7284,7286,4,4,1.0,0,0,0,1,24,6,2019,17,20,9,25,16,7480.0
7285,7287,3,3,2.0,0,0,0,1,6,5,2019,12,0,11,10,23,10676.0
7286,7288,2,2,3.0,1,0,0,1,21,4,2019,6,5,8,50,2,4423.0
7287,7289,4,4,1.0,1,0,0,1,21,3,2019,9,10,15,30,6,9709.0
7288,7290,4,4,1.0,0,0,1,1,27,6,2019,10,0,1,30,15,7198.0
7289,7291,4,4,1.0,0,0,1,1,6,6,2019,7,5,19,15,12,14848.0
7290,7292,1,1,3.0,0,0,1,0,12,5,2019,5,45,7,15,1,1965.0
7291,7293,2,2,1.0,0,1,0,0,15,3,2019,8,0,18,25,10,9134.0
7292,7294,4,4,1.0,0,0,1,1,21,5,2019,12,50,1,30,12,7485.0
7293,7295,4,4,1.0,1,0,0,1,12,6,2019,7,35,16,10,8,6442.0
7294,7296,4,4,2.0,0,1,0,0,3,6,2019,11,40,19,0,7,15812.0
7295,7297,4,4,2.0,0,0,0,1,9,6,2019,9,45,9,25,23,11185.0
7296,7298,1,1,3.0,1,0,0,1,15,3,2019,12,0,13,25,1,3175.0
7297,7299,3,3,1.0,0,0,1,1,21,5,2019,7,10,22,40,15,8452.0
7298,7300,4,4,1.0,0,1,0,0,15,6,2019,19,45,12,35,16,10262.0
7299,7301,2,2,3.0,0,0,0,1,21,5,2019,21,5,23,55,2,5228.0
7300,7302,3,3,1.0,0,1,0,0,9,5,2019,20,25,14,25,18,9314.0
7301,7303,4,4,2.0,0,1,0,0,1,6,2019,11,40,19,0,7,15812.0
7302,7304,3,3,1.0,0,1,0,1,12,5,2019,17,0,10,55,17,14151.0
7303,7305,2,2,3.0,0,0,1,1,24,5,2019,9,30,12,20,2,3625.0
7304,7306,4,4,2.0,0,0,0,1,3,3,2019,5,0,19,15,38,10283.0
7305,7307,4,4,1.0,0,1,0,0,1,6,2019,2,15,19,0,16,10262.0
7306,7308,3,3,1.0,0,1,0,0,21,5,2019,8,25,18,15,9,10844.0
7307,7309,3,3,1.0,0,1,0,0,1,5,2019,17,0,23,35,6,12384.0
7308,7310,4,4,1.0,0,1,0,1,9,4,2019,22,50,12,35,13,11822.0
7309,7311,2,2,1.0,0,0,1,1,9,3,2019,6,40,10,25,27,10008.0
7310,7312,4,4,1.0,1,0,0,1,18,5,2019,16,10,22,30,6,7640.0
7311,7313,3,3,1.0,0,1,0,1,1,5,2019,14,5,19,50,5,14781.0
7312,7314,2,2,3.0,0,0,1,1,24,3,2019,9,35,12,30,2,4377.0
7313,7315,4,4,1.0,1,0,0,1,15,6,2019,6,50,12,10,5,5298.0
7314,7316,1,1,3.0,1,0,0,1,24,3,2019,20,5,21,35,1,2227.0
7315,7317,4,4,1.0,0,0,1,1,27,5,2019,7,0,19,0,12,10407.0
7316,7318,4,4,2.0,0,1,0,0,27,6,2019,21,25,12,35,15,11507.0
7317,7319,4,4,1.0,1,0,0,1,9,6,2019,20,25,1,30,5,5458.0
7318,7320,2,2,3.0,1,0,0,1,12,6,2019,23,30,2,20,2,3943.0
7319,7321,4,4,1.0,0,1,0,1,3,3,2019,11,30,18,50,7,18550.0
7320,7322,3,3,1.0,0,0,1,1,9,6,2019,20,20,10,45,14,9397.0
7321,7323,3,3,3.0,0,0,1,0,21,5,2019,6,55,9,30,2,3841.0
7322,7324,2,2,3.0,0,1,0,1,27,4,2019,7,10,10,10,3,7229.0
7323,7325,2,2,3.0,1,0,0,1,18,6,2019,18,55,21,50,2,4823.0
7324,7326,3,3,1.0,0,1,0,0,9,6,2019,18,55,20,45,25,10844.0
7325,7327,4,4,1.0,0,0,0,1,9,5,2019,6,10,23,0,16,7174.0
7326,7328,3,3,3.0,1,0,0,1,3,3,2019,15,10,17,45,2,6985.0
7327,7329,4,4,2.0,0,1,0,1,27,3,2019,5,25,19,45,38,11664.0
7328,7330,4,4,1.0,0,0,1,1,15,5,2019,7,0,21,0,14,8073.0
7329,7331,4,4,2.0,0,0,0,1,12,6,2019,17,15,9,25,16,9417.0
7330,7332,4,4,1.0,0,0,0,1,27,6,2019,8,0,19,15,11,8372.0
7331,7333,4,4,1.0,0,0,1,1,9,3,2019,6,0,19,15,13,14408.0
7332,7334,1,1,3.0,0,1,0,1,24,5,2019,19,35,21,5,1,5678.0
7333,7335,2,2,3.0,1,0,0,1,21,3,2019,13,0,15,50,2,5694.0
7334,7336,3,3,1.0,0,1,0,0,12,5,2019,21,10,4,40,7,8586.0
7335,7337,2,2,1.0,0,1,0,0,18,3,2019,22,50,8,15,9,11087.0
7336,7338,2,2,3.0,1,0,0,1,27,4,2019,16,55,19,55,3,4823.0
7337,7339,4,4,1.0,0,0,1,1,3,6,2019,6,5,11,20,5,5583.0
7338,7340,4,4,2.0,0,1,0,1,21,3,2019,18,25,18,50,24,11869.0
7339,7341,2,2,3.0,1,0,0,1,24,6,2019,16,55,19,55,3,4823.0
7340,7342,4,4,1.0,0,1,0,0,9,5,2019,7,5,12,35,5,12373.0
7341,7343,4,4,1.0,0,0,1,0,24,6,2019,10,20,19,15,8,7268.0
7342,7344,2,2,1.0,0,1,0,1,6,3,2019,16,55,11,25,18,17261.0
7343,7345,4,4,2.0,0,1,0,0,15,6,2019,5,30,4,25,22,10368.0
7344,7346,0,0,3.0,1,0,0,1,27,3,2019,13,20,15,35,2,3384.0
7345,7347,3,3,3.0,0,0,1,1,27,3,2019,9,0,11,30,2,3847.0
7346,7348,4,4,1.0,1,0,0,1,3,6,2019,10,35,21,0,10,6093.0
7347,7349,4,4,2.0,0,0,0,1,27,6,2019,13,15,7,40,18,13547.0
7348,7350,2,2,3.0,0,0,1,1,6,6,2019,23,55,2,45,2,7120.0
7349,7351,4,4,2.0,0,0,1,1,3,3,2019,20,5,4,25,8,46490.0
7350,7352,4,4,2.0,0,1,0,0,27,5,2019,9,35,12,35,27,12872.0
7351,7353,3,3,1.0,1,0,0,1,15,5,2019,19,35,23,15,3,4226.0
7352,7354,3,3,1.0,0,1,0,0,24,5,2019,18,55,9,20,14,10844.0
7353,7355,2,2,3.0,0,0,1,1,9,6,2019,11,30,14,20,2,4668.0
7354,7356,4,4,1.0,0,0,1,1,1,3,2019,0,20,13,20,13,29528.0
7355,7357,0,0,3.0,0,0,1,1,12,3,2019,17,45,20,5,2,6300.0
7356,7358,4,4,2.0,0,1,0,1,9,6,2019,11,45,4,25,16,13882.0
7357,7359,2,2,3.0,0,0,1,1,24,5,2019,7,0,9,40,2,4668.0
7358,7360,3,3,3.0,1,0,0,1,1,4,2019,17,15,19,50,2,4174.0
7359,7361,1,1,3.0,1,0,0,1,15,5,2019,12,0,13,30,1,2754.0
7360,7362,1,1,3.0,1,0,0,1,21,5,2019,12,0,13,30,1,2754.0
7361,7363,2,2,3.0,0,0,1,1,12,5,2019,9,45,12,35,2,4668.0
7362,7364,3,3,3.0,1,0,0,1,12,6,2019,15,30,18,5,2,4804.0
7363,7365,4,4,2.0,0,0,0,1,9,6,2019,5,0,7,40,26,10756.0
7364,7366,4,4,1.0,0,0,1,1,1,6,2019,18,0,1,30,7,7933.0
7365,7367,0,0,3.0,0,0,1,0,9,5,2019,9,45,12,0,2,3543.0
7366,7368,4,4,2.0,0,1,0,0,21,5,2019,9,40,4,25,18,13029.0
7367,7369,3,3,1.0,0,1,0,1,9,6,2019,8,25,4,40,20,13731.0
7368,7370,3,3,3.0,1,0,0,1,27,6,2019,21,25,0,5,2,4804.0
7369,7371,3,3,3.0,1,0,0,1,9,3,2019,9,35,12,20,2,4148.0
7370,7372,4,4,1.0,1,0,0,1,1,4,2019,2,0,7,25,5,5164.0
7371,7373,4,4,1.0,0,0,1,1,27,6,2019,7,0,19,0,12,12192.0
7372,7374,4,4,1.0,0,0,1,1,6,3,2019,9,0,21,0,12,15078.0
7373,7375,3,3,1.0,1,0,0,1,6,4,2019,15,15,20,30,5,4268.0
7374,7376,2,2,3.0,0,1,0,0,24,6,2019,11,10,14,5,2,5769.0
7375,7377,2,2,1.0,0,1,0,1,1,3,2019,8,55,18,25,9,26890.0
7376,7378,3,3,3.0,0,0,1,0,15,3,2019,17,15,19,45,2,3815.0
7377,7379,3,3,1.0,0,1,0,0,24,5,2019,14,5,9,20,19,9663.0
7378,7380,2,2,3.0,1,0,0,1,3,4,2019,18,25,21,20,2,4823.0
7379,7381,4,4,1.0,1,0,0,1,6,3,2019,7,30,13,20,5,13628.0
7380,7382,3,3,1.0,0,0,1,1,6,5,2019,23,30,7,45,8,7451.0
7381,7383,2,2,3.0,0,1,0,1,1,4,2019,7,10,10,10,3,7229.0
7382,7384,4,4,2.0,0,1,0,0,3,6,2019,9,40,12,35,26,10368.0
7383,7385,0,0,3.0,1,0,0,1,1,6,2019,11,35,14,0,2,3858.0
7384,7386,3,3,1.0,0,1,0,0,21,5,2019,21,10,10,5,12,8586.0
7385,7387,3,3,1.0,0,1,0,1,18,5,2019,5,45,19,50,14,14781.0
7386,7388,4,4,2.0,0,0,0,1,15,5,2019,17,15,7,40,14,13039.0
7387,7389,2,2,3.0,0,0,1,1,21,6,2019,21,0,23,50,2,5613.0
7388,7390,2,2,3.0,0,0,1,1,9,3,2019,11,40,14,35,2,7305.0
7389,7391,4,4,1.0,0,1,0,0,24,6,2019,18,15,4,25,10,10262.0
7390,7392,1,1,3.0,0,0,0,1,1,3,2019,19,30,20,45,1,15385.0
7391,7393,3,3,1.0,0,1,0,0,24,3,2019,16,55,16,20,23,11134.0
7392,7394,2,2,3.0,0,1,0,1,12,4,2019,18,55,22,0,3,7229.0
7393,7395,2,2,3.0,0,0,1,1,3,3,2019,20,30,23,20,2,6860.0
7394,7396,4,4,1.0,0,1,0,1,9,3,2019,19,45,4,25,8,15554.0
7395,7397,3,3,1.0,0,1,0,0,1,4,2019,9,35,21,5,11,8066.0
7396,7398,4,4,1.0,1,0,0,1,3,6,2019,15,10,20,0,4,6493.0
7397,7399,2,2,2.0,0,0,0,1,15,3,2019,17,0,22,55,29,8534.0
7398,7400,4,4,2.0,0,1,0,0,6,6,2019,5,30,12,35,7,13344.0
7399,7401,1,1,1.0,0,0,1,1,6,3,2019,14,40,9,25,18,12395.0
7400,7402,4,4,2.0,0,0,0,1,3,6,2019,12,55,19,15,30,12436.0
7401,7403,4,4,1.0,1,0,0,1,9,6,2019,14,20,22,30,8,6938.0
7402,7404,3,3,3.0,0,0,0,1,3,4,2019,20,45,23,20,2,4460.0
7403,7405,3,3,3.0,0,0,1,1,24,3,2019,17,15,19,45,2,6461.0
7404,7406,4,4,1.0,0,0,1,1,12,6,2019,14,25,19,35,5,7870.0
7405,7407,1,1,1.0,0,0,1,1,6,3,2019,11,55,22,55,11,12395.0
7406,7408,4,4,1.0,0,0,0,1,27,6,2019,9,0,19,15,10,8372.0
7407,7409,3,3,1.0,0,1,0,0,12,6,2019,14,5,18,15,28,8529.0
7408,7410,3,3,1.0,0,0,1,1,9,6,2019,6,50,10,30,3,6857.0
7409,7411,2,2,3.0,0,0,1,1,1,5,2019,11,30,14,20,2,4668.0
7410,7412,1,1,3.0,0,0,0,1,3,5,2019,21,5,22,25,1,3100.0
7411,7413,2,2,3.0,0,0,1,1,27,4,2019,9,30,12,20,2,4991.0
7412,7414,3,3,3.0,1,0,0,1,6,5,2019,15,15,17,45,2,4804.0
7413,7415,3,3,1.0,0,1,0,0,24,3,2019,8,25,20,40,12,11134.0
7414,7416,4,4,1.0,0,0,1,1,21,3,2019,17,0,1,35,8,7363.0
7415,7417,1,1,3.0,1,0,0,1,1,4,2019,20,5,21,40,1,2227.0
7416,7418,4,4,2.0,0,1,0,1,21,5,2019,9,35,12,35,27,13559.0
7417,7419,4,4,1.0,0,0,1,1,9,6,2019,9,45,22,30,12,9646.0
7418,7420,4,4,1.0,1,0,0,1,27,5,2019,7,30,21,0,13,6526.0
7419,7421,1,1,3.0,0,1,0,1,24,6,2019,8,45,10,15,1,8040.0
7420,7422,4,4,2.0,0,1,0,1,1,5,2019,9,40,12,35,26,15129.0
7421,7423,4,4,1.0,1,0,0,1,21,4,2019,2,0,7,25,5,5636.0
7422,7424,1,1,3.0,0,1,0,1,15,6,2019,2,55,4,20,1,5678.0
7423,7425,2,2,1.0,0,0,0,1,1,3,2019,13,50,18,40,28,17198.0
7424,7426,4,4,1.0,0,0,1,1,9,3,2019,8,0,19,45,11,16287.0
7425,7427,4,4,1.0,1,0,0,1,9,3,2019,5,35,10,10,4,9476.0
7426,7428,3,3,2.0,0,0,0,1,9,6,2019,9,25,5,25,20,13007.0
7427,7429,4,4,1.0,1,0,0,1,27,5,2019,7,35,22,30,14,7514.0
7428,7430,3,3,3.0,1,0,0,1,6,3,2019,15,10,17,45,2,5618.0
7429,7431,0,0,3.0,0,0,1,1,6,5,2019,8,20,10,35,2,3911.0
7430,7432,2,2,3.0,1,0,0,1,18,5,2019,20,0,22,50,2,4823.0
7431,7433,3,3,2.0,0,0,0,1,9,6,2019,9,25,13,45,28,11752.0
7432,7434,3,3,1.0,0,1,0,1,9,6,2019,20,0,12,0,16,14571.0
7433,7435,4,4,1.0,0,0,0,1,9,6,2019,20,0,19,15,23,8372.0
7434,7436,2,2,3.0,0,0,1,1,24,4,2019,5,55,8,35,2,3971.0
7435,7437,4,4,1.0,0,1,0,0,12,6,2019,22,50,4,25,5,10262.0
7436,7438,0,0,3.0,1,0,0,1,6,5,2019,13,15,15,35,2,3597.0
7437,7439,4,4,2.0,0,0,0,1,9,6,2019,12,55,19,15,30,12436.0
7438,7440,4,4,1.0,0,1,0,1,6,6,2019,13,0,19,0,6,14714.0
7439,7441,4,4,1.0,0,1,0,0,21,5,2019,19,45,12,35,16,12898.0
7440,7442,3,3,1.0,0,0,1,1,24,3,2019,11,15,18,15,7,12287.0
7441,7443,4,4,1.0,1,0,0,1,21,5,2019,21,50,3,35,5,7189.0
7442,7444,2,2,3.0,0,0,0,1,21,5,2019,17,0,19,50,2,6961.0
7443,7445,3,3,2.0,0,0,0,1,24,3,2019,13,55,23,15,33,15292.0
7444,7446,4,4,2.0,0,1,0,0,1,6,2019,5,30,19,0,13,10368.0
7445,7447,4,4,2.0,0,1,0,1,6,6,2019,21,25,19,0,21,13292.0
7446,7448,4,4,1.0,0,0,0,1,9,3,2019,6,10,23,0,16,9064.0
7447,7449,3,3,1.0,0,1,0,1,18,5,2019,21,10,9,20,12,14388.0
7448,7450,2,2,3.0,0,0,1,1,12,6,2019,5,55,8,35,2,4423.0
7449,7451,4,4,2.0,0,0,0,1,1,5,2019,17,15,9,25,16,8839.0
7450,7452,3,3,1.0,0,0,1,1,24,5,2019,17,0,23,25,6,9870.0
7451,7453,4,4,2.0,0,1,0,1,27,6,2019,23,5,19,0,19,12819.0
7452,7454,4,4,1.0,0,0,1,1,15,5,2019,19,0,1,30,6,7670.0
7453,7455,3,3,1.0,0,1,0,0,9,5,2019,20,25,10,55,14,8066.0
7454,7456,1,1,2.0,0,0,0,1,6,3,2019,5,5,16,55,11,16697.0
7455,7457,4,4,1.0,1,0,0,1,12,6,2019,15,0,1,30,10,5684.0
7456,7458,4,4,1.0,0,0,1,1,1,6,2019,11,25,19,0,7,11200.0
7457,7459,3,3,1.0,0,1,0,1,24,3,2019,21,10,20,40,23,13759.0
7458,7460,2,2,3.0,1,0,0,1,24,3,2019,13,0,15,50,2,5694.0
7459,7461,2,2,1.0,0,0,1,1,1,3,2019,6,40,10,25,27,12371.0
7460,7462,4,4,1.0,1,0,0,1,9,4,2019,16,0,1,30,9,6573.0
7461,7463,4,4,1.0,0,0,1,1,6,3,2019,6,0,13,20,7,6393.0
7462,7464,3,3,3.0,1,0,0,1,6,6,2019,11,30,14,5,2,5224.0
7463,7465,2,2,3.0,0,1,0,0,9,5,2019,17,45,20,45,3,5198.0
7464,7466,3,3,1.0,0,1,0,1,21,5,2019,21,10,4,40,7,13941.0
7465,7467,0,0,3.0,0,0,1,1,15,3,2019,9,30,12,5,2,6300.0
7466,7468,4,4,2.0,0,1,0,1,24,6,2019,9,35,12,35,27,12609.0
7467,7469,4,4,1.0,0,0,1,1,3,6,2019,9,0,21,0,12,13587.0
7468,7470,4,4,1.0,0,0,1,1,24,6,2019,13,0,21,0,8,13587.0
7469,7471,4,4,1.0,0,1,0,0,27,6,2019,10,0,12,35,26,10262.0
7470,7472,4,4,1.0,0,0,0,1,6,3,2019,10,0,19,15,9,16439.0
7471,7473,3,3,1.0,0,1,0,1,21,5,2019,14,5,22,35,8,14781.0
7472,7474,4,4,1.0,0,1,0,0,3,6,2019,19,45,12,35,16,10262.0
7473,7475,3,3,1.0,0,1,0,0,24,5,2019,14,5,18,15,28,10844.0
7474,7476,2,2,3.0,1,0,0,1,15,6,2019,18,25,21,20,2,4823.0
7475,7477,2,2,3.0,0,0,0,1,9,4,2019,17,0,19,50,2,5911.0
7476,7478,4,4,1.0,0,0,1,1,24,6,2019,13,0,1,30,12,13377.0
7477,7479,4,4,1.0,0,0,1,1,27,3,2019,7,10,22,20,15,6145.0
7478,7480,1,1,3.0,0,0,1,0,27,6,2019,22,45,0,15,1,1965.0
7479,7481,4,4,1.0,1,0,0,1,27,3,2019,7,35,16,10,8,6442.0
7480,7482,3,3,1.0,0,1,0,1,6,5,2019,16,30,16,20,23,13941.0
7481,7483,4,4,1.0,0,0,0,1,3,3,2019,6,10,23,0,16,13002.0
7482,7484,4,4,1.0,0,0,0,1,24,6,2019,13,30,23,0,9,8907.0
7483,7485,4,4,2.0,0,1,0,1,27,5,2019,9,35,12,35,27,14657.0
7484,7486,3,3,3.0,0,0,1,1,6,5,2019,22,20,0,40,2,3873.0
7485,7487,3,3,1.0,0,1,0,1,21,5,2019,14,5,23,35,9,14781.0
7486,7488,2,2,3.0,0,0,0,1,18,6,2019,21,5,23,55,2,5228.0
7487,7489,2,2,3.0,0,0,1,1,9,3,2019,5,50,8,40,2,7652.0
7488,7490,2,2,3.0,0,1,0,1,24,3,2019,8,20,11,15,2,7229.0
7489,7491,3,3,1.0,1,0,0,1,1,5,2019,6,20,10,20,4,4226.0
7490,7492,4,4,1.0,0,1,0,0,9,5,2019,20,55,19,0,22,12373.0
7491,7493,2,2,3.0,1,0,0,1,15,3,2019,8,30,11,30,3,6860.0
7492,7494,3,3,1.0,0,1,0,0,24,5,2019,16,30,12,0,19,10844.0
7493,7495,4,4,1.0,0,1,0,0,18,5,2019,15,0,12,35,21,12373.0
7494,7496,2,2,3.0,1,0,0,1,24,3,2019,1,30,4,15,2,4238.0
7495,7497,2,2,1.0,0,1,0,0,3,3,2019,8,0,5,5,21,13502.0
7496,7498,3,3,1.0,0,1,0,1,6,5,2019,20,25,23,35,27,10953.0
7497,7499,3,3,3.0,0,0,1,1,21,3,2019,22,50,1,20,2,3782.0
7498,7500,3,3,1.0,0,1,0,1,12,5,2019,14,5,19,50,5,14781.0
7499,7501,3,3,3.0,1,0,0,1,6,6,2019,20,25,23,10,2,4804.0
7500,7502,2,2,3.0,0,0,1,1,3,3,2019,20,30,23,20,2,6860.0
7501,7503,3,3,2.0,0,0,0,1,24,5,2019,9,10,4,40,19,6117.0
7502,7504,2,2,3.0,0,1,0,1,15,6,2019,15,15,18,10,2,8016.0
7503,7505,4,4,3.0,0,0,1,1,21,6,2019,6,0,9,10,3,6216.0
7504,7506,2,2,3.0,0,1,0,1,12,6,2019,6,0,8,45,2,8016.0
7505,7507,2,2,1.0,0,1,0,0,18,3,2019,22,50,10,25,11,11087.0
7506,7508,1,1,3.0,0,1,0,1,18,5,2019,7,5,8,30,1,5678.0
7507,7509,2,2,3.0,0,1,0,1,9,5,2019,11,10,14,5,2,7229.0
7508,7510,2,2,3.0,1,0,0,1,3,3,2019,7,10,10,5,2,6860.0
7509,7511,4,4,1.0,0,0,1,1,27,5,2019,8,0,19,0,11,10407.0
7510,7512,4,4,1.0,0,0,1,1,24,6,2019,7,5,21,0,13,13797.0
7511,7513,2,2,3.0,0,0,0,1,24,6,2019,6,10,8,55,2,6961.0
7512,7514,3,3,1.0,0,1,0,1,9,5,2019,17,0,23,35,6,10624.0
7513,7515,4,4,2.0,0,1,0,1,15,6,2019,12,15,4,25,16,14300.0
7514,7516,0,0,3.0,0,0,1,1,24,3,2019,17,45,20,5,2,5418.0
7515,7517,4,4,2.0,0,1,0,1,18,5,2019,5,30,4,25,22,15129.0
7516,7518,0,0,3.0,0,0,1,0,18,6,2019,8,20,10,35,2,3543.0
7517,7519,1,1,3.0,0,0,1,0,21,6,2019,13,15,14,45,1,1965.0
7518,7520,2,2,3.0,0,0,1,1,6,5,2019,4,55,7,45,2,4282.0
7519,7521,3,3,2.0,0,0,0,1,6,5,2019,7,0,10,0,27,14508.0
7520,7522,3,3,1.0,0,0,1,1,12,5,2019,6,50,10,30,3,5162.0
7521,7523,4,4,1.0,0,1,0,0,12,6,2019,19,15,19,0,23,10262.0
7522,7524,4,4,1.0,0,0,1,1,9,3,2019,7,0,19,45,12,15237.0
7523,7525,4,4,1.0,0,0,1,1,1,6,2019,11,40,19,0,7,12524.0
7524,7526,3,3,1.0,0,1,0,0,18,5,2019,18,55,19,50,24,10844.0
7525,7527,2,2,1.0,0,0,0,1,21,3,2019,11,50,13,0,25,5092.0
7526,7528,4,4,1.0,0,0,1,1,18,5,2019,9,15,19,15,10,8309.0
7527,7529,4,4,1.0,0,0,1,1,9,4,2019,7,25,13,20,5,4106.0
7528,7530,3,3,1.0,0,1,0,1,9,6,2019,9,35,10,55,25,14151.0
7529,7531,4,4,1.0,0,1,0,0,6,4,2019,2,15,12,35,10,5177.0
7530,7532,3,3,1.0,0,1,0,0,21,5,2019,14,5,20,45,6,10844.0
7531,7533,2,2,3.0,1,0,0,1,18,5,2019,16,55,19,55,3,4823.0
7532,7534,4,4,1.0,0,1,0,0,9,6,2019,17,30,19,0,25,10262.0
7533,7535,4,4,2.0,0,0,0,1,21,5,2019,20,15,19,15,23,13381.0
7534,7536,0,0,3.0,1,0,0,1,1,5,2019,11,35,14,0,2,4332.0
7535,7537,2,2,1.0,0,1,0,1,1,3,2019,5,45,18,25,12,26890.0
7536,7538,4,4,2.0,0,0,0,1,15,5,2019,10,55,7,40,20,12803.0
7537,7539,3,3,1.0,0,1,0,0,12,6,2019,14,5,16,20,26,8529.0
7538,7540,3,3,3.0,0,0,1,1,3,4,2019,9,0,11,25,2,3873.0
7539,7541,3,3,1.0,0,1,0,0,6,6,2019,8,25,16,20,7,10844.0
7540,7542,2,2,3.0,0,1,0,0,3,5,2019,19,50,22,50,3,6144.0
7541,7543,2,2,3.0,0,1,0,1,1,5,2019,11,10,14,5,2,7229.0
7542,7544,4,4,1.0,0,1,0,1,21,3,2019,7,5,18,50,11,12767.0
7543,7545,2,2,3.0,0,1,0,1,6,5,2019,15,15,18,10,2,7229.0
7544,7546,4,4,1.0,0,0,1,1,12,6,2019,11,25,19,15,7,7354.0
7545,7547,1,1,3.0,1,0,0,1,21,5,2019,9,10,10,40,1,4049.0
7546,7548,4,4,1.0,0,0,1,1,27,5,2019,11,30,1,30,14,13377.0
7547,7549,2,2,3.0,1,0,0,1,15,3,2019,10,10,13,0,2,6144.0
7548,7550,4,4,1.0,0,0,1,1,15,5,2019,6,0,19,15,13,8266.0
7549,7551,4,4,2.0,0,0,0,1,15,5,2019,7,5,9,25,26,10975.0
7550,7552,4,4,1.0,0,0,1,1,15,6,2019,7,0,19,0,12,12192.0
7551,7553,4,4,2.0,0,1,0,1,27,3,2019,6,20,19,45,37,12273.0
7552,7554,2,2,1.0,0,1,0,1,1,3,2019,14,5,0,45,10,26890.0
7553,7555,4,4,1.0,0,0,1,0,6,3,2019,16,0,1,35,9,15136.0
7554,7556,4,4,1.0,0,1,0,0,9,6,2019,7,5,12,35,5,10262.0
7555,7557,4,4,1.0,0,1,0,0,3,6,2019,17,30,19,0,25,10262.0
7556,7558,1,1,3.0,0,1,0,0,24,3,2019,15,50,17,20,1,2228.0
7557,7559,0,0,3.0,1,0,0,1,27,6,2019,19,35,21,55,2,3597.0
7558,7560,3,3,3.0,0,0,1,0,15,5,2019,6,55,9,30,2,3841.0
7559,7561,3,3,1.0,0,1,0,0,12,6,2019,16,30,23,35,7,9899.0
7560,7562,4,4,1.0,0,0,1,1,9,6,2019,2,15,11,30,9,13587.0
7561,7563,3,3,3.0,0,0,1,1,9,6,2019,19,55,22,25,2,4409.0
7562,7564,1,1,3.0,1,0,0,1,6,5,2019,21,20,22,50,1,2227.0
7563,7565,1,1,3.0,0,0,0,1,3,3,2019,6,20,7,40,1,4937.0
7564,7566,3,3,1.0,1,0,0,1,24,3,2019,5,35,11,20,5,9319.0
7565,7567,3,3,1.0,0,1,0,1,12,5,2019,9,35,18,0,8,14151.0
7566,7568,4,4,1.0,0,1,0,1,9,6,2019,13,0,19,0,6,14714.0
7567,7569,2,2,3.0,0,1,0,1,3,5,2019,17,45,20,45,3,7229.0
7568,7570,0,0,3.0,0,0,1,1,3,5,2019,17,45,20,5,2,11982.0
7569,7571,2,2,3.0,1,0,0,1,12,4,2019,18,25,21,20,2,4990.0
7570,7572,4,4,1.0,0,0,1,1,21,5,2019,10,35,19,0,8,9103.0
7571,7573,0,0,3.0,0,0,1,1,12,3,2019,9,30,12,5,2,6300.0
7572,7574,4,4,2.0,0,1,0,1,24,6,2019,5,30,12,35,7,14441.0
7573,7575,3,3,1.0,0,0,0,1,12,6,2019,9,25,18,30,9,8366.0
7574,7576,4,4,1.0,0,0,1,1,18,5,2019,15,45,22,5,6,7317.0
7575,7577,2,2,3.0,0,0,1,1,24,3,2019,7,45,10,40,2,3898.0
7576,7578,4,4,1.0,0,1,0,1,1,6,2019,22,50,19,0,20,14714.0
7577,7579,3,3,3.0,0,0,1,0,18,6,2019,9,0,11,25,2,3841.0
7578,7580,4,4,1.0,0,0,1,1,1,5,2019,9,0,19,15,10,15373.0
7579,7581,3,3,2.0,0,0,0,1,9,5,2019,8,20,11,10,26,11222.0
7580,7582,4,4,1.0,0,0,1,1,24,6,2019,4,55,19,15,14,7155.0
7581,7583,4,4,1.0,0,0,1,1,9,3,2019,15,15,1,35,10,15200.0
7582,7584,2,2,1.0,0,1,0,0,21,3,2019,18,40,7,40,13,7832.0
7583,7585,4,4,1.0,1,0,0,1,3,6,2019,16,0,21,0,5,6593.0
7584,7586,3,3,0.0,0,0,0,1,6,5,2019,7,0,10,30,27,13007.0
7585,7587,4,4,1.0,0,1,0,0,6,3,2019,9,55,18,50,8,15400.0
7586,7588,3,3,1.0,0,0,0,1,9,6,2019,14,35,14,35,24,6528.0
7587,7589,4,4,2.0,0,1,0,0,24,6,2019,9,40,12,35,26,10368.0
7588,7590,4,4,1.0,1,0,0,1,24,4,2019,4,55,21,0,16,6162.0
7589,7591,2,2,1.0,0,1,0,1,6,3,2019,14,5,9,0,18,17261.0
7590,7592,3,3,1.0,0,1,0,0,1,4,2019,16,30,20,45,28,7064.0
7591,7593,4,4,2.0,0,1,0,1,9,6,2019,11,45,12,35,24,13882.0
7592,7594,4,4,3.0,0,0,1,1,3,6,2019,14,40,17,50,3,6216.0
7593,7595,4,4,2.0,0,1,0,0,18,5,2019,11,40,19,0,7,19644.0
7594,7596,2,2,3.0,0,1,0,0,9,5,2019,15,15,18,10,2,4544.0
7595,7597,0,0,3.0,1,0,0,1,27,3,2019,14,40,17,5,2,3384.0
7596,7598,3,3,3.0,1,0,0,1,6,6,2019,15,15,17,45,2,4804.0
7597,7599,3,3,1.0,0,1,0,0,24,3,2019,19,45,19,40,23,10031.0
7598,7600,3,3,1.0,0,1,0,0,12,5,2019,21,10,8,15,11,8586.0
7599,7601,2,2,1.0,0,1,0,0,21,3,2019,7,0,13,15,6,7832.0
7600,7602,3,3,1.0,0,0,1,1,24,5,2019,17,0,9,5,16,10027.0
7601,7603,1,1,3.0,1,0,0,1,18,3,2019,12,0,13,25,1,2754.0
7602,7604,4,4,1.0,0,1,0,1,21,3,2019,8,0,4,25,20,12767.0
7603,7605,3,3,1.0,0,0,1,1,9,5,2019,16,40,0,15,7,8777.0
7604,7606,4,4,1.0,0,0,1,1,24,6,2019,14,25,19,35,5,7870.0
7605,7607,3,3,2.0,0,0,0,1,12,6,2019,12,0,11,10,23,9416.0
7606,7608,1,1,3.0,0,0,1,0,6,5,2019,22,45,0,15,1,2175.0
7607,7609,4,4,1.0,0,0,1,1,24,6,2019,9,45,22,30,12,9646.0
7608,7610,3,3,1.0,0,1,0,1,24,5,2019,20,0,4,40,8,13731.0
7609,7611,4,4,2.0,0,0,0,1,6,3,2019,7,5,19,15,36,11552.0
7610,7612,2,2,2.0,0,0,0,1,18,3,2019,8,50,23,25,38,10783.0
7611,7613,3,3,1.0,0,1,0,1,1,5,2019,17,0,14,25,21,11467.0
7612,7614,4,4,1.0,0,0,0,1,3,6,2019,7,0,19,15,12,8879.0
7613,7615,4,4,1.0,0,0,1,1,6,6,2019,12,50,1,30,12,6795.0
7614,7616,4,4,1.0,1,0,0,1,3,3,2019,7,30,15,30,8,14871.0
7615,7617,4,4,2.0,0,0,1,1,3,3,2019,15,5,1,35,10,34503.0
7616,7618,4,4,2.0,0,0,0,1,15,6,2019,7,5,9,25,26,10975.0
7617,7619,3,3,2.0,0,0,0,1,24,5,2019,9,50,23,15,13,15170.0
7618,7620,3,3,1.0,0,0,0,1,1,5,2019,14,35,14,35,24,7001.0
7619,7621,3,3,1.0,0,0,0,1,18,5,2019,9,25,18,30,9,8576.0
7620,7622,4,4,2.0,0,1,0,1,9,5,2019,19,30,4,25,8,15129.0
7621,7623,2,2,3.0,1,0,0,1,9,4,2019,8,30,11,20,2,4823.0
7622,7624,3,3,1.0,0,1,0,0,21,5,2019,6,30,19,50,13,10844.0
7623,7625,3,3,1.0,0,0,1,1,9,6,2019,20,20,20,20,24,8085.0
7624,7626,4,4,2.0,0,1,0,1,3,3,2019,18,20,4,25,34,20747.0
7625,7627,3,3,1.0,0,0,0,1,6,5,2019,17,30,8,55,15,10203.0
7626,7628,4,4,1.0,0,1,0,0,21,5,2019,19,45,19,0,23,12898.0
7627,7629,3,3,1.0,0,1,0,1,12,5,2019,6,30,8,15,25,13941.0
7628,7630,4,4,1.0,1,0,0,1,18,5,2019,10,35,21,0,10,7503.0
7629,7631,4,4,1.0,0,1,0,1,1,6,2019,9,0,19,0,10,14714.0
7630,7632,4,4,1.0,1,0,0,1,24,6,2019,7,35,12,10,4,5054.0
7631,7633,2,2,3.0,0,0,1,1,15,3,2019,20,55,23,50,2,8722.0
7632,7634,3,3,1.0,0,1,0,0,6,5,2019,6,30,10,5,27,8586.0
7633,7635,2,2,3.0,0,0,0,1,9,6,2019,21,5,23,55,2,5228.0
7634,7636,1,1,3.0,0,0,0,1,9,5,2019,13,55,15,25,1,3100.0
7635,7637,4,4,3.0,1,0,0,1,1,6,2019,5,35,8,50,3,6541.0
7636,7638,4,4,1.0,0,0,1,1,21,5,2019,10,20,19,15,8,8266.0
7637,7639,4,4,1.0,1,0,0,1,3,6,2019,18,35,1,30,6,6628.0
7638,7640,3,3,1.0,0,1,0,0,21,5,2019,16,30,4,40,12,9663.0
7639,7641,3,3,1.0,0,1,0,0,12,6,2019,16,30,22,35,6,9899.0
7640,7642,4,4,2.0,1,0,0,1,27,3,2019,4,55,21,20,16,6223.0
7641,7643,3,3,1.0,1,0,0,1,9,6,2019,15,15,20,30,5,5380.0
7642,7644,4,4,1.0,0,0,1,1,6,6,2019,7,30,21,0,13,7740.0
7643,7645,3,3,1.0,0,1,0,0,12,6,2019,6,30,19,50,13,9899.0
7644,7646,2,2,3.0,0,1,0,0,18,5,2019,11,10,14,5,2,5198.0
7645,7647,4,4,2.0,0,1,0,0,27,3,2019,5,25,4,25,23,9254.0
7646,7648,3,3,1.0,0,1,0,1,18,5,2019,14,5,10,5,20,14388.0
7647,7649,3,3,1.0,0,0,1,1,6,5,2019,7,10,9,5,25,8137.0
7648,7650,4,4,2.0,0,0,0,1,9,5,2019,20,15,19,15,23,13591.0
7649,7651,3,3,1.0,0,0,1,1,12,5,2019,11,35,18,50,7,8479.0
7650,7652,3,3,1.0,0,1,0,0,15,5,2019,18,55,18,15,23,10844.0
7651,7653,3,3,1.0,0,0,0,1,12,6,2019,17,30,20,25,26,10203.0
7652,7654,4,4,1.0,1,0,0,1,12,6,2019,14,20,22,30,8,6938.0
7653,7655,4,4,1.0,0,0,1,1,15,6,2019,9,45,22,30,12,9646.0
7654,7656,4,4,1.0,1,0,0,1,1,6,2019,16,0,21,0,5,6593.0
7655,7657,0,0,3.0,0,0,1,1,1,3,2019,7,5,9,20,2,9125.0
7656,7658,4,4,1.0,0,0,1,1,15,5,2019,15,15,1,30,10,7670.0
7657,7659,3,3,2.0,0,0,0,1,6,6,2019,14,30,23,15,8,15894.0
7658,7660,3,3,1.0,0,1,0,0,15,5,2019,10,20,17,35,7,5608.0
7659,7661,4,4,1.0,0,0,1,1,21,5,2019,7,25,13,20,5,5842.0
7660,7662,4,4,1.0,0,0,1,1,27,3,2019,8,45,13,15,4,4466.0
7661,7663,0,0,3.0,1,0,0,1,24,6,2019,13,15,15,35,2,3597.0
7662,7664,2,2,1.0,0,1,0,1,18,3,2019,11,40,23,0,11,13555.0
7663,7665,4,4,1.0,0,0,0,1,3,6,2019,10,0,19,15,9,10979.0
7664,7666,4,4,2.0,0,1,0,1,18,5,2019,5,30,19,0,13,15129.0
7665,7667,4,4,3.0,0,0,0,1,21,3,2019,14,10,17,10,3,5674.0
7666,7668,2,2,3.0,0,0,1,1,27,4,2019,9,45,12,35,2,5613.0
7667,7669,3,3,3.0,0,0,1,0,24,3,2019,22,20,0,40,2,5725.0
7668,7670,2,2,3.0,1,0,0,1,9,3,2019,16,55,19,45,2,10067.0
7669,7671,2,2,3.0,0,0,1,0,12,4,2019,9,30,12,20,2,4885.0
7670,7672,4,4,1.0,0,0,0,1,9,6,2019,6,5,9,25,27,7690.0
7671,7673,4,4,1.0,1,0,0,1,3,3,2019,20,30,1,35,5,8258.0
7672,7674,4,4,1.0,0,0,1,1,12,6,2019,7,0,21,0,14,7408.0
7673,7675,3,3,1.0,0,1,0,0,24,5,2019,8,25,20,45,12,10844.0
7674,7676,4,4,2.0,0,1,0,0,21,3,2019,16,10,18,50,26,8728.0
7675,7677,4,4,1.0,1,0,0,1,24,6,2019,11,25,21,0,9,5894.0
7676,7678,3,3,3.0,0,0,0,1,12,3,2019,20,45,23,20,2,4435.0
7677,7679,1,1,3.0,0,1,0,0,21,5,2019,2,55,4,20,1,4050.0
7678,7680,3,3,3.0,1,0,0,1,15,4,2019,22,15,0,50,2,4174.0
7679,7681,4,4,1.0,0,0,0,1,27,3,2019,9,45,9,25,23,5957.0
7680,7682,3,3,1.0,0,1,0,1,9,6,2019,17,0,21,5,28,12692.0
7681,7683,2,2,3.0,1,0,0,1,24,3,2019,16,55,19,45,2,7303.0
7682,7684,3,3,1.0,0,0,0,1,1,5,2019,19,0,11,5,16,6117.0
7683,7685,4,4,3.0,1,0,0,1,12,5,2019,5,35,8,50,3,6015.0
7684,7686,3,3,2.0,0,0,0,1,9,6,2019,9,25,5,35,20,11642.0
7685,7687,4,4,1.0,0,0,1,1,18,5,2019,6,40,19,15,12,7564.0
7686,7688,2,2,3.0,1,0,0,1,24,4,2019,16,55,19,55,3,4823.0
7687,7689,4,4,1.0,1,0,0,1,27,6,2019,5,5,16,10,11,6442.0
7688,7690,3,3,1.0,0,0,0,1,9,6,2019,19,0,11,5,16,6327.0
7689,7691,4,4,1.0,0,0,0,1,27,3,2019,9,45,8,15,22,7416.0
7690,7692,4,4,2.0,0,0,0,1,27,5,2019,7,10,7,40,24,14588.0
7691,7693,4,4,1.0,0,0,1,1,12,6,2019,10,0,1,30,15,7198.0
7692,7694,4,4,1.0,0,0,0,1,27,6,2019,7,0,19,15,12,8669.0
7693,7695,4,4,1.0,1,0,0,1,9,6,2019,6,40,21,0,14,6093.0
7694,7696,3,3,2.0,0,0,0,1,9,5,2019,14,30,12,30,22,15107.0
7695,7697,4,4,1.0,0,0,0,1,18,5,2019,9,0,7,40,22,8372.0
7696,7698,3,3,1.0,0,1,0,0,1,4,2019,8,25,22,35,14,7064.0
7697,7699,3,3,1.0,0,0,1,1,24,3,2019,7,10,22,55,15,12732.0
7698,7700,0,0,3.0,0,0,1,1,27,6,2019,17,45,20,5,2,3597.0
7699,7701,2,2,3.0,1,0,0,1,24,3,2019,8,30,11,30,3,7303.0
7700,7702,3,3,2.0,0,0,0,1,6,6,2019,5,50,20,25,14,10991.0
7701,7703,2,2,1.0,0,0,0,1,9,3,2019,10,30,11,20,24,10321.0
7702,7704,2,2,3.0,1,0,0,1,6,6,2019,13,0,15,50,2,3943.0
7703,7705,4,4,1.0,1,0,0,1,21,5,2019,7,15,12,30,5,5636.0
7704,7706,3,3,1.0,1,0,0,1,9,4,2019,15,15,20,5,4,4268.0
7705,7707,4,4,2.0,0,1,0,1,9,6,2019,5,30,19,0,13,13014.0
7706,7708,4,4,1.0,0,0,1,1,9,5,2019,9,0,21,0,12,13727.0
7707,7709,3,3,3.0,1,0,0,1,9,4,2019,15,15,17,45,2,4174.0
7708,7710,4,4,2.0,0,0,0,1,27,3,2019,12,0,19,15,7,10493.0
7709,7711,4,4,1.0,1,0,0,1,21,5,2019,10,35,21,0,10,6794.0
7710,7712,3,3,1.0,1,0,0,1,12,5,2019,21,0,2,15,5,7228.0
7711,7713,2,2,1.0,0,1,0,1,1,3,2019,7,0,18,25,11,26890.0
7712,7714,4,4,1.0,0,0,1,1,1,6,2019,7,10,16,10,9,7038.0
7713,7715,3,3,1.0,0,1,0,0,1,4,2019,6,30,8,15,25,7064.0
7714,7716,3,3,1.0,0,1,0,0,24,3,2019,21,10,23,25,26,10031.0
7715,7717,3,3,1.0,0,1,0,0,6,5,2019,20,0,4,40,8,9663.0
7716,7718,2,2,3.0,0,0,1,1,1,5,2019,23,55,2,45,2,4483.0
7717,7719,2,2,3.0,0,1,0,0,3,6,2019,8,20,11,20,3,5769.0
7718,7720,3,3,3.0,1,0,0,1,24,4,2019,15,15,17,45,2,4804.0
7719,7721,3,3,3.0,0,0,0,1,15,5,2019,20,45,23,20,2,4145.0
7720,7722,3,3,3.0,0,0,0,1,18,5,2019,20,45,23,20,2,4880.0
7721,7723,0,0,3.0,0,0,1,0,6,6,2019,9,45,12,0,2,3543.0
7722,7724,2,2,1.0,0,1,0,0,1,3,2019,8,55,21,20,12,27992.0
7723,7725,4,4,1.0,1,0,0,1,9,5,2019,7,30,21,0,13,7191.0
7724,7726,2,2,3.0,0,0,1,1,1,4,2019,7,0,9,40,2,5403.0
7725,7727,4,4,2.0,0,1,0,0,9,6,2019,11,40,19,0,7,15812.0
7726,7728,2,2,3.0,0,1,0,0,9,4,2019,19,50,22,50,3,4544.0
7727,7729,4,4,1.0,0,0,1,1,3,6,2019,16,45,22,25,5,11410.0
7728,7730,0,0,3.0,1,0,0,1,3,5,2019,11,35,14,0,2,4332.0
7729,7731,2,2,3.0,0,1,0,0,15,4,2019,17,45,20,45,3,4544.0
7730,7732,3,3,1.0,1,0,0,1,24,5,2019,6,20,10,20,4,4226.0
7731,7733,3,3,3.0,0,0,0,1,3,6,2019,20,45,23,20,2,4145.0
7732,7734,4,4,1.0,0,0,1,1,27,6,2019,10,0,19,15,9,14848.0
7733,7735,2,2,3.0,1,0,0,1,3,4,2019,0,30,3,25,2,3419.0
7734,7736,2,2,3.0,0,1,0,1,24,3,2019,18,55,21,55,3,7229.0
7735,7737,4,4,1.0,0,0,1,1,3,6,2019,8,45,13,15,4,5830.0
7736,7738,2,2,1.0,0,1,0,0,18,3,2019,14,5,7,40,17,10972.0
7737,7739,3,3,1.0,0,1,0,1,24,3,2019,18,55,8,10,13,14231.0
7738,7740,3,3,1.0,0,1,0,0,9,6,2019,18,55,19,50,24,10844.0
7739,7741,3,3,1.0,0,0,1,1,12,5,2019,11,15,18,30,7,11468.0
7740,7742,3,3,3.0,0,0,1,1,18,5,2019,22,50,1,20,2,4409.0
7741,7743,4,4,2.0,0,1,0,1,27,6,2019,14,35,12,35,22,13376.0
7742,7744,2,2,3.0,1,0,0,1,21,6,2019,23,30,2,20,2,4077.0
7743,7745,3,3,1.0,0,1,0,1,9,5,2019,9,35,21,5,11,13067.0
7744,7746,2,2,3.0,1,0,0,1,6,6,2019,7,10,10,5,2,4823.0
7745,7747,4,4,1.0,0,0,1,0,9,3,2019,6,50,19,15,12,14817.0
7746,7748,0,0,3.0,1,0,0,1,24,3,2019,7,55,10,15,2,4326.0
7747,7749,4,4,1.0,0,0,1,1,3,3,2019,7,0,21,0,14,15603.0
7748,7750,3,3,2.0,0,0,0,1,24,3,2019,16,45,23,15,30,13885.0
7749,7751,2,2,1.0,0,1,0,1,6,3,2019,11,40,9,0,21,17261.0
7750,7752,4,4,0.0,0,0,1,1,9,6,2019,11,35,21,0,9,15629.0
7751,7753,3,3,2.0,0,0,0,1,6,5,2019,9,10,4,40,19,6117.0
7752,7754,4,4,2.0,0,1,0,1,24,6,2019,23,5,4,25,29,12819.0
7753,7755,4,4,1.0,0,0,1,1,27,5,2019,18,15,1,30,7,13377.0
7754,7756,2,2,1.0,0,1,0,1,1,3,2019,7,0,15,15,8,26890.0
7755,7757,2,2,3.0,1,0,0,1,15,5,2019,0,30,3,25,2,3419.0
7756,7758,3,3,2.0,0,0,0,1,15,5,2019,9,50,23,15,13,14960.0
7757,7759,1,1,3.0,0,0,0,1,3,3,2019,19,30,20,45,1,11185.0
7758,7760,4,4,1.0,0,0,0,1,27,5,2019,19,0,19,15,24,8372.0
7759,7761,4,4,1.0,0,1,0,0,6,6,2019,2,15,12,35,10,10262.0
7760,7762,3,3,2.0,0,0,0,1,12,6,2019,16,50,13,45,20,11542.0
7761,7763,3,3,1.0,0,0,1,1,3,4,2019,15,5,20,20,5,4649.0
7762,7764,1,1,3.0,0,1,0,1,9,3,2019,19,40,21,10,1,5678.0
7763,7765,2,2,3.0,0,0,1,1,1,6,2019,9,30,12,20,2,3971.0
7764,7766,4,4,1.0,0,0,1,1,3,6,2019,7,10,16,10,9,7878.0
7765,7767,4,4,2.0,0,1,0,1,27,6,2019,5,30,19,0,13,13014.0
7766,7768,2,2,3.0,1,0,0,1,1,5,2019,6,5,8,50,2,4423.0
7767,7769,4,4,1.0,0,1,0,0,1,6,2019,14,0,4,25,14,10262.0
7768,7770,2,2,3.0,0,0,1,1,27,5,2019,9,45,12,35,2,4668.0
7769,7771,3,3,1.0,0,1,0,0,21,5,2019,21,10,18,15,21,10844.0
7770,7772,4,4,2.0,0,1,0,0,24,6,2019,9,40,4,25,18,10368.0
7771,7773,2,2,3.0,1,0,0,1,21,4,2019,10,10,13,0,2,4591.0
7772,7774,4,4,1.0,1,0,0,1,6,5,2019,18,35,1,30,6,7191.0
7773,7775,4,4,1.0,0,0,1,1,18,5,2019,6,0,12,35,6,9794.0
7774,7776,2,2,3.0,1,0,0,1,1,6,2019,4,0,6,50,2,3943.0
7775,7777,3,3,1.0,0,1,0,1,12,6,2019,6,30,12,0,5,13626.0
7776,7778,3,3,1.0,0,1,0,0,12,5,2019,20,0,9,20,13,9663.0
7777,7779,4,4,1.0,0,0,1,0,15,6,2019,7,10,16,10,9,6093.0
7778,7780,2,2,1.0,0,1,0,1,12,3,2019,21,25,7,40,10,11717.0
7779,7781,3,3,1.0,0,1,0,1,18,5,2019,20,0,9,20,13,14781.0
7780,7782,2,2,3.0,0,1,0,1,3,5,2019,6,0,8,45,2,7229.0
7781,7783,2,2,3.0,0,0,1,1,1,6,2019,20,55,23,40,2,3898.0
7782,7784,4,4,1.0,0,1,0,1,3,6,2019,22,50,12,35,13,14714.0
7783,7785,4,4,1.0,0,0,1,1,27,5,2019,11,40,21,0,9,7005.0
7784,7786,0,0,3.0,1,0,0,1,15,6,2019,14,45,17,5,2,3597.0
7785,7787,3,3,3.0,0,0,1,0,18,3,2019,6,55,9,35,2,4413.0
7786,7788,4,4,1.0,0,0,1,1,6,3,2019,10,20,19,15,8,15353.0
7787,7789,2,2,3.0,1,0,0,1,1,5,2019,10,10,13,0,2,3943.0
7788,7790,0,0,3.0,1,0,0,1,15,3,2019,13,20,15,35,2,6297.0
7789,7791,2,2,3.0,1,0,0,1,9,3,2019,20,0,22,55,2,6144.0
7790,7792,4,4,2.0,0,0,0,1,21,5,2019,18,45,19,15,24,12257.0
7791,7793,4,4,2.0,0,1,0,1,21,5,2019,13,25,12,35,23,15129.0
7792,7794,4,4,2.0,0,1,0,0,24,6,2019,5,30,4,25,22,10368.0
7793,7795,4,4,2.0,0,1,0,0,9,5,2019,9,40,19,0,9,13029.0
7794,7796,3,3,2.0,0,0,0,1,6,6,2019,12,0,11,10,23,9416.0
7795,7797,4,4,3.0,0,0,0,1,3,6,2019,18,5,21,10,3,6934.0
7796,7798,3,3,1.0,0,1,0,1,21,5,2019,20,25,14,25,18,11467.0
7797,7799,4,4,1.0,0,0,1,1,3,6,2019,15,15,1,30,10,6795.0
7798,7800,3,3,3.0,1,0,0,1,27,3,2019,15,20,17,55,2,5198.0
7799,7801,4,4,1.0,0,1,0,0,9,3,2019,17,25,18,50,25,14053.0
7800,7802,3,3,1.0,0,0,1,1,1,4,2019,7,10,23,25,16,7927.0
7801,7803,3,3,3.0,1,0,0,1,18,3,2019,10,10,12,55,2,4462.0
7802,7804,2,2,3.0,0,0,1,1,27,4,2019,7,45,10,40,2,5048.0
7803,7805,3,3,1.0,0,1,0,0,24,5,2019,20,0,23,35,27,10844.0
7804,7806,4,4,1.0,0,0,1,1,3,3,2019,8,55,18,50,9,15411.0
7805,7807,3,3,3.0,1,0,0,1,18,3,2019,17,15,19,55,2,4462.0
7806,7808,1,1,3.0,0,1,0,1,27,3,2019,15,50,17,20,1,5678.0
7807,7809,4,4,1.0,0,1,0,1,6,3,2019,9,55,4,25,18,15764.0
7808,7810,4,4,1.0,0,1,0,1,6,3,2019,22,20,19,45,21,17024.0
7809,7811,1,1,3.0,0,0,0,1,18,6,2019,6,20,7,40,1,3100.0
7810,7812,2,2,3.0,0,1,0,1,1,5,2019,18,55,22,0,3,7229.0
7811,7813,3,3,3.0,1,0,0,1,24,4,2019,14,25,16,55,2,4804.0
7812,7814,2,2,3.0,0,1,0,0,24,6,2019,8,20,11,20,3,5769.0
7813,7815,3,3,3.0,0,0,1,1,18,3,2019,19,35,22,5,2,4384.0
7814,7816,4,4,1.0,0,0,0,1,27,6,2019,5,15,6,50,25,6587.0
7815,7817,2,2,1.0,0,1,0,0,21,3,2019,5,45,19,10,13,7832.0
7816,7818,0,0,3.0,0,0,0,1,15,3,2019,11,40,13,55,2,7082.0
7817,7819,0,0,3.0,0,0,1,1,15,3,2019,8,20,10,35,2,6300.0
7818,7820,3,3,1.0,0,1,0,1,6,6,2019,8,25,16,20,7,14571.0
7819,7821,2,2,3.0,1,0,0,1,27,6,2019,13,0,15,50,2,3943.0
7820,7822,4,4,1.0,0,0,1,1,21,5,2019,14,55,0,55,10,6878.0
7821,7823,1,1,3.0,0,0,1,0,1,4,2019,5,45,7,15,1,1965.0
7822,7824,3,3,1.0,0,0,1,1,21,5,2019,17,0,10,45,17,9187.0
7823,7825,2,2,3.0,0,0,0,1,24,3,2019,21,10,23,55,2,4441.0
7824,7826,2,2,3.0,1,0,0,1,1,3,2019,8,30,11,30,3,10067.0
7825,7827,4,4,1.0,1,0,0,1,27,6,2019,20,25,1,30,5,5054.0
7826,7828,4,4,1.0,0,0,1,1,6,6,2019,6,0,21,0,15,7005.0
7827,7829,3,3,1.0,0,1,0,1,15,5,2019,9,35,21,5,11,12121.0
7828,7830,4,4,1.0,1,0,0,1,27,5,2019,15,10,20,0,4,5912.0
7829,7831,3,3,1.0,0,0,1,1,1,4,2019,7,35,19,25,11,5192.0
7830,7832,0,0,3.0,1,0,0,1,9,6,2019,13,15,15,35,2,3597.0
7831,7833,2,2,3.0,0,1,0,1,9,3,2019,18,20,21,0,2,8016.0
7832,7834,1,1,3.0,0,0,0,1,15,3,2019,15,0,16,25,1,2050.0
7833,7835,2,2,3.0,0,0,1,0,21,3,2019,9,35,12,30,2,4839.0
7834,7836,1,1,3.0,1,0,0,1,27,5,2019,6,25,7,55,1,4049.0
7835,7837,4,4,3.0,0,0,1,1,18,6,2019,6,0,9,10,3,6216.0
7836,7838,3,3,3.0,0,0,1,0,21,6,2019,22,20,0,40,2,3841.0
7837,7839,3,3,3.0,0,0,1,0,15,3,2019,6,55,9,35,2,3815.0
7838,7840,2,2,3.0,0,0,0,1,3,4,2019,17,0,19,45,2,5176.0
7839,7841,1,1,3.0,0,0,1,1,9,5,2019,22,45,0,15,1,2017.0
7840,7842,3,3,1.0,0,0,1,1,9,5,2019,7,10,9,5,25,9187.0
7841,7843,2,2,3.0,0,0,1,1,9,3,2019,9,50,12,35,2,11598.0
7842,7844,4,4,2.0,0,1,0,1,1,6,2019,19,30,12,35,17,13014.0
7843,7845,4,4,1.0,0,1,0,0,1,6,2019,19,15,12,35,17,10262.0
7844,7846,4,4,2.0,0,0,0,1,9,4,2019,20,15,19,15,23,9916.0
7845,7847,3,3,1.0,0,1,0,1,24,3,2019,16,55,12,0,19,14231.0
7846,7848,2,2,3.0,0,1,0,0,15,6,2019,11,10,14,5,2,7229.0
7847,7849,4,4,1.0,1,0,0,1,27,3,2019,17,10,1,35,8,6316.0
7848,7850,3,3,3.0,0,0,1,1,9,3,2019,10,20,12,55,2,4384.0
7849,7851,4,4,2.0,0,0,0,1,12,6,2019,16,55,19,15,26,13381.0
7850,7852,0,0,3.0,1,0,0,1,12,5,2019,11,35,14,0,2,4332.0
7851,7853,4,4,1.0,0,0,0,1,15,6,2019,13,30,23,0,9,8907.0
7852,7854,3,3,3.0,1,0,0,1,12,6,2019,4,40,7,15,2,4804.0
7853,7855,4,4,1.0,0,0,0,1,6,3,2019,7,0,7,40,24,15407.0
7854,7856,4,4,1.0,0,1,0,0,27,5,2019,10,0,4,25,18,12898.0
7855,7857,4,4,1.0,0,0,1,1,27,3,2019,13,0,21,0,8,6883.0
7856,7858,0,0,3.0,0,0,1,0,3,5,2019,17,45,20,5,2,3543.0
7857,7859,2,2,3.0,1,0,0,1,6,5,2019,1,30,4,15,2,4284.0
7858,7860,1,1,3.0,1,0,0,1,3,5,2019,21,20,22,50,1,2437.0
7859,7861,3,3,3.0,0,0,1,1,18,4,2019,22,20,0,40,2,4174.0
7860,7862,3,3,1.0,0,1,0,1,21,5,2019,20,0,12,0,16,14781.0
7861,7863,3,3,2.0,0,0,0,1,21,5,2019,16,45,8,55,16,14960.0
7862,7864,2,2,3.0,0,1,0,0,27,6,2019,11,10,14,5,2,5769.0
7863,7865,4,4,1.0,0,0,1,1,24,4,2019,8,45,13,15,4,4812.0
7864,7866,3,3,1.0,0,0,1,1,18,5,2019,7,10,23,25,16,9345.0
7865,7867,3,3,1.0,1,0,0,1,15,5,2019,7,10,12,40,5,4864.0
7866,7868,0,0,3.0,1,0,0,1,6,3,2019,19,35,21,55,2,7295.0
7867,7869,4,4,2.0,0,0,0,1,12,6,2019,22,0,19,15,21,10231.0
7868,7870,4,4,1.0,0,1,0,1,1,6,2019,14,0,19,0,5,14714.0
7869,7871,4,4,1.0,0,1,0,1,27,3,2019,19,15,19,45,24,12032.0
7870,7872,2,2,3.0,0,1,0,0,15,4,2019,15,15,18,10,2,4544.0
7871,7873,3,3,1.0,0,1,0,0,15,5,2019,6,30,18,15,11,10844.0
7872,7874,2,2,1.0,0,0,1,1,3,3,2019,6,40,12,35,5,12476.0
7873,7875,2,2,1.0,0,1,0,0,12,3,2019,20,35,23,0,26,11087.0
7874,7876,4,4,0.0,0,0,0,1,6,6,2019,5,15,19,15,38,10703.0
7875,7877,4,4,1.0,1,0,0,1,9,5,2019,8,35,22,30,13,6734.0
7876,7878,2,2,1.0,0,1,0,0,21,3,2019,14,5,20,20,6,7832.0
7877,7879,3,3,2.0,0,0,0,1,1,4,2019,5,50,23,15,17,11516.0
7878,7880,0,0,3.0,1,0,0,1,18,3,2019,7,55,10,15,2,3850.0
7879,7881,4,4,2.0,0,1,0,1,9,3,2019,13,55,4,25,14,17229.0
7880,7882,3,3,3.0,0,0,1,1,27,6,2019,22,20,0,40,2,3873.0
7881,7883,1,1,3.0,0,1,0,0,3,4,2019,7,5,8,30,1,4160.0
7882,7884,4,4,1.0,0,0,1,1,18,5,2019,12,50,21,0,8,7670.0
7883,7885,3,3,1.0,0,1,0,0,24,3,2019,8,25,16,20,7,10031.0
7884,7886,4,4,2.0,0,1,0,0,27,6,2019,13,25,12,35,23,11150.0
7885,7887,2,2,1.0,0,1,0,0,15,3,2019,11,40,18,25,6,9134.0
7886,7888,2,2,3.0,0,0,1,1,18,5,2019,9,30,12,20,2,4423.0
7887,7889,3,3,3.0,0,0,1,1,21,6,2019,22,50,1,20,2,3807.0
7888,7890,4,4,1.0,0,0,0,1,21,5,2019,6,5,9,25,27,7480.0
7889,7891,2,2,3.0,1,0,0,1,6,5,2019,6,5,8,50,2,4423.0
7890,7892,2,2,3.0,1,0,0,1,18,6,2019,16,55,19,55,3,4823.0
7891,7893,3,3,1.0,0,0,1,1,24,3,2019,17,0,20,25,27,12102.0
7892,7894,4,4,1.0,0,0,1,0,6,3,2019,9,0,19,15,10,15342.0
7893,7895,3,3,1.0,0,1,0,0,6,5,2019,16,30,22,35,6,10844.0
7894,7896,4,4,1.0,0,0,0,1,12,6,2019,9,45,9,25,23,7480.0
7895,7897,3,3,1.0,0,0,0,1,1,4,2019,19,0,4,40,9,4227.0
7896,7898,4,4,1.0,0,0,0,1,9,6,2019,9,45,9,25,23,7690.0
7897,7899,3,3,1.0,0,0,1,1,18,5,2019,15,55,21,25,5,8224.0
7898,7900,2,2,3.0,0,0,1,1,18,4,2019,19,30,22,15,2,5823.0
7899,7901,2,2,1.0,0,1,0,0,15,3,2019,8,55,18,25,9,9134.0
7900,7902,2,2,1.0,0,1,0,1,1,3,2019,16,55,0,45,7,26890.0
7901,7903,3,3,1.0,0,0,0,1,9,6,2019,9,25,7,55,22,8366.0
7902,7904,4,4,1.0,0,0,0,1,1,6,2019,5,15,6,50,25,7480.0
7903,7905,3,3,1.0,0,1,0,1,12,5,2019,16,30,22,35,6,14781.0
7904,7906,3,3,2.0,0,0,0,1,24,3,2019,5,55,23,15,41,13990.0
7905,7907,4,4,2.0,0,0,0,1,21,3,2019,17,15,19,15,26,8245.0
7906,7908,4,4,1.0,0,1,0,0,24,6,2019,10,0,19,0,9,10262.0
7907,7909,3,3,1.0,0,1,0,1,12,6,2019,6,30,4,40,22,12739.0
7908,7910,4,4,1.0,0,0,1,1,21,5,2019,11,25,19,15,7,7575.0
7909,7911,2,2,3.0,0,0,0,1,18,3,2019,17,0,19,45,2,11633.0
7910,7912,4,4,2.0,0,1,0,0,15,6,2019,5,30,19,0,13,10368.0
7911,7913,2,2,1.0,0,1,0,1,12,3,2019,16,55,23,0,6,13817.0
7912,7914,3,3,1.0,0,1,0,1,24,3,2019,13,55,22,35,8,14231.0
7913,7915,2,2,1.0,0,1,0,0,21,3,2019,11,40,23,0,11,6992.0
7914,7916,2,2,3.0,0,0,0,1,21,6,2019,6,10,8,55,2,6961.0
7915,7917,4,4,2.0,0,1,0,1,1,6,2019,20,0,4,25,8,16263.0
7916,7918,4,4,1.0,0,1,0,1,27,6,2019,7,5,12,35,5,14714.0
7917,7919,4,4,1.0,0,0,1,1,24,6,2019,7,30,21,0,13,7740.0
7918,7920,2,2,1.0,0,1,0,0,18,3,2019,11,40,20,20,8,11087.0
7919,7921,4,4,1.0,0,0,1,1,21,3,2019,8,0,15,30,7,14486.0
7920,7922,4,4,1.0,1,0,0,1,21,5,2019,11,55,18,10,6,6442.0
7921,7923,3,3,2.0,0,0,0,1,18,5,2019,12,0,18,30,30,10361.0
7922,7924,3,3,1.0,0,0,1,1,12,5,2019,7,35,23,30,15,5320.0
7923,7925,4,4,2.0,0,1,0,0,15,6,2019,9,40,12,35,26,10368.0
7924,7926,3,3,3.0,0,0,1,1,15,5,2019,17,10,19,40,2,4174.0
7925,7927,4,4,1.0,0,0,0,1,21,5,2019,17,40,8,15,14,8151.0
7926,7928,4,4,1.0,0,1,0,1,21,3,2019,16,0,18,50,26,12557.0
7927,7929,2,2,3.0,0,0,0,1,15,6,2019,10,0,12,45,2,6961.0
7928,7930,2,2,3.0,0,0,0,1,9,4,2019,21,5,23,55,2,4441.0
7929,7931,1,1,3.0,0,0,1,1,15,3,2019,22,45,0,10,1,2753.0
7930,7932,3,3,3.0,0,0,1,0,6,4,2019,22,20,0,40,2,3841.0
7931,7933,4,4,1.0,0,0,0,1,6,4,2019,6,10,23,0,16,5022.0
7932,7934,4,4,3.0,0,0,0,1,6,6,2019,5,10,8,0,2,5201.0
7933,7935,4,4,3.0,0,0,0,1,3,6,2019,14,10,17,10,3,6934.0
7934,7936,3,3,1.0,1,0,0,1,1,4,2019,17,35,22,15,4,5699.0
7935,7937,2,2,3.0,0,0,1,1,27,6,2019,19,30,22,15,2,5088.0
7936,7938,4,4,1.0,0,0,1,1,21,3,2019,8,25,19,15,10,8601.0
7937,7939,3,3,1.0,1,0,0,1,15,5,2019,9,20,14,15,4,11319.0
7938,7940,1,1,3.0,1,0,0,1,9,3,2019,21,20,22,45,1,3838.0
7939,7941,3,3,1.0,0,1,0,1,12,5,2019,16,30,9,20,16,14388.0
7940,7942,4,4,2.0,0,1,0,0,15,6,2019,9,35,12,35,27,10824.0
7941,7943,4,4,1.0,0,1,0,0,6,4,2019,13,0,19,0,6,5177.0
7942,7944,4,4,1.0,0,1,0,1,27,6,2019,11,30,19,0,7,14714.0
7943,7945,3,3,1.0,0,1,0,1,12,6,2019,8,25,19,50,11,13626.0
7944,7946,4,4,2.0,0,0,0,1,24,6,2019,6,50,7,40,24,13381.0
7945,7947,4,4,2.0,0,0,0,1,9,3,2019,18,30,19,15,24,18211.0
7946,7948,4,4,2.0,0,0,1,1,21,3,2019,13,15,21,20,8,6653.0
7947,7949,3,3,1.0,0,1,0,1,12,5,2019,14,5,23,35,9,14781.0
7948,7950,3,3,2.0,0,0,0,1,6,5,2019,9,25,1,20,15,11458.0
7949,7951,3,3,1.0,0,1,0,0,9,6,2019,6,30,19,50,13,10844.0
7950,7952,1,1,3.0,1,0,0,1,24,5,2019,2,35,4,5,1,3342.0
7951,7953,4,4,1.0,0,1,0,0,24,6,2019,18,15,12,35,18,10262.0
7952,7954,0,0,3.0,1,0,0,1,24,6,2019,22,5,0,25,2,5277.0
7953,7955,2,2,3.0,0,0,0,1,24,3,2019,6,10,8,55,2,4441.0
7954,7956,0,0,3.0,0,0,1,0,3,5,2019,8,20,10,35,2,3543.0
7955,7957,2,2,1.0,0,0,0,1,6,3,2019,6,45,12,15,5,13912.0
7956,7958,4,4,1.0,0,0,1,1,27,5,2019,6,40,19,0,12,9315.0
7957,7959,4,4,1.0,0,1,0,0,1,6,2019,22,50,4,25,5,10262.0
7958,7960,4,4,2.0,0,0,0,1,27,6,2019,17,15,19,15,26,12199.0
7959,7961,0,0,3.0,1,0,0,1,27,5,2019,22,5,0,25,2,5277.0
7960,7962,3,3,2.0,0,0,0,1,12,6,2019,9,10,4,40,19,6117.0
7961,7963,2,2,3.0,1,0,0,1,24,3,2019,10,10,13,0,2,5734.0
7962,7964,4,4,1.0,0,0,1,1,6,3,2019,20,10,7,10,11,8627.0
7963,7965,4,4,1.0,0,0,1,1,15,6,2019,11,40,1,30,13,6795.0
7964,7966,4,4,3.0,1,0,0,1,21,5,2019,14,25,17,40,3,5601.0
7965,7967,2,2,3.0,0,1,0,1,21,4,2019,17,45,20,45,3,7229.0
7966,7968,4,4,1.0,1,0,0,1,9,5,2019,15,0,1,30,10,8330.0
7967,7969,2,2,3.0,1,0,0,1,3,5,2019,8,30,11,20,2,4823.0
7968,7970,3,3,1.0,0,1,0,1,24,3,2019,19,45,22,35,26,13759.0
7969,7971,4,4,2.0,0,0,0,1,12,6,2019,5,0,7,40,26,10231.0
7970,7972,4,4,1.0,0,1,0,0,27,5,2019,19,15,19,0,23,12898.0
7971,7973,2,2,1.0,0,1,0,1,6,3,2019,5,45,10,25,4,19225.0
7972,7974,1,1,3.0,0,1,0,0,27,5,2019,7,5,8,30,1,4995.0
7973,7975,4,4,1.0,1,0,0,1,12,6,2019,6,50,12,10,5,5298.0
7974,7976,4,4,2.0,0,1,0,0,21,3,2019,10,20,18,50,32,9254.0
7975,7977,4,4,1.0,0,1,0,0,6,4,2019,14,0,19,0,5,5177.0
7976,7978,3,3,1.0,0,0,1,1,21,5,2019,20,20,23,25,27,9345.0
7977,7979,3,3,1.0,0,1,0,0,6,5,2019,8,25,16,20,7,10844.0
7978,7980,4,4,2.0,0,0,0,1,3,3,2019,5,55,7,40,25,15428.0
7979,7981,4,4,1.0,1,0,0,1,21,5,2019,16,0,21,0,5,7255.0
7980,7982,4,4,1.0,0,1,0,0,21,5,2019,9,0,12,35,27,12898.0
7981,7983,2,2,1.0,1,0,0,1,1,3,2019,13,40,18,35,4,8707.0
7982,7984,4,4,1.0,0,1,0,0,3,6,2019,18,15,12,35,18,10262.0
7983,7985,3,3,1.0,0,1,0,1,6,5,2019,20,25,10,55,14,13067.0
7984,7986,4,4,1.0,0,1,0,0,6,6,2019,19,45,19,0,23,10262.0
7985,7987,3,3,3.0,0,0,0,1,9,4,2019,20,45,23,20,2,4460.0
7986,7988,3,3,1.0,0,1,0,1,24,5,2019,14,5,23,35,9,14571.0
7987,7989,4,4,2.0,0,0,0,1,9,6,2019,19,45,19,15,23,10178.0
7988,7990,0,0,3.0,0,0,1,1,1,3,2019,17,45,20,5,2,7718.0
7989,7991,4,4,1.0,0,1,0,1,21,5,2019,2,15,12,35,10,16376.0
7990,7992,1,1,3.0,0,1,0,1,6,6,2019,19,35,21,5,1,5678.0
7991,7993,4,4,1.0,0,0,1,1,9,5,2019,10,35,19,0,8,9103.0
7992,7994,4,4,1.0,0,1,0,1,6,6,2019,13,0,4,25,15,14714.0
7993,7995,4,4,1.0,0,0,1,1,24,6,2019,15,45,22,5,6,5583.0
7994,7996,2,2,3.0,1,0,0,1,24,4,2019,18,55,21,50,2,4823.0
7995,7997,2,2,3.0,0,1,0,0,15,4,2019,18,55,22,0,3,4544.0
7996,7998,4,4,1.0,0,0,1,1,18,5,2019,7,55,13,25,5,8759.0
7997,7999,4,4,1.0,0,0,1,1,24,6,2019,7,55,13,25,5,6152.0
7998,8000,2,2,1.0,0,1,0,0,18,3,2019,11,40,10,25,22,11087.0
7999,8001,3,3,2.0,0,0,0,1,6,6,2019,8,20,20,25,12,11432.0
8000,8002,3,3,3.0,0,0,1,0,27,3,2019,17,15,19,45,2,3815.0
8001,8003,3,3,1.0,0,0,1,1,1,4,2019,17,0,9,5,16,8662.0
8002,8004,2,2,1.0,0,1,0,1,6,3,2019,11,40,11,25,23,17261.0
8003,8005,3,3,1.0,1,0,0,1,9,4,2019,19,35,0,10,4,4860.0
8004,8006,4,4,2.0,0,0,0,1,3,3,2019,17,15,19,15,26,13442.0
8005,8007,1,1,1.0,0,0,1,1,6,3,2019,15,40,22,55,7,12395.0
8006,8008,3,3,1.0,0,0,0,1,15,5,2019,14,35,14,35,24,6528.0
8007,8009,4,4,1.0,1,0,0,1,1,6,2019,4,55,21,0,16,6314.0
8008,8010,4,4,1.0,1,0,0,1,9,4,2019,11,25,1,30,14,6270.0
8009,8011,4,4,1.0,0,1,0,1,6,6,2019,19,45,19,0,23,14714.0
8010,8012,4,4,1.0,0,0,1,1,15,6,2019,9,15,19,15,10,9359.0
8011,8013,4,4,3.0,0,0,0,1,9,4,2019,14,5,17,55,3,6724.0
8012,8014,4,4,1.0,0,1,0,0,24,6,2019,22,50,19,0,20,10262.0
8013,8015,2,2,3.0,0,0,1,1,21,5,2019,7,0,9,40,2,4668.0
8014,8016,4,4,2.0,1,0,0,1,6,3,2019,11,55,21,20,9,6610.0
8015,8017,0,0,3.0,0,0,1,1,15,5,2019,8,20,10,35,2,3597.0
8016,8018,3,3,3.0,1,0,0,1,9,3,2019,10,10,12,55,2,4462.0
8017,8019,4,4,1.0,0,0,0,1,6,3,2019,6,5,9,25,27,12677.0
8018,8020,4,4,1.0,0,0,1,1,1,3,2019,0,20,15,30,15,23170.0
8019,8021,3,3,3.0,1,0,0,1,6,6,2019,4,40,7,15,2,4804.0
8020,8022,4,4,1.0,0,0,1,1,27,5,2019,12,50,1,30,12,6795.0
8021,8023,3,3,1.0,0,0,0,1,18,5,2019,12,0,13,15,25,7662.0
8022,8024,4,4,2.0,0,0,0,1,6,6,2019,13,20,7,40,18,12751.0
8023,8025,1,1,1.0,0,1,0,1,6,3,2019,20,45,16,50,20,19595.0
8024,8026,2,2,3.0,0,0,1,1,9,3,2019,7,0,9,40,2,7975.0
8025,8027,3,3,1.0,0,1,0,1,18,5,2019,14,5,19,50,5,14781.0
8026,8028,3,3,1.0,0,1,0,1,9,5,2019,8,25,20,45,12,14781.0
8027,8029,3,3,1.0,0,1,0,0,24,3,2019,13,55,16,20,26,10031.0
8028,8030,3,3,1.0,0,1,0,0,9,6,2019,14,5,19,50,5,10844.0
8029,8031,2,2,3.0,0,1,0,0,9,5,2019,19,50,22,50,3,3502.0
8030,8032,4,4,2.0,0,1,0,1,1,6,2019,9,35,4,25,18,13292.0
8031,8033,3,3,1.0,0,1,0,1,6,6,2019,20,25,23,35,27,14151.0
8032,8034,1,1,3.0,0,0,1,1,1,3,2019,5,45,7,5,1,12475.0
8033,8035,4,4,1.0,0,1,0,1,3,6,2019,20,55,12,35,15,14714.0
8034,8036,4,4,1.0,0,0,1,1,24,5,2019,19,0,1,30,6,8283.0
8035,8037,2,2,1.0,0,1,0,0,12,3,2019,20,35,9,30,12,11087.0
8036,8038,3,3,1.0,0,1,0,0,21,5,2019,14,5,19,50,5,10844.0
8037,8039,4,4,1.0,1,0,0,1,24,6,2019,18,35,1,30,6,5883.0
8038,8040,2,2,2.0,0,0,0,1,15,3,2019,5,50,16,20,10,7664.0
8039,8041,4,4,1.0,0,1,0,0,27,5,2019,8,0,4,25,20,12898.0
8040,8042,4,4,1.0,0,1,0,0,12,6,2019,22,50,19,0,20,10262.0
8041,8043,3,3,1.0,0,1,0,1,15,5,2019,9,35,19,10,9,13067.0
8042,8044,3,3,3.0,1,0,0,1,18,3,2019,15,10,17,45,2,4462.0
8043,8045,1,1,3.0,0,1,0,1,27,6,2019,2,55,4,20,1,5678.0
8044,8046,3,3,1.0,0,1,0,1,21,5,2019,6,30,12,0,5,14388.0
8045,8047,4,4,1.0,0,1,0,1,3,6,2019,19,45,12,35,16,14714.0
8046,8048,3,3,3.0,1,0,0,1,27,5,2019,9,35,12,20,2,4804.0
8047,8049,4,4,2.0,0,0,0,1,9,5,2019,5,0,7,40,26,11281.0
8048,8050,3,3,1.0,0,1,0,0,24,3,2019,21,10,8,10,11,11134.0
8049,8051,1,1,2.0,0,0,0,1,12,3,2019,19,40,9,10,13,11647.0
8050,8052,3,3,1.0,0,1,0,0,9,6,2019,17,0,21,5,28,10539.0
8051,8053,4,4,1.0,0,0,1,1,1,6,2019,8,0,19,0,11,12192.0
8052,8054,2,2,3.0,0,0,0,1,24,4,2019,13,20,16,10,2,6121.0
8053,8055,3,3,1.0,0,1,0,1,24,3,2019,19,45,4,45,9,13759.0
8054,8056,4,4,1.0,0,0,1,1,27,3,2019,10,20,1,35,15,6427.0
8055,8057,2,2,3.0,1,0,0,1,9,4,2019,22,10,1,0,2,3943.0
8056,8058,2,2,3.0,1,0,0,1,12,5,2019,22,10,1,0,2,4284.0
8057,8059,4,4,1.0,1,0,0,1,9,3,2019,5,5,10,5,5,8147.0
8058,8060,2,2,3.0,0,1,0,0,12,5,2019,19,50,22,50,3,3502.0
8059,8061,1,1,3.0,1,0,0,1,15,3,2019,2,30,4,0,1,3342.0
8060,8062,2,2,3.0,1,0,0,1,21,3,2019,6,0,8,45,2,5734.0
8061,8063,3,3,1.0,0,0,1,1,6,6,2019,15,55,21,25,5,8224.0
8062,8064,4,4,1.0,0,0,1,1,6,3,2019,6,10,11,20,5,9748.0
8063,8065,4,4,2.0,0,1,0,0,21,3,2019,19,10,4,25,33,8834.0
8064,8066,3,3,1.0,0,0,1,1,6,5,2019,16,40,0,15,7,7102.0
8065,8067,4,4,1.0,0,0,1,1,15,5,2019,13,0,1,30,12,13727.0
8066,8068,2,2,1.0,0,1,0,0,18,3,2019,11,40,9,30,21,11087.0
8067,8069,4,4,2.0,0,1,0,0,15,6,2019,9,40,4,25,18,10368.0
8068,8070,2,2,3.0,0,1,0,0,1,6,2019,6,0,8,45,2,7229.0
8069,8071,4,4,1.0,0,1,0,0,15,6,2019,18,15,19,0,24,10262.0
8070,8072,2,2,3.0,1,0,0,1,15,4,2019,20,0,22,50,2,4823.0
8071,8073,3,3,3.0,1,0,0,1,24,5,2019,4,40,7,15,2,4804.0
8072,8074,4,4,1.0,1,0,0,1,6,6,2019,23,30,4,35,5,10112.0
8073,8075,2,2,3.0,0,1,0,1,27,5,2019,6,0,8,45,2,7229.0
8074,8076,3,3,1.0,0,1,0,1,24,5,2019,17,0,22,5,29,13067.0
8075,8077,4,4,1.0,0,1,0,1,3,6,2019,14,0,4,25,14,14714.0
8076,8078,4,4,1.0,0,0,0,1,3,6,2019,9,45,23,0,13,8907.0
8077,8079,2,2,3.0,0,1,0,1,9,4,2019,11,10,14,5,2,7229.0
8078,8080,4,4,2.0,0,0,1,1,3,3,2019,17,50,1,35,7,24528.0
8079,8081,4,4,1.0,1,0,0,1,3,6,2019,4,55,21,0,16,6838.0
8080,8082,4,4,1.0,0,0,1,0,12,6,2019,7,5,21,0,13,10406.0
8081,8083,1,1,1.0,0,0,1,1,6,3,2019,21,55,9,25,11,12395.0
8082,8084,3,3,1.0,0,0,0,1,6,5,2019,20,30,20,25,23,10203.0
8083,8085,1,1,3.0,1,0,0,1,12,5,2019,6,25,7,55,1,4049.0
8084,8086,3,3,1.0,0,1,0,1,9,6,2019,20,25,18,0,21,13401.0
8085,8087,4,4,2.0,0,0,0,1,9,5,2019,12,0,7,40,19,9968.0
8086,8088,1,1,3.0,0,1,0,1,6,5,2019,10,20,11,50,1,8040.0
8087,8089,4,4,1.0,0,0,1,1,27,3,2019,15,15,1,35,10,6427.0
8088,8090,0,0,3.0,1,0,0,1,6,5,2019,22,5,0,25,2,5277.0
8089,8091,1,1,3.0,0,1,0,0,1,4,2019,2,55,4,20,1,2228.0
8090,8092,2,2,3.0,0,0,1,1,24,5,2019,21,0,23,50,2,5613.0
8091,8093,3,3,1.0,1,0,0,1,12,5,2019,17,35,22,15,4,6669.0
8092,8094,0,0,3.0,0,0,1,1,15,5,2019,17,45,20,5,2,11982.0
8093,8095,3,3,2.0,0,1,0,0,21,5,2019,6,30,7,25,24,10118.0
8094,8096,3,3,3.0,1,0,0,1,15,3,2019,21,25,0,5,2,4148.0
8095,8097,4,4,1.0,0,1,0,1,9,6,2019,2,15,12,35,10,18371.0
8096,8098,4,4,1.0,0,0,1,1,12,6,2019,11,30,21,0,9,13587.0
8097,8099,4,4,2.0,0,0,0,1,6,6,2019,17,15,19,15,26,12760.0
8098,8100,4,4,2.0,0,1,0,0,6,6,2019,9,40,4,25,18,10368.0
8099,8101,1,1,3.0,1,0,0,1,1,6,2019,2,35,4,5,1,3175.0
8100,8102,0,0,3.0,0,0,1,1,9,5,2019,9,45,12,0,2,3597.0
8101,8103,4,4,1.0,0,0,1,0,27,5,2019,11,30,1,30,14,6733.0
8102,8104,4,4,1.0,0,0,1,1,1,6,2019,3,50,12,35,8,12192.0
8103,8105,4,4,2.0,0,1,0,1,27,5,2019,19,10,19,0,23,15129.0
8104,8106,2,2,3.0,0,0,1,1,12,5,2019,11,30,14,20,2,4668.0
8105,8107,4,4,1.0,0,1,0,0,27,6,2019,17,30,12,35,19,10262.0
8106,8108,4,4,2.0,0,1,0,1,18,5,2019,9,40,4,25,18,15129.0
8107,8109,4,4,1.0,0,0,1,1,3,6,2019,7,10,22,30,15,7878.0
8108,8110,1,1,3.0,0,1,0,1,18,3,2019,10,20,11,50,1,8040.0
8109,8111,4,4,1.0,0,1,0,0,9,5,2019,2,15,12,35,10,12373.0
8110,8112,4,4,2.0,0,0,0,1,18,5,2019,17,15,19,15,26,12392.0
8111,8113,0,0,3.0,1,0,0,1,18,5,2019,22,5,0,25,2,5277.0
8112,8114,4,4,1.0,0,0,1,1,21,5,2019,13,0,21,0,8,7888.0
8113,8115,4,4,1.0,0,0,1,1,3,6,2019,8,45,19,15,10,9001.0
8114,8116,1,1,3.0,1,0,0,1,21,3,2019,6,20,7,45,1,4049.0
8115,8117,0,0,3.0,1,0,0,1,24,3,2019,5,15,7,35,2,4326.0
8116,8118,2,2,3.0,1,0,0,1,9,3,2019,23,30,2,20,2,4777.0
8117,8119,4,4,1.0,1,0,0,1,21,3,2019,11,30,21,0,9,6838.0
8118,8120,4,4,1.0,1,0,0,1,6,6,2019,7,15,12,30,5,6582.0
8119,8121,4,4,1.0,0,1,0,0,1,6,2019,21,50,12,35,14,10262.0
8120,8122,2,2,3.0,0,0,1,0,1,3,2019,23,25,2,10,2,10873.0
8121,8123,4,4,1.0,0,1,0,0,27,6,2019,2,15,12,35,10,10262.0
8122,8124,3,3,3.0,1,0,0,1,27,3,2019,5,30,8,20,2,4148.0
8123,8125,4,4,2.0,1,0,0,1,27,3,2019,11,55,21,20,9,6494.0
8124,8126,4,4,1.0,0,1,0,0,21,5,2019,10,0,12,35,26,12898.0
8125,8127,4,4,2.0,0,0,0,1,9,6,2019,5,0,19,15,38,9968.0
8126,8128,4,4,1.0,0,1,0,0,21,5,2019,15,0,4,25,13,12898.0
8127,8129,4,4,1.0,0,0,1,1,24,5,2019,14,55,22,30,7,7740.0
8128,8130,3,3,1.0,0,0,0,1,9,5,2019,9,50,21,5,11,7452.0
8129,8131,1,1,3.0,0,1,0,0,21,3,2019,7,10,8,35,1,4160.0
8130,8132,2,2,3.0,1,0,0,1,27,5,2019,8,30,11,20,2,4823.0
8131,8133,4,4,2.0,0,0,0,1,18,5,2019,10,55,19,15,8,13486.0
8132,8134,2,2,3.0,0,1,0,0,27,4,2019,18,55,22,0,3,4544.0
8133,8135,4,4,2.0,0,0,0,1,21,5,2019,9,45,9,25,23,10975.0
8134,8136,0,0,3.0,1,0,0,1,3,5,2019,14,45,17,5,2,3858.0
8135,8137,4,4,2.0,0,1,0,1,6,5,2019,5,30,4,25,22,15129.0
8136,8138,4,4,2.0,0,0,0,1,15,6,2019,9,45,9,25,23,10975.0
8137,8139,4,4,1.0,0,0,1,1,9,5,2019,16,45,22,25,5,6752.0
8138,8140,3,3,3.0,0,0,1,1,18,6,2019,9,45,12,15,2,3807.0
8139,8141,4,4,1.0,0,0,0,1,6,3,2019,12,30,9,25,20,13832.0
8140,8142,2,2,3.0,0,1,0,0,6,4,2019,18,55,22,0,3,4544.0
8141,8143,3,3,1.0,0,1,0,1,6,6,2019,18,55,8,15,13,14571.0
8142,8144,0,0,3.0,0,0,1,1,24,6,2019,17,45,20,5,2,11982.0
8143,8145,1,1,3.0,0,1,0,1,1,5,2019,7,5,8,30,1,8040.0
8144,8146,2,2,3.0,0,0,1,1,18,3,2019,16,0,18,35,2,11913.0
8145,8147,3,3,1.0,0,0,1,1,24,5,2019,6,50,10,30,3,5162.0
8146,8148,4,4,2.0,0,1,0,1,15,6,2019,9,40,12,35,26,13014.0
8147,8149,3,3,1.0,0,1,0,0,18,5,2019,21,10,4,40,7,8586.0
8148,8150,4,4,1.0,0,0,1,1,21,5,2019,8,0,19,0,11,10197.0
8149,8151,3,3,1.0,0,0,1,1,1,5,2019,17,0,20,20,27,8610.0
8150,8152,2,2,3.0,0,0,1,1,1,6,2019,23,55,2,45,2,7120.0
8151,8153,4,4,0.0,0,0,0,1,9,5,2019,5,15,19,15,38,10703.0
8152,8154,4,4,1.0,0,1,0,0,1,6,2019,9,0,4,25,19,10262.0
8153,8155,4,4,2.0,0,1,0,0,27,6,2019,5,30,19,0,13,11507.0
8154,8156,2,2,3.0,1,0,0,1,6,6,2019,21,15,0,15,3,3943.0
8155,8157,4,4,2.0,0,1,0,1,15,6,2019,9,35,12,35,27,13292.0
8156,8158,2,2,1.0,1,0,0,1,21,3,2019,13,40,18,35,4,7166.0
8157,8159,4,4,1.0,0,1,0,0,15,6,2019,13,0,19,0,6,10262.0
8158,8160,4,4,1.0,0,0,1,1,12,6,2019,20,45,7,10,10,6152.0
8159,8161,3,3,1.0,0,1,0,0,15,5,2019,9,35,22,5,12,10703.0
8160,8162,2,2,3.0,0,1,0,0,21,5,2019,7,10,10,10,3,4030.0
8161,8163,4,4,1.0,0,0,1,1,6,3,2019,17,30,1,35,8,17057.0
8162,8164,0,0,3.0,1,0,0,1,18,6,2019,7,55,10,15,2,3850.0
8163,8165,3,3,1.0,0,1,0,1,6,5,2019,20,0,9,20,13,14388.0
8164,8166,4,4,1.0,1,0,0,1,3,4,2019,2,0,7,25,5,4744.0
8165,8167,4,4,1.0,0,1,0,0,1,6,2019,17,30,12,35,19,10262.0
8166,8168,2,2,3.0,0,0,0,1,3,3,2019,21,10,23,55,2,7591.0
8167,8169,4,4,1.0,0,0,1,1,27,5,2019,7,55,22,25,14,6152.0
8168,8170,2,2,1.0,0,1,0,1,6,3,2019,8,55,9,0,24,15025.0
8169,8171,1,1,3.0,1,0,0,1,3,3,2019,16,55,18,25,1,6795.0
8170,8172,3,3,1.0,0,0,0,1,24,5,2019,17,30,20,25,26,10623.0
8171,8173,0,0,3.0,1,0,0,1,24,5,2019,7,55,10,15,2,3850.0
8172,8174,4,4,2.0,0,1,0,0,21,3,2019,19,10,18,50,23,6643.0
8173,8175,3,3,1.0,0,1,0,0,1,5,2019,14,5,22,35,8,10844.0
8174,8176,4,4,2.0,0,0,0,1,27,5,2019,19,45,19,15,23,10441.0
8175,8177,4,4,1.0,0,0,1,1,27,6,2019,17,30,1,30,8,13377.0
8176,8178,4,4,2.0,0,0,0,1,18,5,2019,12,55,19,15,30,13696.0
8177,8179,2,2,3.0,1,0,0,1,3,6,2019,0,25,3,15,2,3943.0
8178,8180,4,4,2.0,0,0,0,1,24,6,2019,19,45,19,15,23,9443.0
8179,8181,4,4,2.0,0,1,0,1,1,6,2019,5,30,4,25,22,13014.0
8180,8182,2,2,2.0,0,0,0,1,24,3,2019,17,0,22,55,29,8114.0
8181,8183,4,4,1.0,0,0,1,1,24,6,2019,6,5,11,20,5,5583.0
8182,8184,2,2,1.0,0,1,0,1,12,3,2019,16,55,8,15,15,13817.0
8183,8185,4,4,1.0,0,0,1,1,27,3,2019,12,50,19,15,6,6953.0
8184,8186,4,4,1.0,0,0,1,1,27,3,2019,10,20,21,0,10,6637.0
8185,8187,3,3,3.0,1,0,0,1,3,4,2019,9,35,12,20,2,4174.0
8186,8188,4,4,2.0,0,0,0,1,21,3,2019,9,45,9,25,23,8140.0
8187,8189,2,2,1.0,0,1,0,1,12,3,2019,7,0,23,0,16,13817.0
8188,8190,4,4,1.0,0,1,0,0,6,6,2019,9,0,19,0,10,10262.0
8189,8191,4,4,1.0,1,0,0,1,18,5,2019,15,10,20,0,4,6496.0
8190,8192,4,4,1.0,1,0,0,1,15,6,2019,23,30,4,35,5,10112.0
8191,8193,4,4,2.0,0,0,0,1,27,5,2019,13,15,9,25,20,10467.0
8192,8194,4,4,1.0,1,0,0,1,1,6,2019,10,35,1,30,14,6206.0
8193,8195,3,3,2.0,0,0,0,1,24,5,2019,12,0,18,30,30,10151.0
8194,8196,3,3,3.0,1,0,0,1,12,6,2019,15,15,17,45,2,4804.0
8195,8197,2,2,3.0,0,0,1,1,24,3,2019,7,45,10,40,2,5048.0
8196,8198,1,1,3.0,0,1,0,0,6,6,2019,2,55,4,20,1,4050.0
8197,8199,2,2,3.0,0,0,1,0,1,6,2019,9,30,12,20,2,3919.0
8198,8200,3,3,1.0,0,1,0,0,9,6,2019,21,10,8,15,11,11841.0
8199,8201,4,4,1.0,1,0,0,1,24,4,2019,20,25,1,30,5,5065.0
8200,8202,3,3,2.0,0,0,0,1,9,5,2019,12,0,18,30,30,9626.0
8201,8203,2,2,3.0,1,0,0,1,27,6,2019,22,10,1,0,2,3419.0
8202,8204,3,3,0.0,0,0,0,1,9,6,2019,9,50,23,15,13,14960.0
8203,8205,2,2,3.0,1,0,0,1,9,6,2019,21,15,0,15,3,3943.0
8204,8206,4,4,1.0,0,0,1,1,9,5,2019,9,0,19,15,10,14323.0
8205,8207,3,3,2.0,0,0,0,1,9,6,2019,16,50,13,45,20,11752.0
8206,8208,4,4,1.0,0,0,1,1,6,6,2019,8,30,19,15,10,7677.0
8207,8209,4,4,1.0,0,0,1,1,24,5,2019,13,0,21,0,8,14067.0
8208,8210,3,3,1.0,0,1,0,1,1,5,2019,21,10,9,20,12,14781.0
8209,8211,3,3,1.0,0,1,0,1,15,5,2019,17,0,14,25,21,11467.0
8210,8212,4,4,2.0,0,1,0,1,21,5,2019,20,0,4,25,8,16263.0
8211,8213,4,4,1.0,0,1,0,0,18,5,2019,19,15,4,25,9,12373.0
8212,8214,4,4,1.0,0,0,1,1,15,6,2019,12,50,21,0,8,7005.0
8213,8215,4,4,1.0,1,0,0,1,18,5,2019,5,10,10,5,4,7580.0
8214,8216,4,4,2.0,0,0,0,1,18,5,2019,22,0,19,15,21,10441.0
8215,8217,2,2,3.0,0,1,0,1,18,5,2019,17,45,20,45,3,7229.0
8216,8218,4,4,1.0,1,0,0,1,9,4,2019,6,40,21,0,14,6093.0
8217,8219,3,3,3.0,0,0,1,1,15,6,2019,6,55,9,30,2,3873.0
8218,8220,4,4,1.0,0,1,0,0,24,6,2019,21,50,4,25,6,10262.0
8219,8221,3,3,1.0,0,1,0,1,1,4,2019,14,5,23,35,9,13364.0
8220,8222,4,4,1.0,0,1,0,0,15,5,2019,2,15,12,35,10,12373.0
8221,8223,1,1,3.0,0,0,1,0,12,5,2019,22,45,0,15,1,1965.0
8222,8224,4,4,1.0,0,0,1,1,6,6,2019,12,50,21,0,8,7005.0
8223,8225,2,2,3.0,0,0,0,1,18,3,2019,10,0,12,45,2,4441.0
8224,8226,4,4,1.0,0,0,1,1,21,3,2019,4,45,18,50,14,11098.0
8225,8227,4,4,1.0,1,0,0,1,21,5,2019,9,15,1,30,16,7318.0
8226,8228,4,4,1.0,0,1,0,1,21,3,2019,7,5,4,25,21,12767.0
8227,8229,3,3,1.0,0,0,1,1,24,3,2019,15,55,21,15,5,10654.0
8228,8230,4,4,1.0,0,0,1,1,9,6,2019,15,45,22,5,6,6297.0
8229,8231,4,4,1.0,0,0,1,1,3,3,2019,9,45,16,10,6,11265.0
8230,8232,1,1,2.0,0,0,0,1,6,3,2019,17,20,14,50,2,11972.0
8231,8233,4,4,1.0,0,0,1,1,9,6,2019,7,5,21,0,13,13587.0
8232,8234,3,3,3.0,1,0,0,1,3,6,2019,17,15,19,50,2,4804.0
8233,8235,3,3,2.0,0,0,0,1,1,5,2019,9,25,18,20,8,8366.0
8234,8236,3,3,1.0,0,0,0,1,18,5,2019,9,25,7,55,22,8366.0
8235,8237,3,3,2.0,0,0,0,1,18,5,2019,8,20,21,50,13,10697.0
8236,8238,4,4,2.0,0,1,0,1,21,5,2019,5,30,19,0,13,15129.0
8237,8239,0,0,3.0,1,0,0,1,18,5,2019,14,45,17,5,2,3858.0
8238,8240,2,2,3.0,0,1,0,1,6,4,2019,18,55,22,0,3,7229.0
8239,8241,4,4,1.0,1,0,0,1,27,4,2019,16,0,21,0,5,6937.0
8240,8242,4,4,1.0,0,1,0,1,24,6,2019,14,0,19,0,5,14714.0
8241,8243,2,2,1.0,0,1,0,0,15,3,2019,5,45,16,10,10,9134.0
8242,8244,4,4,1.0,0,1,0,0,3,6,2019,7,5,19,0,11,10577.0
8243,8245,3,3,1.0,0,1,0,1,6,5,2019,20,0,10,5,14,14388.0
8244,8246,4,4,1.0,0,0,0,1,12,6,2019,13,30,8,15,18,8991.0
8245,8247,4,4,2.0,0,0,0,1,27,5,2019,12,55,19,15,30,12436.0
8246,8248,2,2,2.0,0,0,0,1,12,3,2019,6,45,9,25,26,12515.0
8247,8249,4,4,1.0,0,0,1,1,15,6,2019,15,45,22,5,6,5583.0
8248,8250,4,4,1.0,0,0,0,1,9,3,2019,23,0,7,40,8,10840.0
8249,8251,4,4,2.0,0,1,0,1,27,6,2019,12,15,12,35,24,14300.0
8250,8252,2,2,3.0,0,0,1,0,18,4,2019,21,10,0,5,2,5515.0
8251,8253,3,3,1.0,0,1,0,0,15,5,2019,14,5,20,45,6,10844.0
8252,8254,3,3,1.0,0,1,0,0,24,3,2019,16,55,9,15,16,11134.0
8253,8255,2,2,3.0,0,0,0,1,24,4,2019,10,0,12,45,2,6121.0
8254,8256,3,3,2.0,0,0,0,1,21,5,2019,12,0,7,55,19,10676.0
8255,8257,3,3,1.0,0,1,0,1,1,5,2019,16,30,22,35,6,14781.0
8256,8258,2,2,3.0,0,1,0,0,6,4,2019,19,50,22,50,3,4544.0
8257,8259,2,2,3.0,0,0,1,1,6,4,2019,7,45,10,40,2,4632.0
8258,8260,4,4,2.0,0,1,0,1,21,3,2019,19,10,4,25,33,10929.0
8259,8261,3,3,3.0,0,0,1,1,21,4,2019,10,20,12,55,2,4409.0
8260,8262,3,3,3.0,0,0,1,1,1,5,2019,6,55,9,30,2,3873.0
8261,8263,2,2,3.0,0,1,0,0,27,5,2019,7,10,10,10,3,4030.0
8262,8264,3,3,3.0,0,0,1,1,9,5,2019,22,50,1,20,2,3807.0
8263,8265,3,3,2.0,0,0,0,1,12,5,2019,10,0,1,20,15,12140.0
8264,8266,3,3,3.0,0,0,1,1,6,3,2019,9,0,11,30,2,4096.0
8265,8267,4,4,2.0,0,1,0,1,15,6,2019,18,20,12,35,18,14300.0
8266,8268,4,4,1.0,0,0,1,0,27,6,2019,11,40,21,0,9,6007.0
8267,8269,3,3,3.0,1,0,0,1,1,4,2019,14,25,16,55,2,4174.0
8268,8270,0,0,3.0,0,0,1,1,21,6,2019,17,45,20,5,2,3597.0
8269,8271,4,4,2.0,0,0,0,1,24,6,2019,12,0,19,15,7,9548.0
8270,8272,2,2,1.0,0,0,0,1,15,3,2019,8,50,15,15,6,8714.0
8271,8273,3,3,1.0,0,0,1,1,12,6,2019,17,0,20,20,27,8085.0
8272,8274,4,4,2.0,0,1,0,0,3,6,2019,19,30,4,25,8,10368.0
8273,8275,4,4,2.0,0,0,0,1,27,6,2019,7,5,9,25,26,10975.0
8274,8276,4,4,1.0,0,0,1,1,9,5,2019,7,30,21,0,13,7670.0
8275,8277,4,4,1.0,0,0,1,1,15,5,2019,18,0,1,30,7,8073.0
8276,8278,2,2,1.0,0,1,0,1,12,3,2019,22,55,10,45,11,13817.0
8277,8279,3,3,1.0,1,0,0,1,9,4,2019,19,20,23,45,4,3574.0
8278,8280,4,4,1.0,0,1,0,1,9,5,2019,21,50,4,25,6,15554.0
8279,8281,4,4,1.0,0,0,0,1,27,3,2019,21,0,19,15,22,6692.0
8280,8282,1,1,3.0,0,0,1,0,15,6,2019,22,45,0,15,1,1965.0
8281,8283,1,1,3.0,1,0,0,1,24,6,2019,20,5,21,40,1,2227.0
8282,8284,0,0,3.0,1,0,0,1,9,6,2019,14,45,17,5,2,3597.0
8283,8285,4,4,1.0,0,1,0,1,6,6,2019,14,0,4,25,14,14714.0
8284,8286,3,3,3.0,0,0,1,1,9,3,2019,17,15,19,45,2,4622.0
8285,8287,4,4,2.0,0,1,0,1,1,5,2019,5,30,4,25,22,15129.0
8286,8288,0,0,3.0,1,0,0,1,15,6,2019,22,5,0,25,2,5277.0
8287,8289,4,4,1.0,0,0,1,1,27,3,2019,9,0,18,50,9,11667.0
8288,8290,3,3,1.0,0,1,0,0,9,6,2019,17,0,19,10,26,10539.0
8289,8291,3,3,1.0,0,1,0,1,9,5,2019,20,25,14,25,18,11467.0
8290,8292,4,4,1.0,0,0,0,1,12,6,2019,17,20,9,25,16,7480.0
8291,8293,2,2,3.0,0,0,1,1,24,4,2019,20,55,23,40,2,3419.0
8292,8294,4,4,1.0,1,0,0,1,27,6,2019,10,35,1,30,14,5684.0
8293,8295,3,3,1.0,1,0,0,1,12,6,2019,18,5,23,30,5,6218.0
8294,8296,3,3,1.0,0,1,0,0,12,6,2019,20,0,4,40,8,6959.0
8295,8297,2,2,3.0,0,0,1,1,12,6,2019,19,30,22,15,2,4878.0
8296,8298,3,3,2.0,0,0,0,1,1,4,2019,7,0,5,25,22,12219.0
8297,8299,3,3,1.0,0,1,0,0,21,5,2019,20,25,9,45,13,12384.0
8298,8300,4,4,3.0,0,1,0,0,15,6,2019,11,0,14,15,3,7202.0
8299,8301,3,3,3.0,0,0,1,1,1,6,2019,17,10,19,40,2,4174.0
8300,8302,1,1,3.0,0,0,0,1,12,5,2019,15,0,16,25,1,3100.0
8301,8303,2,2,1.0,0,1,0,0,21,3,2019,8,55,15,15,6,7832.0
8302,8304,4,4,1.0,0,0,1,1,9,6,2019,14,55,22,30,7,6723.0
8303,8305,3,3,2.0,0,0,0,1,6,6,2019,8,20,7,55,23,10697.0
8304,8306,3,3,3.0,0,0,1,0,1,6,2019,22,20,0,40,2,3841.0
8305,8307,3,3,2.0,0,0,0,1,1,4,2019,16,45,12,0,19,9920.0
8306,8308,2,2,3.0,1,0,0,1,1,3,2019,18,25,21,20,2,12649.0
8307,8309,4,4,1.0,1,0,0,1,6,6,2019,11,25,21,0,9,6093.0
8308,8310,4,4,2.0,0,1,0,1,27,5,2019,5,30,4,25,22,15129.0
8309,8311,2,2,3.0,0,1,0,0,27,4,2019,17,45,20,45,3,4544.0
8310,8312,3,3,3.0,0,0,0,1,27,3,2019,14,15,16,45,2,5170.0
8311,8313,1,1,3.0,1,0,0,1,9,6,2019,2,35,4,5,1,2754.0
8312,8314,1,1,3.0,0,0,0,1,12,6,2019,13,55,15,25,1,3100.0
8313,8315,3,3,2.0,0,0,0,1,1,4,2019,16,45,23,15,30,9237.0
8314,8316,4,4,1.0,0,0,1,1,15,6,2019,13,0,1,30,12,7198.0
8315,8317,4,4,1.0,0,1,0,0,1,6,2019,11,30,12,35,25,10262.0
8316,8318,4,4,1.0,0,0,1,1,27,3,2019,15,55,21,55,6,5111.0
8317,8319,4,4,2.0,0,0,0,1,27,6,2019,22,0,19,15,21,10441.0
8318,8320,4,4,1.0,0,0,1,1,1,6,2019,8,45,19,15,10,10261.0
8319,8321,0,0,3.0,1,0,0,1,9,3,2019,19,35,21,55,2,6297.0
8320,8322,4,4,1.0,0,0,1,1,15,6,2019,3,50,19,0,15,12192.0
8321,8323,2,2,3.0,1,0,0,1,15,6,2019,10,10,13,0,2,3943.0
8322,8324,4,4,2.0,0,1,0,1,27,5,2019,5,30,12,35,7,16274.0
8323,8325,4,4,1.0,0,1,0,0,21,5,2019,7,5,12,35,5,12898.0
8324,8326,2,2,3.0,0,0,1,1,15,5,2019,5,55,8,35,2,3311.0
8325,8327,4,4,1.0,0,0,1,1,21,5,2019,4,55,12,35,7,9103.0
8326,8328,3,3,3.0,1,0,0,1,15,3,2019,22,10,0,55,2,4148.0
8327,8329,3,3,3.0,1,0,0,1,9,6,2019,15,30,18,5,2,5224.0
8328,8330,3,3,3.0,1,0,0,1,9,5,2019,4,40,7,15,2,4804.0
8329,8331,0,0,3.0,1,0,0,1,6,6,2019,19,35,21,55,2,3597.0
8330,8332,3,3,3.0,1,0,0,1,27,6,2019,11,30,14,5,2,4804.0
8331,8333,1,1,3.0,0,1,0,0,6,5,2019,10,20,11,50,1,4995.0
8332,8334,3,3,3.0,0,0,1,1,9,4,2019,9,0,11,25,2,3873.0
8333,8335,4,4,1.0,0,1,0,0,1,6,2019,15,0,4,25,13,10262.0
8334,8336,1,1,3.0,0,1,0,0,18,6,2019,19,35,21,5,1,3210.0
8335,8337,4,4,1.0,0,0,1,1,9,6,2019,7,30,13,35,6,6276.0
8336,8338,2,2,1.0,0,1,0,0,9,3,2019,21,25,8,15,10,9134.0
8337,8339,2,2,1.0,0,1,0,0,12,3,2019,18,55,13,15,18,11087.0
8338,8340,3,3,1.0,0,1,0,1,1,5,2019,14,5,4,40,14,13941.0
8339,8341,4,4,3.0,0,0,0,1,3,6,2019,5,10,8,0,2,5201.0
8340,8342,4,4,1.0,1,0,0,1,24,4,2019,5,5,16,10,11,6171.0
8341,8343,3,3,3.0,0,0,1,1,1,3,2019,19,35,22,5,2,5964.0
8342,8344,4,4,2.0,0,1,0,1,27,5,2019,19,10,19,0,23,15129.0
8343,8345,4,4,2.0,0,1,0,0,18,5,2019,9,40,12,35,26,13029.0
8344,8346,2,2,3.0,0,1,0,0,27,5,2019,8,20,11,20,3,4030.0
8345,8347,3,3,1.0,0,0,1,1,18,5,2019,16,40,0,15,7,10586.0
8346,8348,1,1,2.0,0,0,0,1,6,3,2019,11,35,19,25,31,17926.0
8347,8349,4,4,3.0,0,1,0,1,6,6,2019,11,0,14,15,3,9564.0
8348,8350,3,3,1.0,0,1,0,1,15,5,2019,10,20,17,35,7,8355.0
8349,8351,4,4,1.0,0,0,1,1,6,6,2019,10,20,1,30,15,6795.0
8350,8352,4,4,1.0,0,0,0,1,15,5,2019,13,30,8,15,18,10671.0
8351,8353,4,4,2.0,0,0,0,1,27,3,2019,13,20,7,40,18,10178.0
8352,8354,3,3,1.0,0,0,1,1,12,6,2019,7,10,9,5,25,7927.0
8353,8355,1,1,3.0,0,0,0,1,18,5,2019,13,55,15,25,1,3100.0
8354,8356,4,4,2.0,0,0,0,1,6,3,2019,19,45,19,15,23,12646.0
8355,8357,4,4,1.0,1,0,0,1,6,3,2019,5,5,10,5,5,7894.0
8356,8358,2,2,3.0,1,0,0,1,24,6,2019,1,30,4,15,2,3943.0
8357,8359,4,4,1.0,0,0,1,1,9,5,2019,11,25,19,15,7,7575.0
8358,8360,4,4,2.0,0,1,0,1,6,3,2019,5,25,19,45,38,16914.0
8359,8361,4,4,3.0,0,0,1,1,24,6,2019,14,40,17,50,3,6216.0
8360,8362,4,4,1.0,1,0,0,1,21,5,2019,17,5,22,15,5,6147.0
8361,8363,4,4,1.0,1,0,0,1,15,5,2019,17,30,1,30,8,6979.0
8362,8364,4,4,3.0,0,0,0,1,27,5,2019,18,5,21,10,3,6094.0
8363,8365,4,4,1.0,0,1,0,1,27,3,2019,20,50,4,25,7,12242.0
8364,8366,3,3,2.0,0,0,0,1,12,6,2019,12,0,21,50,9,9416.0
8365,8367,4,4,2.0,0,0,0,1,21,3,2019,13,15,9,25,20,7107.0
8366,8368,4,4,2.0,0,1,0,1,9,6,2019,21,25,19,0,21,13292.0
8367,8369,0,0,3.0,1,0,0,1,3,3,2019,7,55,10,15,2,7295.0
8368,8370,2,2,3.0,1,0,0,1,18,4,2019,0,30,3,25,2,4423.0
8369,8371,2,2,3.0,1,0,0,1,24,3,2019,23,30,2,20,2,5694.0
8370,8372,2,2,1.0,0,1,0,0,24,3,2019,5,45,10,25,4,8147.0
8371,8373,4,4,1.0,0,0,1,1,27,5,2019,13,0,1,30,12,13377.0
8372,8374,2,2,1.0,0,1,0,0,6,3,2019,14,5,0,45,10,13502.0
8373,8375,4,4,2.0,0,1,0,0,9,3,2019,5,40,4,25,22,13764.0
8374,8376,3,3,1.0,0,1,0,1,6,6,2019,17,0,9,45,16,12692.0
8375,8377,3,3,3.0,1,0,0,1,18,5,2019,17,15,19,50,2,4804.0
8376,8378,3,3,1.0,0,1,0,0,1,4,2019,8,25,9,20,24,7064.0
8377,8379,4,4,1.0,0,1,0,1,24,6,2019,7,5,12,35,5,14924.0
8378,8380,3,3,3.0,1,0,0,1,1,3,2019,15,20,17,55,2,6565.0
8379,8381,4,4,2.0,0,0,0,1,18,5,2019,16,40,19,15,26,9863.0
8380,8382,4,4,1.0,1,0,0,1,6,3,2019,16,0,21,0,5,7725.0
8381,8383,4,4,2.0,0,0,0,1,15,5,2019,22,0,19,15,21,11281.0
8382,8384,1,1,3.0,0,1,0,0,21,5,2019,19,35,21,5,1,3210.0
8383,8385,3,3,1.0,0,0,0,1,1,5,2019,19,0,4,40,9,6117.0
8384,8386,4,4,1.0,0,1,0,0,24,6,2019,16,0,4,25,12,10262.0
8385,8387,2,2,3.0,1,0,0,1,1,4,2019,4,0,6,50,2,3943.0
8386,8388,3,3,1.0,0,1,0,1,12,6,2019,18,55,4,40,9,12576.0
8387,8389,4,4,1.0,0,0,1,1,21,4,2019,7,55,13,25,5,7452.0
8388,8390,3,3,1.0,0,1,0,1,1,5,2019,6,30,16,20,9,14781.0
8389,8391,3,3,1.0,0,0,0,1,12,6,2019,9,10,13,15,4,8996.0
8390,8392,4,4,1.0,0,0,0,1,6,3,2019,13,30,8,15,18,11563.0
8391,8393,2,2,3.0,1,0,0,1,9,3,2019,4,0,6,50,2,4777.0
8392,8394,3,3,3.0,1,0,0,1,9,4,2019,15,30,18,5,2,4174.0
8393,8395,3,3,3.0,0,0,1,0,6,6,2019,17,10,19,40,2,3841.0
8394,8396,4,4,2.0,0,1,0,1,24,6,2019,18,20,4,25,10,13775.0
8395,8397,4,4,1.0,0,0,0,1,27,3,2019,17,20,9,25,16,5117.0
8396,8398,1,1,3.0,0,1,0,1,15,6,2019,19,35,21,5,1,5678.0
8397,8399,4,4,1.0,0,1,0,0,1,4,2019,14,0,19,0,5,5177.0
8398,8400,4,4,1.0,0,0,1,1,9,5,2019,17,55,22,50,4,5975.0
8399,8401,2,2,3.0,1,0,0,1,3,3,2019,0,40,3,25,2,6860.0
8400,8402,3,3,3.0,1,0,0,1,18,5,2019,9,35,12,20,2,4804.0
8401,8403,4,4,1.0,0,0,1,1,27,6,2019,11,30,1,30,14,13377.0
8402,8404,4,4,1.0,0,0,0,1,21,5,2019,10,0,19,15,9,8372.0
8403,8405,4,4,1.0,0,0,1,1,1,6,2019,9,0,21,0,12,7933.0
8404,8406,1,1,3.0,1,0,0,1,15,5,2019,6,25,7,55,1,4049.0
8405,8407,2,2,3.0,0,0,0,1,3,3,2019,10,0,12,45,2,11423.0
8406,8408,3,3,1.0,0,1,0,0,15,5,2019,18,55,16,20,21,10844.0
8407,8409,4,4,2.0,0,1,0,1,21,3,2019,9,40,4,25,42,12819.0
8408,8410,2,2,3.0,0,0,1,1,18,4,2019,21,10,0,5,2,5621.0
8409,8411,2,2,3.0,0,0,0,1,9,5,2019,17,0,19,45,2,5228.0
8410,8412,4,4,2.0,0,1,0,0,27,3,2019,5,25,19,45,38,9254.0
8411,8413,1,1,3.0,1,0,0,1,1,5,2019,6,25,7,55,1,4392.0
8412,8414,1,1,3.0,0,1,0,1,21,3,2019,10,20,11,50,1,8040.0
8413,8415,2,2,3.0,0,0,1,1,27,4,2019,11,10,13,55,2,4483.0
8414,8416,4,4,2.0,0,0,0,1,3,3,2019,9,45,9,25,23,12760.0
8415,8417,2,2,3.0,0,1,0,1,15,5,2019,15,15,18,10,2,7229.0
8416,8418,2,2,3.0,0,0,1,1,24,4,2019,7,0,9,40,2,5403.0
8417,8419,4,4,1.0,0,0,0,1,21,3,2019,7,0,19,15,12,7934.0
8418,8420,3,3,1.0,0,0,1,1,15,5,2019,23,30,7,45,8,6945.0
8419,8421,2,2,3.0,0,0,1,1,6,4,2019,9,30,12,20,2,4423.0
8420,8422,1,1,3.0,0,1,0,1,15,3,2019,7,10,8,35,1,8040.0
8421,8423,4,4,1.0,0,1,0,0,9,5,2019,8,0,19,0,11,11399.0
8422,8424,4,4,3.0,0,1,0,0,21,4,2019,11,0,14,15,3,7202.0
8423,8425,4,4,1.0,0,0,1,1,9,5,2019,11,30,21,0,9,13727.0
8424,8426,4,4,1.0,0,0,1,1,24,6,2019,17,55,22,50,4,4957.0
8425,8427,4,4,1.0,0,1,0,0,3,6,2019,13,0,19,0,6,10262.0
8426,8428,1,1,3.0,0,0,1,1,3,4,2019,5,45,7,15,1,2017.0
8427,8429,4,4,1.0,0,1,0,1,27,3,2019,18,15,4,25,10,12242.0
8428,8430,1,1,3.0,0,1,0,1,1,3,2019,10,20,11,50,1,10875.0
8429,8431,3,3,1.0,0,1,0,0,9,6,2019,14,5,20,45,6,10844.0
8430,8432,3,3,3.0,0,0,1,1,3,6,2019,10,20,12,55,2,4409.0
8431,8433,2,2,1.0,0,0,0,1,21,3,2019,6,55,23,20,16,6987.0
8432,8434,4,4,2.0,0,1,0,1,27,3,2019,5,40,4,25,22,12074.0
8433,8435,4,4,1.0,0,0,1,1,6,6,2019,11,25,19,15,7,7354.0
8434,8436,4,4,2.0,0,0,0,1,3,6,2019,16,55,19,15,26,13381.0
8435,8437,4,4,3.0,0,0,0,1,15,6,2019,5,10,8,0,2,5201.0
8436,8438,3,3,1.0,0,1,0,0,1,5,2019,16,30,12,0,19,9663.0
8437,8439,4,4,3.0,0,0,0,1,9,5,2019,18,5,21,10,3,6094.0
8438,8440,4,4,3.0,0,1,0,0,12,5,2019,11,0,14,15,3,7202.0
8439,8441,0,0,3.0,0,0,1,1,6,6,2019,17,45,20,5,2,11982.0
8440,8442,2,2,1.0,0,1,0,0,21,3,2019,7,0,16,10,9,7832.0
8441,8443,0,0,3.0,0,0,0,1,9,3,2019,11,40,13,55,2,7817.0
8442,8444,4,4,1.0,0,1,0,0,18,5,2019,13,0,19,0,6,12373.0
8443,8445,3,3,1.0,0,1,0,0,18,5,2019,8,25,18,15,9,10844.0
8444,8446,4,4,2.0,0,1,0,1,9,6,2019,6,45,12,35,29,13376.0
8445,8447,4,4,1.0,0,0,1,1,27,6,2019,9,45,16,10,6,9646.0
8446,8448,3,3,3.0,0,0,1,0,6,6,2019,22,20,0,40,2,3841.0
8447,8449,4,4,1.0,0,0,1,1,21,3,2019,16,35,22,50,6,4957.0
8448,8450,3,3,3.0,1,0,0,1,9,3,2019,21,25,0,5,2,4148.0
8449,8451,2,2,1.0,0,1,0,1,1,3,2019,22,50,5,5,6,26890.0
8450,8452,4,4,2.0,0,1,0,0,27,3,2019,19,10,19,45,24,8834.0
8451,8453,4,4,1.0,1,0,0,1,24,4,2019,2,0,7,45,5,5241.0
8452,8454,4,4,3.0,0,1,0,0,27,5,2019,11,0,14,15,3,7989.0
8453,8455,4,4,1.0,1,0,0,1,12,6,2019,10,35,1,30,14,5883.0
8454,8456,3,3,1.0,0,0,1,1,18,5,2019,6,50,10,30,3,6857.0
8455,8457,2,2,1.0,0,0,1,1,15,3,2019,15,35,23,40,8,5822.0
8456,8458,4,4,1.0,0,1,0,0,9,6,2019,15,0,4,25,13,10262.0
8457,8459,1,1,3.0,0,1,0,0,12,6,2019,7,5,8,30,1,4995.0
8458,8460,2,2,3.0,0,0,1,1,21,4,2019,9,30,12,20,2,4991.0
8459,8461,2,2,1.0,0,1,0,1,6,3,2019,5,45,21,20,15,16736.0
8460,8462,4,4,2.0,0,1,0,1,12,6,2019,11,40,19,0,7,18804.0
8461,8463,4,4,1.0,1,0,0,1,1,6,2019,8,35,22,30,13,6442.0
8462,8464,3,3,3.0,0,0,0,1,18,3,2019,14,15,16,45,2,5170.0
8463,8465,2,2,3.0,0,0,1,1,18,3,2019,20,30,23,20,2,4377.0
8464,8466,4,4,3.0,0,1,0,1,9,6,2019,11,0,14,15,3,9564.0
8465,8467,2,2,3.0,0,0,1,0,27,6,2019,5,55,8,35,2,3573.0
8466,8468,4,4,1.0,0,1,0,1,6,3,2019,17,30,19,45,26,17024.0
8467,8469,2,2,3.0,0,0,1,1,21,5,2019,4,55,7,45,2,3383.0
8468,8470,2,2,1.0,0,1,0,1,1,3,2019,14,5,20,20,6,27992.0
8469,8471,2,2,3.0,0,1,0,1,12,5,2019,8,20,11,20,3,7229.0
8470,8472,2,2,1.0,0,1,0,0,15,3,2019,5,45,10,25,4,9134.0
8471,8473,1,1,3.0,0,0,0,1,21,6,2019,15,0,16,25,1,3100.0
8472,8474,4,4,1.0,0,0,1,1,15,5,2019,9,0,21,0,12,13727.0
8473,8475,3,3,1.0,0,0,1,1,1,4,2019,7,10,20,20,13,8452.0
8474,8476,4,4,1.0,0,1,0,1,3,6,2019,10,0,19,0,9,14714.0
8475,8477,2,2,1.0,0,1,0,0,15,3,2019,9,45,15,55,6,7280.0
8476,8478,1,1,2.0,0,0,0,1,6,3,2019,13,30,16,55,3,18797.0
8477,8479,1,1,3.0,1,0,0,1,3,6,2019,12,0,13,30,1,2754.0
8478,8480,3,3,3.0,0,0,1,1,3,6,2019,22,50,1,20,2,4409.0
8479,8481,4,4,3.0,1,0,0,1,27,4,2019,14,20,17,35,3,5021.0
8480,8482,1,1,3.0,0,1,0,1,9,3,2019,6,30,8,0,1,8040.0
8481,8483,4,4,1.0,0,0,0,1,15,6,2019,9,0,19,15,10,10454.0
8482,8484,4,4,1.0,0,0,1,1,15,5,2019,3,50,12,35,8,10197.0
8483,8485,2,2,3.0,0,0,0,1,12,5,2019,6,10,8,55,2,5228.0
8484,8486,4,4,1.0,0,1,0,1,9,6,2019,14,0,19,0,5,14714.0
8485,8487,2,2,3.0,0,0,0,1,15,3,2019,6,10,8,55,2,7276.0
8486,8488,4,4,1.0,1,0,0,1,27,3,2019,2,35,8,30,5,7731.0
8487,8489,3,3,1.0,0,0,1,1,18,5,2019,19,55,23,30,3,6857.0
8488,8490,2,2,3.0,0,0,0,1,18,6,2019,5,45,8,45,3,6961.0
8489,8491,4,4,2.0,0,1,0,0,21,3,2019,10,45,4,25,17,7791.0
8490,8492,2,2,3.0,1,0,0,1,21,3,2019,10,10,13,0,2,4777.0
8491,8493,4,4,1.0,0,1,0,1,9,3,2019,19,15,4,25,9,16289.0
8492,8494,3,3,1.0,0,1,0,1,1,4,2019,18,55,4,40,9,12681.0
8493,8495,2,2,3.0,1,0,0,1,27,4,2019,18,25,21,20,2,4823.0
8494,8496,4,4,2.0,0,1,0,1,9,6,2019,9,40,12,35,26,13014.0
8495,8497,4,4,1.0,0,1,0,0,6,4,2019,7,5,19,0,11,5406.0
8496,8498,4,4,1.0,0,0,1,1,15,5,2019,7,30,19,0,11,9315.0
8497,8499,4,4,1.0,0,0,0,1,9,5,2019,12,30,9,25,20,7480.0
8498,8500,2,2,1.0,0,1,0,1,18,3,2019,14,5,19,10,5,14815.0
8499,8501,3,3,1.0,0,0,0,1,24,3,2019,20,30,16,15,19,12173.0
8500,8502,2,2,2.0,0,0,0,1,15,3,2019,5,50,23,45,17,7664.0
8501,8503,4,4,2.0,0,0,0,1,6,6,2019,17,15,19,15,26,12777.0
8502,8504,4,4,1.0,0,0,1,1,27,5,2019,7,30,19,15,11,8837.0
8503,8505,3,3,1.0,0,1,0,0,1,5,2019,21,10,10,5,12,10844.0
8504,8506,3,3,1.0,0,1,0,1,24,5,2019,6,30,19,50,13,14571.0
8505,8507,4,4,1.0,1,0,0,1,15,6,2019,7,30,21,0,13,6093.0
8506,8508,4,4,1.0,1,0,0,1,6,3,2019,8,35,16,10,7,7514.0
8507,8509,4,4,3.0,1,0,0,1,18,5,2019,14,25,17,40,3,6015.0
8508,8510,4,4,1.0,0,1,0,0,21,5,2019,10,0,4,25,18,12898.0
8509,8511,4,4,1.0,0,0,0,1,1,6,2019,19,0,19,15,24,8792.0
8510,8512,2,2,3.0,1,0,0,1,15,5,2019,8,30,11,20,2,4823.0
8511,8513,2,2,3.0,0,0,1,0,1,4,2019,5,55,8,35,2,3919.0
8512,8514,0,0,3.0,1,0,0,1,1,5,2019,13,15,15,35,2,3597.0
8513,8515,1,1,3.0,0,0,1,1,21,5,2019,5,45,7,15,1,2017.0
8514,8516,2,2,3.0,0,0,1,1,27,6,2019,23,55,2,45,2,3383.0
8515,8517,1,1,3.0,0,0,1,0,18,6,2019,22,45,0,15,1,1965.0
8516,8518,4,4,1.0,0,1,0,0,24,6,2019,2,15,12,35,10,10262.0
8517,8519,4,4,1.0,0,1,0,1,3,3,2019,16,0,4,25,12,17234.0
8518,8520,3,3,1.0,0,1,0,1,9,6,2019,20,0,4,40,8,14178.0
8519,8521,4,4,1.0,1,0,0,1,3,6,2019,2,0,7,25,5,5636.0
8520,8522,2,2,3.0,1,0,0,1,15,4,2019,18,55,21,50,2,4823.0
8521,8523,4,4,1.0,0,0,0,1,21,5,2019,12,30,9,25,20,7480.0
8522,8524,3,3,1.0,0,1,0,1,9,6,2019,18,55,16,20,21,14571.0
8523,8525,1,1,3.0,1,0,0,1,1,3,2019,9,10,10,40,1,13999.0
8524,8526,3,3,1.0,0,1,0,1,18,5,2019,20,25,21,5,24,14151.0
8525,8527,2,2,3.0,0,0,0,1,1,5,2019,21,5,23,55,2,6121.0
8526,8528,0,0,3.0,0,0,1,0,24,5,2019,8,20,10,35,2,3543.0
8527,8529,4,4,2.0,0,0,0,1,18,5,2019,19,45,19,15,23,10651.0
8528,8530,4,4,2.0,0,1,0,1,21,5,2019,23,5,4,25,29,15129.0
8529,8531,4,4,1.0,1,0,0,1,24,6,2019,7,15,12,30,5,6582.0
8530,8532,4,4,2.0,0,1,0,0,27,5,2019,5,30,12,35,7,15544.0
8531,8533,4,4,1.0,1,0,0,1,27,3,2019,18,35,1,35,7,8574.0
8532,8534,1,1,3.0,1,0,0,1,9,3,2019,2,30,4,0,1,4784.0
8533,8535,4,4,1.0,1,0,0,1,3,6,2019,5,5,12,10,7,6818.0
8534,8536,2,2,1.0,0,1,0,1,1,3,2019,14,5,9,30,19,25735.0
8535,8537,4,4,2.0,0,1,0,1,9,4,2019,13,25,19,0,29,9483.0
8536,8538,4,4,2.0,0,1,0,0,24,6,2019,19,30,12,35,17,10368.0
8537,8539,4,4,1.0,0,0,1,1,15,5,2019,9,0,21,0,12,8073.0
8538,8540,3,3,3.0,1,0,0,1,1,3,2019,22,10,0,55,2,4778.0
8539,8541,3,3,1.0,0,1,0,1,18,5,2019,20,0,4,40,8,13941.0
8540,8542,3,3,1.0,0,1,0,0,1,5,2019,16,30,22,35,6,10844.0
8541,8543,3,3,1.0,0,1,0,0,9,5,2019,6,30,19,50,13,10844.0
8542,8544,3,3,3.0,0,0,1,0,24,5,2019,9,0,11,25,2,3841.0
8543,8545,3,3,1.0,0,1,0,0,15,5,2019,6,30,16,20,9,10844.0
8544,8546,4,4,2.0,0,1,0,0,27,3,2019,5,10,18,50,13,8728.0
8545,8547,3,3,1.0,0,1,0,1,1,5,2019,20,25,14,25,18,11467.0
8546,8548,4,4,1.0,0,0,1,1,6,3,2019,9,0,15,30,6,15078.0
8547,8549,4,4,1.0,0,0,1,1,6,6,2019,17,0,1,30,8,7198.0
8548,8550,4,4,1.0,0,0,0,1,24,6,2019,21,0,7,40,10,8372.0
8549,8551,4,4,1.0,0,0,1,0,27,5,2019,16,0,1,30,9,7308.0
8550,8552,4,4,1.0,0,0,1,0,27,3,2019,8,45,13,15,4,4414.0
8551,8553,3,3,3.0,1,0,0,1,18,4,2019,14,25,16,55,2,5224.0
8552,8554,2,2,1.0,0,1,0,0,21,3,2019,5,45,16,10,10,7832.0
8553,8555,2,2,3.0,1,0,0,1,9,3,2019,1,30,4,15,2,6860.0
8554,8556,4,4,1.0,0,0,1,0,6,3,2019,13,0,1,35,12,15136.0
8555,8557,4,4,1.0,0,1,0,0,27,3,2019,16,0,19,45,27,5963.0
8556,8558,4,4,2.0,0,0,0,1,27,3,2019,21,30,19,15,21,8665.0
8557,8559,4,4,2.0,0,1,0,1,21,5,2019,23,5,4,25,29,15129.0
8558,8560,3,3,3.0,0,0,1,0,18,5,2019,17,10,19,40,2,3841.0
8559,8561,4,4,1.0,0,0,1,1,9,6,2019,10,0,1,30,15,13377.0
8560,8562,4,4,2.0,0,1,0,1,9,3,2019,5,25,4,25,23,16914.0
8561,8563,4,4,1.0,0,1,0,0,9,6,2019,2,15,19,0,16,10262.0
8562,8564,3,3,1.0,1,0,0,1,9,5,2019,17,35,22,15,4,5386.0
8563,8565,3,3,1.0,0,1,0,1,15,5,2019,21,10,4,40,7,14388.0
8564,8566,4,4,2.0,0,1,0,1,27,5,2019,5,30,19,0,13,15129.0
8565,8567,4,4,1.0,1,0,0,1,15,5,2019,11,55,22,30,10,6442.0
8566,8568,4,4,2.0,0,1,0,0,3,6,2019,19,30,12,35,17,10368.0
8567,8569,4,4,1.0,0,1,0,1,21,3,2019,15,0,18,50,27,12767.0
8568,8570,4,4,1.0,0,1,0,0,6,6,2019,15,0,4,25,13,10262.0
8569,8571,4,4,1.0,0,0,1,1,12,6,2019,8,0,21,0,13,7408.0
8570,8572,4,4,1.0,0,0,1,1,27,6,2019,10,0,21,0,11,13587.0
8571,8573,3,3,1.0,0,0,0,1,15,5,2019,16,50,7,55,15,8891.0
8572,8574,4,4,1.0,1,0,0,1,6,6,2019,10,35,1,30,14,5883.0
8573,8575,4,4,1.0,0,1,0,0,27,6,2019,13,0,12,35,23,10262.0
8574,8576,3,3,1.0,0,1,0,0,9,6,2019,21,10,20,45,23,10844.0
8575,8577,3,3,1.0,0,1,0,1,9,5,2019,6,30,19,50,13,14781.0
8576,8578,0,0,3.0,1,0,0,1,15,3,2019,14,40,17,5,2,6297.0
8577,8579,3,3,3.0,0,0,1,1,12,5,2019,22,50,1,20,2,4409.0
8578,8580,4,4,2.0,0,0,0,1,9,6,2019,10,55,19,15,8,12383.0
8579,8581,1,1,3.0,0,0,1,1,3,5,2019,13,15,14,45,1,2017.0
8580,8582,1,1,1.0,0,0,0,1,6,3,2019,19,0,9,10,14,12308.0
8581,8583,0,0,3.0,0,0,1,1,18,3,2019,17,45,20,5,2,3384.0
8582,8584,2,2,1.0,0,1,0,0,15,3,2019,8,55,16,10,7,9134.0
8583,8585,4,4,1.0,1,0,0,1,18,5,2019,2,0,7,25,5,7464.0
8584,8586,4,4,1.0,0,0,1,0,27,4,2019,7,10,16,10,9,6093.0
8585,8587,4,4,1.0,0,0,1,1,3,3,2019,4,0,18,50,14,15237.0
8586,8588,1,1,3.0,0,1,0,0,1,5,2019,7,5,8,30,1,4995.0
8587,8589,4,4,3.0,0,0,0,1,24,5,2019,14,10,17,10,3,6934.0
8588,8590,3,3,1.0,0,1,0,1,1,4,2019,21,10,10,5,12,13784.0
8589,8591,3,3,3.0,0,0,1,1,15,6,2019,10,20,12,55,2,4409.0
8590,8592,4,4,1.0,0,0,1,1,27,5,2019,13,0,19,15,6,15898.0
8591,8593,4,4,2.0,0,0,0,1,21,5,2019,17,15,19,15,26,11989.0
8592,8594,1,1,3.0,0,0,1,1,3,6,2019,13,15,14,45,1,2017.0
8593,8595,4,4,1.0,0,0,1,1,1,6,2019,4,55,19,0,14,11098.0
8594,8596,4,4,1.0,1,0,0,1,21,5,2019,17,30,1,30,8,6794.0
8595,8597,3,3,1.0,0,1,0,0,1,5,2019,21,10,9,20,12,10844.0
8596,8598,4,4,2.0,0,0,1,1,9,3,2019,15,5,1,35,10,34608.0
8597,8599,4,4,3.0,0,0,0,1,15,5,2019,14,10,17,10,3,6094.0
8598,8600,3,3,1.0,1,0,0,1,9,5,2019,15,15,20,30,5,4565.0
8599,8601,4,4,0.0,0,0,0,1,27,5,2019,5,15,19,15,38,10493.0
8600,8602,4,4,2.0,0,0,0,1,27,6,2019,19,45,19,15,23,9653.0
8601,8603,2,2,2.0,0,0,0,1,18,3,2019,6,45,10,35,27,12305.0
8602,8604,2,2,3.0,0,0,0,1,15,5,2019,10,0,12,45,2,6961.0
8603,8605,4,4,1.0,0,0,1,1,15,5,2019,6,0,12,35,6,9794.0
8604,8606,4,4,1.0,0,0,1,1,27,5,2019,17,30,1,30,8,13377.0
8605,8607,4,4,1.0,0,1,0,0,27,5,2019,2,15,19,0,16,12898.0
8606,8608,4,4,1.0,0,0,1,1,27,6,2019,11,25,19,15,7,7155.0
8607,8609,4,4,1.0,0,0,1,1,24,6,2019,15,0,1,30,10,13377.0
8608,8610,2,2,3.0,0,0,1,1,3,5,2019,11,30,14,20,2,4668.0
8609,8611,2,2,1.0,1,0,0,1,1,3,2019,7,30,12,20,4,8110.0
8610,8612,2,2,3.0,0,1,0,0,6,4,2019,8,20,11,20,3,4544.0
8611,8613,4,4,2.0,0,0,0,1,27,6,2019,16,40,19,15,26,9653.0
8612,8614,3,3,1.0,0,1,0,1,1,5,2019,8,25,18,15,9,14781.0
8613,8615,2,2,3.0,0,0,1,1,6,4,2019,11,30,14,20,2,5969.0
8614,8616,1,1,3.0,0,0,1,1,3,4,2019,13,15,14,45,1,2017.0
8615,8617,3,3,1.0,0,1,0,1,6,6,2019,17,0,23,35,6,14151.0
8616,8618,3,3,1.0,0,1,0,1,9,6,2019,16,30,4,40,12,13731.0
8617,8619,4,4,1.0,0,1,0,0,3,3,2019,9,0,18,50,9,15400.0
8618,8620,3,3,1.0,0,1,0,0,9,5,2019,9,35,10,55,25,8066.0
8619,8621,4,4,2.0,0,1,0,1,3,3,2019,5,40,18,50,37,21314.0
8620,8622,2,2,1.0,0,0,0,1,1,3,2019,11,5,22,45,11,14069.0
8621,8623,1,1,3.0,0,1,0,0,15,3,2019,15,50,17,20,1,2470.0
8622,8624,3,3,3.0,1,0,0,1,24,4,2019,20,20,22,55,2,4804.0
8623,8625,2,2,1.0,0,0,0,1,15,3,2019,5,50,12,55,7,9029.0
8624,8626,3,3,3.0,1,0,0,1,12,5,2019,4,40,7,15,2,4804.0
8625,8627,4,4,2.0,0,1,0,1,9,5,2019,23,5,19,0,19,15129.0
8626,8628,1,1,3.0,1,0,0,1,24,3,2019,19,5,20,30,1,2754.0
8627,8629,3,3,1.0,0,1,0,1,1,4,2019,21,10,8,15,11,13364.0
8628,8630,3,3,1.0,1,0,0,1,24,3,2019,17,35,22,15,4,6933.0
8629,8631,4,4,2.0,0,1,0,1,18,5,2019,23,5,12,35,13,15129.0
8630,8632,4,4,1.0,0,0,1,1,9,6,2019,11,25,19,0,7,11200.0
8631,8633,1,1,3.0,0,1,0,0,15,5,2019,2,55,4,20,1,3210.0
8632,8634,1,1,3.0,0,1,0,1,18,6,2019,10,20,11,50,1,8040.0
8633,8635,4,4,2.0,0,1,0,0,12,6,2019,14,35,4,25,13,10919.0
8634,8636,4,4,1.0,1,0,0,1,27,6,2019,7,35,16,10,8,6442.0
8635,8637,4,4,3.0,1,0,0,1,1,4,2019,14,20,17,35,3,4729.0
8636,8638,4,4,1.0,1,0,0,1,6,3,2019,11,55,22,20,10,6442.0
8637,8639,3,3,3.0,0,0,1,0,12,6,2019,22,20,0,40,2,3841.0
8638,8640,4,4,2.0,0,0,0,1,3,6,2019,19,45,19,15,23,10441.0
8639,8641,4,4,1.0,0,0,1,1,1,6,2019,10,0,21,0,11,13587.0
8640,8642,3,3,1.0,0,1,0,1,15,5,2019,20,25,14,25,18,11467.0
8641,8643,0,0,3.0,1,0,0,1,3,3,2019,13,20,15,35,2,7295.0
8642,8644,0,0,3.0,0,0,1,1,1,5,2019,9,45,12,0,2,3597.0
8643,8645,4,4,1.0,0,0,1,1,9,5,2019,6,40,19,15,12,7787.0
8644,8646,4,4,1.0,1,0,0,1,6,3,2019,6,40,21,0,14,14871.0
8645,8647,0,0,3.0,1,0,0,1,15,6,2019,15,40,18,25,2,3540.0
8646,8648,4,4,1.0,1,0,0,1,1,6,2019,6,50,22,30,15,6442.0
8647,8649,2,2,3.0,0,0,1,1,24,6,2019,11,10,13,55,2,3383.0
8648,8650,3,3,3.0,0,0,1,1,18,4,2019,22,50,1,20,2,4409.0
8649,8651,0,0,3.0,1,0,0,1,9,5,2019,7,55,10,15,2,3850.0
8650,8652,4,4,1.0,0,0,1,1,24,6,2019,13,15,22,30,9,8018.0
8651,8653,3,3,1.0,0,1,0,1,1,4,2019,20,25,15,5,18,11467.0
8652,8654,2,2,3.0,0,0,1,1,6,6,2019,11,30,14,20,2,4668.0
8653,8655,4,4,2.0,0,1,0,1,24,6,2019,17,35,19,0,25,13922.0
8654,8656,1,1,3.0,0,0,0,1,6,5,2019,6,20,7,40,1,3625.0
8655,8657,3,3,3.0,0,0,1,1,18,5,2019,19,55,22,25,2,5989.0
8656,8658,2,2,3.0,1,0,0,1,21,4,2019,4,0,6,50,2,4423.0
8657,8659,4,4,3.0,0,1,0,1,18,6,2019,9,50,13,5,3,9564.0
8658,8660,3,3,1.0,0,1,0,0,12,6,2019,16,30,18,15,25,8529.0
8659,8661,3,3,3.0,0,0,0,1,6,6,2019,20,45,23,20,2,4145.0
8660,8662,3,3,3.0,1,0,0,1,3,5,2019,17,15,19,50,2,4804.0
8661,8663,4,4,1.0,1,0,0,1,1,6,2019,14,20,22,30,8,6938.0
8662,8664,2,2,1.0,0,1,0,1,6,3,2019,8,0,7,40,23,14815.0
8663,8665,4,4,1.0,0,0,1,1,6,3,2019,7,30,19,15,11,15077.0
8664,8666,4,4,2.0,0,1,0,1,15,6,2019,9,40,19,0,9,13014.0
8665,8667,3,3,2.0,0,0,0,1,9,6,2019,5,50,20,25,14,11201.0
8666,8668,3,3,1.0,0,1,0,1,6,6,2019,20,25,18,0,21,12692.0
8667,8669,4,4,1.0,0,0,1,1,1,6,2019,9,45,16,10,6,9646.0
8668,8670,4,4,1.0,0,1,0,1,24,5,2019,22,50,4,25,5,16079.0
8669,8671,3,3,2.0,0,0,0,1,15,5,2019,9,10,11,5,25,6117.0
8670,8672,4,4,1.0,0,0,1,1,9,6,2019,15,15,1,30,10,6795.0
8671,8673,1,1,3.0,0,0,0,1,1,6,2019,21,5,22,25,1,3100.0
8672,8674,4,4,1.0,0,1,0,1,9,5,2019,2,15,12,35,10,15851.0
8673,8675,0,0,3.0,0,0,1,1,6,6,2019,7,5,9,20,2,3687.0
8674,8676,2,2,3.0,1,0,0,1,12,4,2019,16,55,19,55,3,4990.0
8675,8677,4,4,1.0,0,1,0,1,9,5,2019,19,15,19,0,23,15554.0
8676,8678,4,4,1.0,0,0,1,1,15,6,2019,6,0,19,15,13,9526.0
8677,8679,4,4,3.0,1,0,0,1,18,5,2019,5,35,8,50,3,6015.0
8678,8680,3,3,2.0,0,0,0,1,1,5,2019,12,0,21,50,9,10676.0
8679,8681,4,4,1.0,0,1,0,0,27,5,2019,18,15,12,35,18,12898.0
8680,8682,4,4,2.0,0,1,0,1,27,5,2019,23,5,4,25,29,15129.0
8681,8683,4,4,1.0,0,0,1,1,21,3,2019,11,30,19,15,7,13378.0
8682,8684,3,3,3.0,0,0,1,1,1,6,2019,9,0,11,25,2,4174.0
8683,8685,4,4,1.0,0,0,1,1,21,5,2019,11,25,19,0,7,9103.0
8684,8686,0,0,3.0,1,0,0,1,9,6,2019,7,55,10,15,2,3850.0
8685,8687,4,4,3.0,0,0,1,1,9,6,2019,14,40,17,50,3,6216.0
8686,8688,3,3,1.0,0,0,1,1,1,4,2019,17,0,23,25,6,8610.0
8687,8689,3,3,1.0,0,1,0,0,6,6,2019,17,0,9,45,16,10539.0
8688,8690,4,4,1.0,1,0,0,1,9,3,2019,11,55,22,20,10,6674.0
8689,8691,4,4,1.0,0,0,1,1,24,6,2019,8,0,21,0,13,7618.0
8690,8692,2,2,3.0,1,0,0,1,21,4,2019,0,30,3,25,2,3943.0
8691,8693,2,2,3.0,0,0,1,1,24,3,2019,16,0,18,35,2,11913.0
8692,8694,2,2,3.0,1,0,0,1,9,3,2019,18,55,21,45,2,6860.0
8693,8695,4,4,2.0,0,1,0,1,12,6,2019,5,30,19,0,13,13292.0
8694,8696,4,4,1.0,0,0,1,1,6,3,2019,2,15,15,30,13,17057.0
8695,8697,4,4,2.0,0,1,0,1,27,6,2019,5,30,19,0,13,13014.0
8696,8698,4,4,2.0,0,0,0,1,3,3,2019,7,5,19,15,36,11552.0
8697,8699,0,0,3.0,1,0,0,1,12,3,2019,11,35,14,0,2,6297.0
8698,8700,0,0,3.0,1,0,0,1,24,3,2019,11,35,14,0,2,4332.0
8699,8701,4,4,3.0,0,0,0,1,21,3,2019,5,10,8,0,2,5674.0
8700,8702,4,4,1.0,0,0,1,0,21,5,2019,7,5,19,15,12,10711.0
8701,8703,3,3,1.0,0,1,0,1,1,4,2019,9,35,18,0,8,11467.0
8702,8704,3,3,2.0,0,0,0,1,6,5,2019,16,50,15,5,22,12434.0
8703,8705,4,4,3.0,0,0,0,1,24,6,2019,18,5,21,10,3,5201.0
8704,8706,2,2,3.0,0,0,1,1,18,5,2019,17,0,19,35,2,4878.0
8705,8707,4,4,2.0,0,1,0,1,6,6,2019,5,30,4,25,22,13014.0
8706,8708,0,0,3.0,0,0,1,1,6,6,2019,8,20,10,35,2,3597.0
8707,8709,2,2,2.0,0,0,0,1,3,3,2019,8,50,11,10,26,12599.0
8708,8710,3,3,1.0,0,1,0,0,24,5,2019,18,55,22,35,27,10844.0
8709,8711,4,4,1.0,0,1,0,0,21,5,2019,2,15,19,0,16,12898.0
8710,8712,2,2,3.0,1,0,0,1,21,6,2019,13,0,15,50,2,3943.0
8711,8713,4,4,1.0,0,0,1,1,12,6,2019,13,0,1,30,12,7198.0
8712,8714,3,3,1.0,0,0,1,1,18,5,2019,15,5,20,20,5,4963.0
8713,8715,2,2,3.0,1,0,0,1,1,3,2019,16,55,19,45,2,12649.0
8714,8716,4,4,1.0,0,0,1,1,6,3,2019,8,0,15,30,7,17267.0
8715,8717,4,4,1.0,0,1,0,0,9,5,2019,7,5,19,0,11,12373.0
8716,8718,2,2,1.0,0,1,0,0,3,3,2019,11,40,0,45,13,13502.0
8717,8719,4,4,1.0,0,0,1,1,21,3,2019,11,30,18,50,7,11622.0
8718,8720,3,3,3.0,0,0,1,1,3,3,2019,22,20,0,40,2,5515.0
8719,8721,3,3,1.0,0,1,0,0,15,5,2019,20,25,14,25,18,9314.0
8720,8722,4,4,1.0,0,0,1,1,3,6,2019,10,20,19,0,8,11789.0
8721,8723,2,2,3.0,1,0,0,1,6,4,2019,20,0,22,50,2,4823.0
8722,8724,4,4,2.0,0,0,0,1,3,6,2019,13,15,9,25,20,10467.0
8723,8725,4,4,1.0,0,0,1,1,3,6,2019,13,0,21,0,8,7408.0
8724,8726,4,4,1.0,0,0,0,1,15,6,2019,6,5,9,25,27,7480.0
8725,8727,3,3,3.0,0,0,1,0,24,4,2019,22,20,0,40,2,3841.0
8726,8728,0,0,3.0,0,0,1,0,18,5,2019,17,45,20,5,2,3543.0
8727,8729,4,4,0.0,0,0,0,1,24,6,2019,5,15,19,15,38,10493.0
8728,8730,4,4,1.0,0,0,1,1,27,5,2019,11,25,19,0,7,9103.0
8729,8731,3,3,1.0,0,1,0,0,6,5,2019,14,5,19,50,5,10844.0
8730,8732,2,2,3.0,1,0,0,1,9,6,2019,20,0,22,50,2,4823.0
8731,8733,2,2,3.0,0,0,1,1,24,3,2019,23,25,2,10,2,4482.0
8732,8734,3,3,1.0,0,1,0,0,12,6,2019,6,30,10,5,27,8529.0
8733,8735,4,4,3.0,0,0,0,1,3,3,2019,14,10,17,10,3,7931.0
8734,8736,3,3,1.0,0,1,0,0,18,5,2019,18,55,9,20,14,9663.0
8735,8737,4,4,2.0,0,1,0,0,1,6,2019,9,40,19,0,9,10368.0
8736,8738,3,3,2.0,0,0,0,1,18,5,2019,12,0,21,50,9,10151.0
8737,8739,0,0,3.0,0,0,1,0,27,5,2019,17,45,20,5,2,3543.0
8738,8740,4,4,1.0,0,0,1,1,1,6,2019,19,0,1,30,6,7530.0
8739,8741,4,4,1.0,0,0,1,1,9,5,2019,14,55,22,30,7,6805.0
8740,8742,2,2,3.0,0,0,1,1,18,6,2019,7,45,10,40,2,3419.0
8741,8743,2,2,3.0,0,0,1,1,9,6,2019,23,55,2,45,2,7120.0
8742,8744,3,3,1.0,0,1,0,1,21,5,2019,17,0,10,55,17,14151.0
8743,8745,1,1,3.0,0,0,0,1,21,6,2019,6,20,7,40,1,3100.0
8744,8746,3,3,1.0,0,1,0,1,24,5,2019,17,0,14,25,21,12121.0
8745,8747,1,1,3.0,0,0,1,1,6,5,2019,5,45,7,15,1,2017.0
8746,8748,1,1,3.0,0,0,1,0,15,6,2019,5,45,7,15,1,2647.0
8747,8749,4,4,1.0,1,0,0,1,12,6,2019,17,5,22,25,5,6147.0
8748,8750,4,4,2.0,0,1,0,1,1,6,2019,18,25,4,25,10,14237.0
8749,8751,3,3,1.0,0,1,0,1,12,6,2019,21,10,9,20,12,13044.0
8750,8752,4,4,1.0,0,1,0,1,18,5,2019,2,15,19,0,16,15554.0
8751,8753,2,2,3.0,0,0,1,1,9,4,2019,9,30,12,20,2,4423.0
8752,8754,4,4,1.0,0,0,0,1,6,6,2019,21,0,7,40,10,8372.0
8753,8755,3,3,1.0,0,1,0,0,18,5,2019,20,0,23,35,27,10844.0
8754,8756,3,3,1.0,0,0,1,1,18,5,2019,17,0,18,50,25,9555.0
8755,8757,4,4,2.0,0,0,0,1,15,5,2019,17,15,9,25,16,8839.0
8756,8758,3,3,2.0,0,0,0,1,6,5,2019,12,0,18,30,30,10151.0
8757,8759,3,3,2.0,0,0,0,1,12,5,2019,9,25,5,35,20,11432.0
8758,8760,2,2,3.0,0,0,1,0,15,4,2019,9,30,12,20,2,4319.0
8759,8761,3,3,2.0,0,0,0,1,6,6,2019,12,0,18,30,30,9626.0
8760,8762,3,3,1.0,0,0,0,1,18,5,2019,17,30,20,25,26,10623.0
8761,8763,4,4,3.0,0,1,0,1,18,4,2019,11,0,14,15,3,9564.0
8762,8764,3,3,1.0,0,1,0,1,9,5,2019,14,5,20,45,6,14781.0
8763,8765,2,2,3.0,0,1,0,1,15,5,2019,8,20,11,20,3,7229.0
8764,8766,4,4,1.0,1,0,0,1,27,6,2019,17,30,1,30,8,5684.0
8765,8767,3,3,1.0,0,1,0,1,18,5,2019,5,45,9,20,27,14388.0
8766,8768,2,2,3.0,0,0,1,0,18,4,2019,9,30,12,20,2,5515.0
8767,8769,3,3,1.0,0,1,0,1,9,6,2019,20,25,22,5,25,12692.0
8768,8770,3,3,1.0,0,1,0,0,1,5,2019,9,35,19,10,9,9314.0
8769,8771,3,3,3.0,0,0,1,1,15,6,2019,17,10,19,40,2,3873.0
8770,8772,3,3,3.0,0,0,1,0,21,4,2019,22,20,0,40,2,4807.0
8771,8773,4,4,1.0,0,0,1,1,27,6,2019,9,0,19,15,10,14848.0
8772,8774,4,4,1.0,1,0,0,1,24,4,2019,5,5,12,10,7,6171.0
8773,8775,1,1,3.0,0,0,1,0,24,6,2019,13,15,14,45,1,1965.0
8774,8776,3,3,1.0,0,1,0,0,12,6,2019,9,35,21,5,11,10539.0
8775,8777,2,2,3.0,0,0,1,1,1,6,2019,11,10,13,55,2,4483.0
8776,8778,4,4,1.0,0,0,1,1,27,3,2019,6,0,19,15,13,8371.0
8777,8779,4,4,1.0,0,1,0,1,6,3,2019,13,55,4,25,14,15764.0
8778,8780,3,3,1.0,0,1,0,0,12,5,2019,16,30,23,35,7,10844.0
8779,8781,3,3,2.0,0,0,0,1,18,5,2019,16,50,5,35,12,11642.0
8780,8782,2,2,3.0,1,0,0,1,12,4,2019,4,0,6,50,2,4423.0
8781,8783,2,2,3.0,0,0,1,1,15,6,2019,9,45,12,35,2,4878.0
8782,8784,1,1,3.0,0,0,1,1,9,5,2019,13,15,14,45,1,2227.0
8783,8785,3,3,1.0,0,1,0,0,15,5,2019,16,30,18,15,25,10844.0
8784,8786,3,3,3.0,0,0,1,1,3,4,2019,19,55,22,25,2,4107.0
8785,8787,3,3,1.0,0,0,1,1,24,3,2019,7,10,10,50,27,11262.0
8786,8788,4,4,1.0,0,1,0,0,3,6,2019,14,0,12,35,22,10262.0
8787,8789,2,2,3.0,0,1,0,0,18,5,2019,15,15,18,10,2,4544.0
8788,8790,2,2,3.0,0,1,0,0,24,5,2019,18,55,22,0,3,6144.0
8789,8791,2,2,3.0,0,0,1,1,15,3,2019,7,45,10,40,2,5706.0
8790,8792,2,2,1.0,0,1,0,0,15,3,2019,5,50,12,20,6,5853.0
8791,8793,3,3,2.0,0,1,0,0,21,5,2019,6,30,20,50,14,10118.0
8792,8794,3,3,2.0,0,0,0,1,1,5,2019,9,25,5,25,20,14687.0
8793,8795,4,4,1.0,0,0,1,0,27,5,2019,11,30,19,15,7,9254.0
8794,8796,4,4,2.0,0,1,0,0,1,6,2019,9,40,4,25,18,10368.0
8795,8797,3,3,1.0,0,1,0,1,6,6,2019,14,5,20,45,6,14571.0
8796,8798,2,2,3.0,0,1,0,0,1,6,2019,15,15,18,10,2,7229.0
8797,8799,4,4,1.0,1,0,0,1,6,6,2019,6,40,21,0,14,6093.0
8798,8800,4,4,1.0,0,0,1,1,9,3,2019,8,0,21,0,13,16023.0
8799,8801,0,0,3.0,1,0,0,1,6,6,2019,14,45,17,5,2,3597.0
8800,8802,3,3,1.0,0,1,0,0,24,3,2019,6,30,23,25,16,8824.0
8801,8803,4,4,1.0,1,0,0,1,9,3,2019,2,0,7,45,5,7060.0
8802,8804,3,3,1.0,0,1,0,1,24,3,2019,13,55,9,15,19,14231.0
8803,8805,2,2,3.0,0,1,0,0,24,4,2019,18,55,22,0,3,4544.0
8804,8806,4,4,1.0,0,1,0,1,9,3,2019,15,5,18,50,27,16289.0
8805,8807,3,3,3.0,1,0,0,1,3,3,2019,10,10,12,55,2,6565.0
8806,8808,0,0,3.0,1,0,0,1,21,6,2019,14,45,17,5,2,3597.0
8807,8809,4,4,1.0,0,0,0,1,6,5,2019,20,40,9,25,12,7480.0
8808,8810,3,3,1.0,0,0,1,1,12,5,2019,17,0,10,45,17,9922.0
8809,8811,2,2,3.0,0,1,0,1,27,5,2019,17,45,20,45,3,7229.0
8810,8812,4,4,2.0,0,1,0,1,15,6,2019,20,0,12,35,16,14300.0
8811,8813,4,4,1.0,0,1,0,1,27,3,2019,2,15,4,25,26,12242.0
8812,8814,4,4,1.0,0,0,1,1,24,6,2019,11,25,19,0,7,10678.0
8813,8815,4,4,1.0,0,0,1,0,27,5,2019,8,0,21,0,13,9450.0
8814,8816,3,3,3.0,1,0,0,1,6,4,2019,21,25,0,5,2,4174.0
8815,8817,2,2,3.0,0,1,0,0,6,4,2019,7,10,10,10,3,4544.0
8816,8818,3,3,1.0,1,0,0,1,15,5,2019,17,35,22,15,4,5386.0
8817,8819,4,4,2.0,0,1,0,1,24,5,2019,19,10,19,0,23,15129.0
8818,8820,4,4,1.0,1,0,0,1,15,6,2019,14,20,22,30,8,6412.0
8819,8821,4,4,2.0,0,1,0,1,27,6,2019,23,5,4,25,29,15339.0
8820,8822,2,2,3.0,0,1,0,1,24,3,2019,2,0,4,45,2,7229.0
8821,8823,2,2,3.0,0,0,1,1,1,6,2019,9,45,12,35,2,4878.0
8822,8824,3,3,3.0,0,0,1,1,6,4,2019,10,20,12,55,2,3807.0
8823,8825,4,4,1.0,0,1,0,0,18,5,2019,17,30,12,35,19,12373.0
8824,8826,3,3,1.0,0,1,0,1,6,6,2019,14,5,23,35,9,14571.0
8825,8827,4,4,1.0,0,1,0,0,12,6,2019,19,45,4,25,8,10262.0
8826,8828,4,4,1.0,0,1,0,0,9,6,2019,20,55,19,0,22,10577.0
8827,8829,1,1,1.0,0,0,1,1,6,3,2019,20,55,22,55,26,12395.0
8828,8830,3,3,3.0,0,0,1,0,27,4,2019,6,55,9,30,2,3841.0
8829,8831,4,4,1.0,0,0,1,1,3,6,2019,7,55,15,45,7,8759.0
8830,8832,4,4,1.0,1,0,0,1,21,3,2019,4,45,15,30,10,7738.0
8831,8833,4,4,1.0,1,0,0,1,18,5,2019,15,0,1,30,10,7503.0
8832,8834,4,4,1.0,1,0,0,1,3,6,2019,11,25,1,30,14,5883.0
8833,8835,3,3,1.0,0,1,0,1,12,6,2019,20,25,9,45,13,12692.0
8834,8836,2,2,3.0,1,0,0,1,15,4,2019,8,30,11,20,2,4823.0
8835,8837,1,1,3.0,0,0,1,1,27,5,2019,5,45,7,15,1,2017.0
8836,8838,4,4,2.0,0,0,0,1,12,6,2019,12,0,7,40,19,8603.0
8837,8839,2,2,3.0,0,1,0,0,21,6,2019,11,10,14,5,2,5769.0
8838,8840,3,3,1.0,0,1,0,1,1,4,2019,18,55,18,15,23,12681.0
8839,8841,2,2,3.0,0,0,1,1,24,6,2019,5,55,8,35,2,3625.0
8840,8842,4,4,1.0,1,0,0,1,9,5,2019,9,15,1,30,16,8854.0
8841,8843,1,1,3.0,1,0,0,1,15,5,2019,2,35,4,5,1,2754.0
8842,8844,4,4,1.0,0,0,0,1,12,6,2019,10,0,19,15,9,8372.0
8843,8845,4,4,1.0,0,1,0,0,12,6,2019,16,0,12,35,20,10262.0
8844,8846,0,0,3.0,0,0,0,1,3,3,2019,11,40,13,55,2,10810.0
8845,8847,0,0,3.0,1,0,0,1,15,6,2019,5,15,7,40,2,3540.0
8846,8848,2,2,3.0,0,1,0,1,6,6,2019,18,55,22,0,3,8016.0
8847,8849,2,2,3.0,1,0,0,1,9,3,2019,10,30,13,20,2,6860.0
8848,8850,4,4,1.0,0,0,1,1,27,4,2019,16,45,22,25,5,6451.0
8849,8851,3,3,1.0,0,1,0,1,6,5,2019,20,25,15,5,18,13067.0
8850,8852,3,3,1.0,0,1,0,1,6,5,2019,17,0,18,0,25,11467.0
8851,8853,3,3,1.0,0,0,0,1,9,5,2019,10,0,23,15,13,10203.0
8852,8854,3,3,3.0,0,0,1,1,12,3,2019,22,50,1,20,2,4082.0
8853,8855,4,4,2.0,0,0,0,1,21,5,2019,10,55,19,15,8,13276.0
8854,8856,2,2,2.0,0,1,0,1,9,3,2019,8,55,15,55,7,23001.0
8855,8857,3,3,1.0,0,1,0,0,6,6,2019,18,55,20,45,25,10844.0
8856,8858,2,2,3.0,1,0,0,1,27,6,2019,18,55,21,50,2,4990.0
8857,8859,2,2,1.0,0,1,0,0,9,3,2019,5,50,15,0,9,10037.0
8858,8860,3,3,1.0,0,1,0,1,6,5,2019,20,0,4,40,8,14388.0
8859,8861,2,2,3.0,1,0,0,1,24,3,2019,16,55,19,45,2,7303.0
8860,8862,4,4,2.0,0,0,0,1,3,3,2019,21,30,19,15,21,12287.0
8861,8863,3,3,1.0,0,1,0,0,6,6,2019,14,5,20,45,6,10844.0
8862,8864,1,1,3.0,0,1,0,0,24,5,2019,10,20,11,50,1,4995.0
8863,8865,4,4,1.0,0,0,1,1,27,5,2019,11,40,19,0,7,9794.0
8864,8866,3,3,1.0,1,0,0,1,6,6,2019,6,20,10,20,4,4226.0
8865,8867,4,4,1.0,1,0,0,1,21,3,2019,11,30,1,35,14,7318.0
8866,8868,3,3,1.0,0,1,0,0,12,6,2019,20,0,8,15,12,8529.0
8867,8869,3,3,2.0,0,0,0,1,12,6,2019,12,0,18,30,30,9416.0
8868,8870,4,4,2.0,0,1,0,0,3,6,2019,9,35,12,35,27,11507.0
8869,8871,3,3,2.0,0,0,0,1,1,4,2019,16,45,8,55,16,9920.0
8870,8872,4,4,1.0,0,0,1,1,18,5,2019,7,10,16,10,9,7038.0
8871,8873,4,4,1.0,0,0,1,1,3,6,2019,7,0,12,55,5,4959.0
8872,8874,1,1,3.0,0,1,0,1,9,6,2019,7,5,8,30,1,5678.0
8873,8875,2,2,3.0,0,1,0,0,9,6,2019,8,20,11,20,3,7229.0
8874,8876,3,3,1.0,0,1,0,0,1,4,2019,16,30,23,35,7,7064.0
8875,8877,2,2,3.0,1,0,0,1,6,4,2019,8,30,11,20,2,4823.0
8876,8878,3,3,1.0,0,1,0,1,24,5,2019,16,30,22,35,6,14571.0
8877,8879,3,3,3.0,1,0,0,1,27,3,2019,9,35,12,20,2,4148.0
8878,8880,3,3,2.0,0,0,0,1,24,5,2019,10,0,1,20,15,13873.0
8879,8881,4,4,1.0,0,1,0,0,24,6,2019,13,0,12,35,23,10262.0
8880,8882,4,4,2.0,0,1,0,1,21,5,2019,19,10,19,0,23,15129.0
8881,8883,4,4,1.0,0,0,1,1,9,4,2019,11,40,1,30,13,6645.0
8882,8884,3,3,3.0,1,0,0,1,1,5,2019,17,15,19,50,2,4804.0
8883,8885,2,2,1.0,1,0,0,1,9,3,2019,11,20,15,25,4,5746.0
8884,8886,4,4,1.0,0,0,1,1,9,6,2019,5,55,13,35,7,5199.0
8885,8887,0,0,3.0,1,0,0,1,18,3,2019,19,35,21,55,2,4332.0
8886,8888,4,4,1.0,1,0,0,1,1,6,2019,11,25,21,0,9,6416.0
8887,8889,2,2,2.0,0,0,0,1,18,3,2019,6,45,16,20,9,12935.0
8888,8890,2,2,1.0,0,1,0,0,21,3,2019,8,55,20,20,11,7832.0
8889,8891,3,3,1.0,0,1,0,0,1,5,2019,16,30,4,40,12,8586.0
8890,8892,2,2,3.0,0,1,0,0,24,6,2019,15,15,18,10,2,5769.0
8891,8893,1,1,3.0,0,1,0,1,21,5,2019,10,20,11,50,1,8040.0
8892,8894,4,4,3.0,0,0,1,1,6,3,2019,6,0,9,10,3,12411.0
8893,8895,3,3,1.0,0,0,0,1,9,6,2019,9,25,21,50,12,8366.0
8894,8896,4,4,1.0,0,0,1,1,3,6,2019,7,30,19,15,11,7354.0
8895,8897,2,2,2.0,0,0,0,0,1,3,2019,11,5,22,10,11,13576.0
8896,8898,4,4,1.0,0,0,1,1,3,6,2019,9,15,19,0,9,11622.0
8897,8899,3,3,2.0,0,0,0,1,6,6,2019,5,50,23,15,17,12723.0
8898,8900,3,3,1.0,0,1,0,1,24,3,2019,8,25,23,25,15,13759.0
8899,8901,4,4,1.0,1,0,0,1,15,5,2019,16,10,22,30,6,6412.0
8900,8902,4,4,2.0,1,0,0,1,27,3,2019,8,35,21,20,12,6494.0
8901,8903,1,1,3.0,0,1,0,1,24,3,2019,15,50,17,20,1,5678.0
8902,8904,3,3,1.0,0,0,0,1,12,5,2019,9,25,11,10,25,8891.0
8903,8905,4,4,1.0,0,1,0,1,3,3,2019,21,50,18,50,21,17024.0
8904,8906,4,4,2.0,0,1,0,0,12,6,2019,9,40,19,0,9,10368.0
8905,8907,3,3,1.0,0,1,0,1,9,6,2019,20,0,18,15,22,14571.0
8906,8908,2,2,1.0,0,1,0,0,21,3,2019,7,0,15,15,8,7832.0
8907,8909,3,3,1.0,0,1,0,1,9,5,2019,9,35,22,5,12,14151.0
8908,8910,4,4,1.0,0,0,1,1,21,3,2019,10,45,19,15,8,7154.0
8909,8911,3,3,1.0,0,0,1,1,15,4,2019,7,35,19,25,11,5192.0
8910,8912,4,4,2.0,0,0,1,1,6,3,2019,15,5,1,35,10,21483.0
8911,8913,3,3,1.0,0,1,0,0,6,6,2019,16,30,4,40,12,6812.0
8912,8914,2,2,1.0,1,0,0,1,3,3,2019,19,35,0,35,5,13292.0
8913,8915,3,3,3.0,1,0,0,1,9,4,2019,22,15,0,50,2,4174.0
8914,8916,4,4,2.0,0,1,0,0,27,6,2019,19,10,12,35,17,11150.0
8915,8917,4,4,1.0,1,0,0,1,24,4,2019,17,5,22,15,5,5912.0
8916,8918,4,4,1.0,0,0,0,1,27,6,2019,13,30,23,0,9,8907.0
8917,8919,2,2,1.0,0,0,0,1,9,3,2019,17,0,3,40,10,8767.0
8918,8920,4,4,1.0,0,1,0,1,27,3,2019,19,45,4,25,8,12242.0
8919,8921,3,3,1.0,0,0,0,1,24,5,2019,19,0,4,40,9,6327.0
8920,8922,0,0,3.0,0,0,1,0,24,5,2019,9,45,12,0,2,3543.0
8921,8923,4,4,1.0,0,0,1,1,3,6,2019,8,0,19,15,11,15058.0
8922,8924,2,2,1.0,0,1,0,0,12,3,2019,18,55,18,25,23,11087.0
8923,8925,3,3,1.0,0,1,0,1,9,5,2019,20,0,4,40,8,13941.0
8924,8926,4,4,1.0,0,0,1,1,1,6,2019,15,45,22,5,6,7317.0
8925,8927,4,4,2.0,0,1,0,1,9,5,2019,19,10,19,0,23,15129.0
8926,8928,3,3,1.0,0,1,0,0,24,5,2019,21,10,10,5,12,9663.0
8927,8929,4,4,1.0,1,0,0,1,24,4,2019,16,0,21,0,5,5065.0
8928,8930,4,4,1.0,0,0,0,1,27,6,2019,9,45,23,0,13,8907.0
8929,8931,3,3,3.0,0,0,1,1,21,3,2019,9,0,11,30,2,4148.0
8930,8932,4,4,1.0,0,0,1,1,9,6,2019,14,0,21,0,7,13587.0
8931,8933,4,4,1.0,0,1,0,0,6,6,2019,21,50,4,25,6,10262.0
8932,8934,2,2,1.0,0,1,0,1,18,3,2019,14,5,8,15,18,12284.0
8933,8935,3,3,1.0,0,1,0,1,15,5,2019,18,55,16,20,21,14781.0
8934,8936,3,3,1.0,0,1,0,0,18,5,2019,8,25,9,20,24,9663.0
8935,8937,2,2,3.0,1,0,0,1,1,3,2019,13,0,15,50,2,19685.0
8936,8938,3,3,1.0,0,0,0,1,12,5,2019,10,0,23,15,13,10203.0
8937,8939,3,3,1.0,0,1,0,1,15,5,2019,6,30,4,40,22,13941.0
8938,8940,2,2,3.0,0,0,0,1,1,3,2019,21,10,23,55,2,25703.0
8939,8941,4,4,1.0,0,1,0,0,9,6,2019,14,0,4,25,14,10262.0
8940,8942,0,0,3.0,0,0,1,0,1,5,2019,17,45,20,5,2,3543.0
8941,8943,3,3,3.0,0,0,1,0,6,4,2019,14,55,17,25,2,3841.0
8942,8944,4,4,1.0,0,1,0,1,18,5,2019,11,30,19,0,7,15554.0
8943,8945,3,3,1.0,0,1,0,0,24,5,2019,14,5,19,50,5,10844.0
8944,8946,3,3,1.0,0,1,0,1,12,6,2019,17,0,14,25,21,12692.0
8945,8947,1,1,3.0,0,1,0,0,9,6,2019,19,35,21,5,1,3210.0
8946,8948,4,4,2.0,0,0,0,1,15,5,2019,12,0,19,15,7,9601.0
8947,8949,4,4,1.0,0,0,1,1,15,6,2019,13,0,1,30,12,13377.0
8948,8950,3,3,1.0,0,1,0,0,24,3,2019,18,55,18,10,23,11134.0
8949,8951,4,4,1.0,0,0,1,1,27,3,2019,8,55,21,0,12,8055.0
8950,8952,4,4,1.0,0,1,0,1,27,3,2019,17,30,4,25,10,12242.0
8951,8953,2,2,1.0,0,0,0,1,9,3,2019,22,0,23,20,25,8425.0
8952,8954,1,1,3.0,0,0,1,1,15,6,2019,5,45,7,15,1,2753.0
8953,8955,2,2,3.0,0,0,1,1,27,5,2019,21,10,0,5,2,3311.0
8954,8956,3,3,1.0,1,0,0,1,12,6,2019,6,20,10,20,4,4226.0
8955,8957,2,2,1.0,0,1,0,0,1,3,2019,8,55,5,5,20,26890.0
8956,8958,4,4,1.0,0,0,1,1,24,6,2019,6,0,19,0,13,12524.0
8957,8959,3,3,3.0,0,0,1,1,21,3,2019,17,15,19,45,2,3847.0
8958,8960,3,3,1.0,0,1,0,1,1,4,2019,16,30,23,35,7,12681.0
8959,8961,4,4,2.0,0,1,0,1,6,6,2019,9,25,4,25,19,13882.0
8960,8962,4,4,2.0,0,1,0,1,18,5,2019,9,40,12,35,26,15129.0
8961,8963,3,3,1.0,0,1,0,0,6,6,2019,8,25,20,45,12,10844.0
8962,8964,2,2,1.0,0,1,0,1,12,3,2019,21,25,8,15,10,12547.0
8963,8965,3,3,1.0,0,1,0,1,9,6,2019,18,55,4,40,9,14178.0
8964,8966,4,4,1.0,1,0,0,1,3,3,2019,16,0,1,35,9,14871.0
8965,8967,4,4,2.0,0,1,0,0,9,6,2019,9,40,4,25,18,10368.0
8966,8968,4,4,1.0,0,0,1,1,6,3,2019,8,0,21,0,13,15078.0
8967,8969,3,3,3.0,1,0,0,1,21,5,2019,21,25,0,5,2,4804.0
8968,8970,3,3,3.0,0,0,1,1,9,5,2019,17,10,19,40,2,3873.0
8969,8971,3,3,3.0,0,0,1,0,24,6,2019,17,10,19,40,2,3841.0
8970,8972,4,4,1.0,0,0,1,1,1,6,2019,7,0,12,55,5,5457.0
8971,8973,3,3,1.0,0,1,0,1,12,5,2019,14,5,22,35,8,14781.0
8972,8974,4,4,1.0,0,1,0,1,9,3,2019,21,50,18,50,21,15764.0
8973,8975,2,2,3.0,0,0,1,1,12,6,2019,9,45,12,35,2,4668.0
8974,8976,4,4,3.0,0,1,0,1,24,6,2019,11,0,14,15,3,9564.0
8975,8977,4,4,1.0,1,0,0,1,15,5,2019,6,40,21,0,14,7191.0
8976,8978,4,4,1.0,0,1,0,1,6,3,2019,19,45,4,25,8,15764.0
8977,8979,3,3,1.0,0,1,0,1,6,5,2019,14,5,12,0,21,14388.0
8978,8980,4,4,1.0,0,1,0,0,27,3,2019,19,45,4,25,8,6540.0
8979,8981,2,2,3.0,0,0,1,1,24,6,2019,9,30,12,20,2,3625.0
8980,8982,4,4,1.0,0,0,1,1,9,5,2019,7,30,19,15,11,8266.0
8981,8983,3,3,1.0,0,0,1,1,18,5,2019,11,15,18,30,7,10944.0
8982,8984,4,4,1.0,1,0,0,1,27,3,2019,16,0,21,0,5,5073.0
8983,8985,2,2,1.0,0,1,0,0,15,3,2019,5,45,12,25,6,9134.0
8984,8986,3,3,1.0,0,0,1,1,12,6,2019,20,20,20,20,24,8085.0
8985,8987,2,2,1.0,0,1,0,1,6,3,2019,7,0,12,25,5,22270.0
8986,8988,3,3,2.0,0,0,0,1,1,4,2019,7,0,10,0,27,9836.0
8987,8989,4,4,1.0,1,0,0,1,3,3,2019,18,35,1,35,7,14871.0
8988,8990,1,1,2.0,0,1,0,1,12,3,2019,6,30,16,35,10,23528.0
8989,8991,2,2,3.0,0,1,0,1,6,6,2019,7,10,10,10,3,8016.0
8990,8992,2,2,1.0,0,1,0,1,18,3,2019,7,0,16,10,9,12284.0
8991,8993,4,4,1.0,0,0,1,1,12,6,2019,6,0,21,0,15,7005.0
8992,8994,3,3,3.0,1,0,0,1,3,6,2019,11,30,14,5,2,4804.0
8993,8995,4,4,1.0,1,0,0,1,27,3,2019,5,5,10,5,5,6827.0
8994,8996,1,1,3.0,0,0,0,1,12,5,2019,6,20,7,40,1,3100.0
8995,8997,1,1,3.0,0,1,0,0,15,3,2019,19,35,21,5,1,2759.0
8996,8998,3,3,1.0,0,1,0,1,9,5,2019,20,25,21,5,24,13067.0
8997,8999,2,2,3.0,0,0,1,1,15,4,2019,20,55,23,40,2,3898.0
8998,9000,4,4,2.0,0,1,0,0,12,6,2019,9,40,4,25,18,10368.0
8999,9001,2,2,3.0,0,0,1,0,18,3,2019,5,45,8,35,2,4273.0
9000,9002,2,2,3.0,0,0,1,1,24,5,2019,5,55,8,35,2,3311.0
9001,9003,4,4,1.0,0,0,1,0,6,3,2019,9,0,21,0,12,15136.0
9002,9004,4,4,1.0,0,0,1,1,9,4,2019,7,5,18,10,11,6601.0
9003,9005,3,3,1.0,0,0,1,1,24,5,2019,20,20,22,40,26,8452.0
9004,9006,3,3,1.0,0,1,0,0,1,5,2019,17,0,14,25,21,9314.0
9005,9007,4,4,1.0,1,0,0,1,1,6,2019,2,0,7,45,5,6386.0
9006,9008,4,4,1.0,0,0,1,1,24,6,2019,11,30,1,30,14,13377.0
9007,9009,1,1,3.0,0,1,0,1,3,3,2019,2,55,4,25,1,5678.0
9008,9010,2,2,3.0,0,0,1,1,18,5,2019,23,55,2,45,2,4483.0
9009,9011,4,4,1.0,0,1,0,0,27,5,2019,14,0,12,35,22,12898.0
9010,9012,2,2,3.0,1,0,0,1,3,3,2019,7,10,10,5,2,7648.0
9011,9013,3,3,1.0,0,1,0,1,9,6,2019,6,30,23,35,17,14571.0
9012,9014,1,1,3.0,1,0,0,1,27,6,2019,6,25,7,55,1,4049.0
9013,9015,2,2,2.0,0,0,0,1,18,3,2019,8,50,23,25,14,11728.0
9014,9016,3,3,3.0,0,0,1,1,18,4,2019,6,55,9,30,2,3873.0
9015,9017,4,4,1.0,0,0,0,1,9,5,2019,20,40,9,25,12,7480.0
9016,9018,2,2,3.0,0,1,0,1,21,6,2019,19,50,22,50,3,8541.0
9017,9019,2,2,1.0,0,1,0,0,1,3,2019,22,50,11,25,12,31825.0
9018,9020,0,0,3.0,1,0,0,1,1,6,2019,14,45,17,5,2,3597.0
9019,9021,2,2,1.0,0,1,0,1,12,3,2019,21,25,15,15,17,13817.0
9020,9022,3,3,1.0,0,1,0,1,24,5,2019,8,25,20,45,12,14571.0
9021,9023,4,4,1.0,0,0,1,1,15,6,2019,16,45,7,10,14,6853.0
9022,9024,4,4,2.0,0,1,0,1,27,5,2019,23,5,4,25,29,16704.0
9023,9025,2,2,3.0,0,0,1,0,27,5,2019,9,30,12,20,2,3573.0
9024,9026,3,3,1.0,0,0,1,1,15,5,2019,17,0,18,50,25,9345.0
9025,9027,4,4,2.0,0,1,0,1,15,6,2019,5,30,4,25,22,13014.0
9026,9028,4,4,1.0,0,0,1,1,12,6,2019,8,0,21,0,13,13797.0
9027,9029,2,2,0.0,0,0,0,1,3,3,2019,12,0,10,35,22,12358.0
9028,9030,4,4,1.0,0,0,1,0,9,3,2019,18,15,1,35,7,14086.0
9029,9031,0,0,3.0,1,0,0,1,3,5,2019,19,35,21,55,2,3597.0
9030,9032,3,3,1.0,0,1,0,1,24,5,2019,18,55,8,15,13,13731.0
9031,9033,4,4,1.0,0,1,0,0,21,5,2019,19,45,4,25,8,12898.0
9032,9034,4,4,1.0,0,1,0,1,6,6,2019,16,0,4,25,12,14714.0
9033,9035,2,2,3.0,0,0,1,1,12,4,2019,11,30,14,20,2,5403.0
9034,9036,2,2,3.0,0,1,0,0,24,6,2019,6,0,8,45,2,5769.0
9035,9037,3,3,3.0,0,0,1,1,24,3,2019,10,20,12,55,2,5620.0
9036,9038,4,4,3.0,1,0,0,1,18,6,2019,5,35,8,50,3,5000.0
9037,9039,4,4,1.0,0,0,0,1,6,5,2019,9,45,9,25,23,7480.0
9038,9040,4,4,2.0,0,0,0,1,21,3,2019,12,20,19,15,30,10703.0
9039,9041,4,4,1.0,0,0,1,1,18,5,2019,11,30,21,0,9,13727.0
9040,9042,3,3,1.0,0,1,0,1,12,5,2019,20,0,9,20,13,14388.0
9041,9043,3,3,2.0,0,0,0,1,6,6,2019,10,0,1,20,15,13033.0
9042,9044,2,2,1.0,0,1,0,1,1,3,2019,8,0,7,40,23,22270.0
9043,9045,4,4,1.0,1,0,0,1,27,5,2019,21,50,3,35,5,6769.0
9044,9046,3,3,2.0,0,0,1,1,24,5,2019,15,10,23,30,8,5192.0
9045,9047,1,1,3.0,0,1,0,0,24,5,2019,2,55,4,20,1,4995.0
9046,9048,0,0,3.0,1,0,0,1,1,3,2019,7,55,10,15,2,8580.0
9047,9049,4,4,1.0,0,0,0,1,15,6,2019,12,30,9,25,20,7480.0
9048,9050,2,2,3.0,0,1,0,0,27,4,2019,8,20,11,20,3,5198.0
9049,9051,4,4,2.0,0,1,0,0,6,6,2019,9,40,19,0,9,10368.0
9050,9052,1,1,3.0,0,1,0,1,6,5,2019,7,5,8,30,1,8040.0
9051,9053,4,4,2.0,0,1,0,1,9,3,2019,8,20,4,25,20,18909.0
9052,9054,3,3,2.0,0,0,0,1,1,4,2019,7,0,5,25,22,12849.0
9053,9055,4,4,1.0,0,0,0,1,1,3,2019,9,45,8,15,22,22798.0
9054,9056,3,3,1.0,0,1,0,1,6,6,2019,8,25,18,15,9,14571.0
9055,9057,2,2,1.0,0,1,0,0,6,3,2019,14,5,8,15,18,13502.0
9056,9058,0,0,3.0,0,0,1,0,27,3,2019,17,45,20,5,2,3332.0
9057,9059,4,4,1.0,0,0,1,1,6,6,2019,7,30,19,15,11,7354.0
9058,9060,4,4,1.0,0,0,1,1,15,5,2019,10,0,21,0,11,8073.0
9059,9061,1,1,3.0,1,0,0,1,21,3,2019,9,10,10,35,1,4049.0
9060,9062,4,4,1.0,0,1,0,1,9,3,2019,2,15,4,25,26,15029.0
9061,9063,4,4,2.0,0,0,0,1,24,6,2019,9,45,9,25,23,10975.0
9062,9064,4,4,1.0,0,0,1,1,1,6,2019,7,10,22,30,15,7038.0
9063,9065,4,4,1.0,0,1,0,1,9,5,2019,8,0,19,0,11,15554.0
9064,9066,2,2,3.0,0,0,0,1,12,6,2019,21,5,23,55,2,5228.0
9065,9067,4,4,1.0,1,0,0,1,1,6,2019,2,0,7,25,5,5636.0
9066,9068,4,4,2.0,0,0,0,1,27,6,2019,12,0,7,40,19,9653.0
9067,9069,3,3,1.0,0,1,0,0,24,5,2019,18,55,10,5,15,8586.0
9068,9070,1,1,3.0,0,0,1,1,21,5,2019,13,15,14,45,1,2017.0
9069,9071,3,3,1.0,0,0,1,1,24,5,2019,20,20,23,25,27,9345.0
9070,9072,4,4,2.0,0,1,0,0,21,3,2019,10,45,18,50,32,9270.0
9071,9073,4,4,2.0,0,1,0,1,3,6,2019,5,30,19,0,13,13292.0
9072,9074,4,4,2.0,0,1,0,0,27,3,2019,17,35,19,45,26,8098.0
9073,9075,4,4,1.0,0,0,0,1,6,6,2019,9,45,9,25,23,7952.0
9074,9076,4,4,1.0,1,0,0,1,12,6,2019,18,35,1,30,6,5883.0
9075,9077,2,2,3.0,0,1,0,1,6,6,2019,19,50,22,50,3,8016.0
9076,9078,3,3,3.0,0,0,1,1,18,5,2019,17,10,19,40,2,4174.0
9077,9079,4,4,1.0,0,0,1,1,3,6,2019,7,5,22,30,15,10696.0
9078,9080,2,2,3.0,0,0,1,1,12,6,2019,17,0,19,35,2,4878.0
9079,9081,2,2,3.0,0,0,1,1,1,4,2019,9,30,12,20,2,3971.0
9080,9082,4,4,1.0,0,0,1,1,3,6,2019,19,0,1,30,6,7198.0
9081,9083,3,3,1.0,0,1,0,0,6,5,2019,20,25,22,5,25,9314.0
9082,9084,2,2,3.0,0,0,1,1,1,5,2019,9,30,12,20,2,4423.0
9083,9085,3,3,3.0,0,0,1,0,6,4,2019,6,55,9,30,2,3841.0
9084,9086,4,4,1.0,0,0,1,1,27,3,2019,10,45,19,15,8,7154.0
9085,9087,4,4,1.0,0,0,0,1,15,6,2019,7,0,19,15,12,9929.0
9086,9088,4,4,1.0,0,0,1,1,9,5,2019,11,40,19,15,7,8266.0
9087,9089,4,4,1.0,0,0,1,1,12,6,2019,8,30,19,0,10,10877.0
9088,9090,3,3,3.0,1,0,0,1,24,6,2019,15,15,17,45,2,4804.0
9089,9091,4,4,1.0,0,0,1,1,15,6,2019,11,30,21,0,9,13587.0
9090,9092,4,4,1.0,1,0,0,1,6,3,2019,4,45,13,20,8,13611.0
9091,9093,4,4,1.0,1,0,0,1,6,6,2019,9,15,1,30,16,6628.0
9092,9094,4,4,3.0,1,0,0,1,12,6,2019,14,25,17,40,3,5601.0
9093,9095,4,4,1.0,0,0,1,1,15,4,2019,6,5,11,20,5,5583.0
9094,9096,2,2,3.0,1,0,0,1,21,5,2019,10,10,13,0,2,3943.0
9095,9097,2,2,3.0,1,0,0,1,24,3,2019,4,0,6,50,2,4777.0
9096,9098,3,3,1.0,0,1,0,0,12,5,2019,20,0,12,0,16,9663.0
9097,9099,4,4,2.0,0,1,0,0,1,6,2019,5,30,4,25,22,10368.0
9098,9100,4,4,1.0,1,0,0,1,15,6,2019,18,35,1,30,6,5883.0
9099,9101,3,3,3.0,1,0,0,1,27,4,2019,11,30,14,5,2,4804.0
9100,9102,2,2,3.0,0,0,1,1,3,3,2019,16,0,18,35,2,13383.0
9101,9103,4,4,1.0,0,0,1,1,1,6,2019,13,15,22,30,9,9646.0
9102,9104,3,3,1.0,0,1,0,1,1,5,2019,17,0,19,10,26,11467.0
9103,9105,3,3,1.0,0,0,1,1,12,5,2019,22,40,10,40,12,5192.0
9104,9106,4,4,2.0,0,1,0,1,12,6,2019,6,45,4,25,21,13376.0
9105,9107,2,2,3.0,0,0,1,1,3,3,2019,23,25,2,10,2,6477.0
9106,9108,4,4,1.0,0,0,1,1,18,5,2019,9,0,21,0,12,13727.0
9107,9109,3,3,1.0,0,0,1,1,18,5,2019,17,0,20,20,27,9555.0
9108,9110,4,4,2.0,0,1,0,1,24,6,2019,19,10,19,0,23,12819.0
9109,9111,1,1,1.0,0,0,1,1,6,3,2019,10,25,22,55,12,12395.0
9110,9112,4,4,1.0,0,1,0,0,15,6,2019,19,15,4,25,9,10262.0
9111,9113,3,3,1.0,0,1,0,1,21,5,2019,8,25,20,45,12,14781.0
9112,9114,1,1,3.0,0,1,0,1,12,5,2019,10,20,11,50,1,5678.0
9113,9115,3,3,1.0,0,0,1,1,15,5,2019,15,55,21,25,5,7804.0
9114,9116,4,4,1.0,0,1,0,0,27,6,2019,15,0,19,0,28,10262.0
9115,9117,2,2,3.0,0,1,0,0,18,5,2019,19,50,22,50,3,5198.0
9116,9118,1,1,3.0,1,0,0,1,3,5,2019,6,25,7,55,1,4049.0
9117,9119,2,2,3.0,0,0,1,1,15,6,2019,11,10,13,55,2,3383.0
9118,9120,4,4,1.0,0,0,0,1,27,5,2019,17,40,23,0,5,7174.0
9119,9121,4,4,1.0,0,0,0,1,15,5,2019,20,30,23,0,26,8907.0
9120,9122,4,4,2.0,0,1,0,1,1,6,2019,9,40,12,35,26,13014.0
9121,9123,3,3,1.0,0,1,0,1,6,5,2019,21,10,8,15,11,13584.0
9122,9124,3,3,3.0,0,0,1,1,15,5,2019,22,50,1,20,2,4107.0
9123,9125,1,1,3.0,0,1,0,0,15,3,2019,2,55,4,25,1,2071.0
9124,9126,4,4,1.0,0,1,0,0,9,5,2019,20,55,4,25,7,12373.0
9125,9127,2,2,2.0,0,0,0,1,12,3,2019,8,50,13,55,29,13303.0
9126,9128,3,3,1.0,0,1,0,0,12,6,2019,16,30,10,5,17,8529.0
9127,9129,3,3,1.0,0,1,0,1,6,6,2019,18,55,19,50,24,14571.0
9128,9130,4,4,2.0,0,1,0,1,27,5,2019,23,5,4,25,29,15129.0
9129,9131,2,2,3.0,0,1,0,1,9,6,2019,8,20,11,20,3,8016.0
9130,9132,3,3,3.0,1,0,0,1,6,6,2019,21,25,0,5,2,4804.0
9131,9133,2,2,1.0,0,0,0,1,9,3,2019,6,50,12,15,5,5118.0
9132,9134,3,3,1.0,0,1,0,0,18,5,2019,8,25,8,15,23,9663.0
9133,9135,3,3,2.0,0,0,0,1,9,6,2019,5,50,12,30,30,12723.0
9134,9136,2,2,3.0,0,0,1,1,12,5,2019,20,55,23,40,2,3419.0
9135,9137,2,2,1.0,0,1,0,0,12,3,2019,22,55,10,45,11,11087.0
9136,9138,3,3,3.0,1,0,0,1,12,4,2019,22,15,0,50,2,4174.0
9137,9139,4,4,1.0,0,1,0,0,9,6,2019,8,0,4,25,20,10262.0
9138,9140,4,4,2.0,0,1,0,1,15,6,2019,9,35,12,35,27,12609.0
9139,9141,2,2,3.0,0,0,1,1,3,6,2019,7,0,9,40,2,4668.0
9140,9142,1,1,3.0,0,0,1,0,24,5,2019,22,45,0,15,1,1965.0
9141,9143,1,1,3.0,1,0,0,1,1,6,2019,6,25,7,55,1,4049.0
9142,9144,3,3,3.0,0,0,0,1,12,4,2019,14,15,16,45,2,5195.0
9143,9145,3,3,3.0,1,0,0,1,18,5,2019,20,20,22,55,2,4804.0
9144,9146,2,2,3.0,1,0,0,1,3,3,2019,13,0,15,50,2,7648.0
9145,9147,0,0,3.0,1,0,0,1,3,5,2019,7,55,10,15,2,3850.0
9146,9148,2,2,3.0,0,0,0,1,15,4,2019,10,0,12,45,2,6121.0
9147,9149,0,0,3.0,1,0,0,1,18,6,2019,5,15,7,40,2,3540.0
9148,9150,2,2,1.0,0,1,0,0,15,3,2019,5,45,11,25,5,9134.0
9149,9151,3,3,1.0,0,1,0,0,6,6,2019,18,55,22,35,27,10844.0
9150,9152,0,0,3.0,1,0,0,1,3,6,2019,22,5,0,25,2,5277.0
9151,9153,4,4,1.0,1,0,0,1,6,4,2019,16,0,21,0,5,5073.0
9152,9154,3,3,3.0,0,0,1,0,24,6,2019,6,55,9,30,2,3841.0
9153,9155,4,4,1.0,0,0,1,1,3,6,2019,7,30,19,0,11,10877.0
9154,9156,4,4,1.0,0,1,0,0,27,3,2019,17,30,19,45,26,5406.0
9155,9157,3,3,1.0,0,1,0,1,9,6,2019,17,0,9,45,16,14151.0
9156,9158,4,4,2.0,0,1,0,1,3,6,2019,18,25,12,35,18,14237.0
9157,9159,1,1,3.0,1,0,0,1,24,6,2019,1,40,3,10,1,2754.0
9158,9160,3,3,1.0,0,0,0,1,18,5,2019,7,0,20,25,13,11306.0
9159,9161,3,3,1.0,0,0,1,1,1,5,2019,22,40,10,40,12,5192.0
9160,9162,0,0,3.0,0,0,1,1,12,6,2019,7,5,9,20,2,3687.0
9161,9163,4,4,1.0,0,0,1,1,3,6,2019,3,50,19,0,15,12192.0
9162,9164,4,4,1.0,0,1,0,0,27,5,2019,13,0,19,0,6,12898.0
9163,9165,4,4,1.0,0,1,0,1,9,6,2019,19,45,19,0,23,14924.0
9164,9166,3,3,1.0,0,0,1,1,24,5,2019,11,35,18,50,7,8479.0
9165,9167,4,4,1.0,0,0,1,0,27,5,2019,14,0,1,30,11,6943.0
9166,9168,4,4,1.0,0,0,1,1,27,6,2019,6,40,19,15,12,7354.0
9167,9169,4,4,1.0,0,0,1,1,6,6,2019,9,0,19,0,10,12192.0
9168,9170,2,2,3.0,1,0,0,1,3,5,2019,21,15,0,15,3,3943.0
9169,9171,4,4,2.0,0,1,0,1,6,5,2019,19,10,19,0,23,15129.0
9170,9172,2,2,3.0,0,0,1,1,9,4,2019,7,0,9,40,2,5403.0
9171,9173,4,4,2.0,0,1,0,1,27,6,2019,9,25,4,25,19,13882.0
9172,9174,1,1,3.0,0,1,0,1,21,3,2019,19,35,21,5,1,5678.0
9173,9175,2,2,3.0,0,0,1,1,27,4,2019,11,30,14,20,2,5403.0
9174,9176,2,2,3.0,0,0,1,1,27,6,2019,21,0,23,50,2,4878.0
9175,9177,4,4,2.0,1,0,0,1,27,3,2019,6,40,21,20,14,6494.0
9176,9178,2,2,3.0,1,0,0,1,24,3,2019,1,30,4,15,2,4777.0
9177,9179,1,1,3.0,0,0,0,1,6,6,2019,13,55,15,25,1,3625.0
9178,9180,3,3,2.0,0,0,0,1,1,4,2019,12,0,18,30,30,9258.0
9179,9181,4,4,1.0,0,1,0,0,6,6,2019,13,0,19,0,6,10262.0
9180,9182,2,2,0.0,0,0,0,0,1,3,2019,5,50,11,20,29,17686.0
9181,9183,3,3,3.0,1,0,0,1,3,4,2019,15,15,17,45,2,4174.0
9182,9184,4,4,1.0,0,0,1,1,21,5,2019,10,20,1,30,15,7485.0
9183,9185,3,3,2.0,0,0,0,1,18,5,2019,8,20,11,10,26,11222.0
9184,9186,3,3,1.0,0,1,0,1,1,5,2019,17,0,21,5,28,12121.0
9185,9187,3,3,2.0,0,0,0,1,21,5,2019,8,20,18,30,10,10697.0
9186,9188,4,4,1.0,0,1,0,0,9,5,2019,11,30,19,0,7,12373.0
9187,9189,3,3,1.0,0,0,1,1,21,5,2019,8,35,17,15,8,6381.0
9188,9190,4,4,2.0,0,1,0,1,6,3,2019,17,55,4,25,34,17072.0
9189,9191,4,4,2.0,0,1,0,0,9,6,2019,9,40,12,35,26,10368.0
9190,9192,2,2,3.0,1,0,0,1,24,5,2019,18,25,21,20,2,4823.0
9191,9193,4,4,1.0,0,0,0,1,3,3,2019,9,45,23,0,13,27282.0
9192,9194,1,1,3.0,1,0,0,1,12,6,2019,20,5,21,40,1,2227.0
9193,9195,2,2,3.0,1,0,0,1,9,3,2019,0,40,3,25,2,4545.0
9194,9196,3,3,3.0,1,0,0,1,21,3,2019,17,15,19,55,2,4148.0
9195,9197,3,3,3.0,1,0,0,1,12,3,2019,15,10,17,45,2,4148.0
9196,9198,2,2,2.0,0,0,0,1,21,3,2019,8,15,11,20,27,7642.0
9197,9199,4,4,1.0,0,1,0,0,3,6,2019,16,0,12,35,20,10262.0
9198,9200,2,2,3.0,0,1,0,0,24,5,2019,8,20,11,20,3,4030.0
9199,9201,4,4,3.0,1,0,0,1,27,6,2019,14,25,17,40,3,5000.0
9200,9202,4,4,1.0,0,0,1,1,9,6,2019,8,45,13,15,4,5264.0
9201,9203,2,2,3.0,0,1,0,0,1,6,2019,18,55,22,0,3,7229.0
9202,9204,4,4,1.0,0,1,0,0,3,6,2019,8,0,19,0,11,10577.0
9203,9205,3,3,2.0,0,0,0,1,24,5,2019,5,50,8,55,27,12723.0
9204,9206,4,4,1.0,0,1,0,1,1,6,2019,21,50,4,25,6,14714.0
9205,9207,4,4,1.0,0,1,0,0,21,3,2019,2,15,4,25,26,7438.0
9206,9208,3,3,1.0,0,0,0,1,15,5,2019,20,30,20,25,23,10203.0
9207,9209,3,3,3.0,0,0,1,1,27,3,2019,22,50,1,20,2,3782.0
9208,9210,4,4,2.0,0,1,0,1,12,6,2019,5,30,19,0,13,13014.0
9209,9211,4,4,1.0,0,0,1,1,15,5,2019,19,0,1,30,6,8073.0
9210,9212,3,3,3.0,1,0,0,1,9,5,2019,15,30,18,5,2,4804.0
9211,9213,3,3,1.0,1,0,0,1,9,5,2019,7,10,12,40,5,4864.0
9212,9214,4,4,1.0,0,0,1,1,6,3,2019,6,40,18,50,12,15135.0
9213,9215,3,3,1.0,0,0,0,1,6,6,2019,16,50,11,10,18,8366.0
9214,9216,4,4,2.0,0,1,0,1,9,6,2019,5,30,4,25,22,13292.0
9215,9217,2,2,3.0,0,0,0,1,15,6,2019,17,0,19,45,2,7171.0
9216,9218,3,3,1.0,0,1,0,1,6,5,2019,9,35,21,5,11,12121.0
9217,9219,4,4,2.0,0,0,0,1,12,6,2019,10,55,19,15,8,11753.0
9218,9220,2,2,1.0,1,0,0,0,1,3,2019,5,15,10,0,4,8064.0
9219,9221,4,4,1.0,0,1,0,0,6,6,2019,15,0,19,0,28,10262.0
9220,9222,0,0,3.0,1,0,0,1,3,5,2019,22,5,0,25,2,5277.0
9221,9223,2,2,3.0,0,1,0,1,9,6,2019,17,45,20,45,3,8016.0
9222,9224,1,1,2.0,0,0,0,1,12,3,2019,5,30,14,50,9,11342.0
9223,9225,3,3,1.0,0,1,0,0,12,6,2019,6,30,4,40,22,7594.0
9224,9226,2,2,3.0,0,0,1,1,3,6,2019,11,10,13,55,2,4483.0
9225,9227,4,4,2.0,0,1,0,1,18,5,2019,20,0,4,25,8,16263.0
9226,9228,3,3,2.0,0,0,0,1,12,5,2019,10,0,1,20,15,13243.0
9227,9229,2,2,3.0,0,1,0,0,12,6,2019,6,0,8,45,2,6478.0
9228,9230,4,4,1.0,0,1,0,1,6,3,2019,23,5,4,25,5,15764.0
9229,9231,3,3,2.0,0,0,0,1,3,4,2019,9,10,4,40,19,4647.0
9230,9232,2,2,3.0,0,1,0,1,3,6,2019,19,50,22,50,3,8016.0
9231,9233,3,3,3.0,0,0,0,1,12,6,2019,20,45,23,20,2,4145.0
9232,9234,4,4,1.0,0,0,1,1,27,3,2019,7,30,21,0,13,8055.0
9233,9235,4,4,2.0,0,0,0,1,18,5,2019,17,15,19,15,26,12409.0
9234,9236,3,3,3.0,1,0,0,1,24,3,2019,9,35,12,20,2,6038.0
9235,9237,3,3,3.0,0,0,1,1,21,5,2019,22,50,1,20,2,4107.0
9236,9238,4,4,2.0,0,0,0,1,21,5,2019,5,55,7,40,25,11911.0
9237,9239,2,2,1.0,0,1,0,1,1,3,2019,22,50,23,0,24,25735.0
9238,9240,3,3,2.0,0,0,0,1,6,6,2019,9,25,1,20,15,11458.0
9239,9241,4,4,1.0,0,0,1,1,24,4,2019,16,45,22,25,5,6152.0
9240,9242,3,3,1.0,0,1,0,0,9,6,2019,21,10,23,35,26,10844.0
9241,9243,0,0,3.0,0,0,1,1,24,5,2019,17,45,20,5,2,11982.0
9242,9244,3,3,1.0,0,1,0,1,9,5,2019,6,30,16,20,9,13941.0
9243,9245,4,4,1.0,1,0,0,1,27,3,2019,14,20,22,20,8,6938.0
9244,9246,4,4,2.0,0,1,0,1,27,6,2019,13,25,19,0,29,15339.0
9245,9247,4,4,2.0,0,1,0,1,3,3,2019,5,25,18,50,37,20064.0
9246,9248,4,4,1.0,0,0,1,0,15,6,2019,14,55,22,30,7,6093.0
9247,9249,4,4,1.0,0,0,1,1,21,3,2019,19,0,1,35,6,10885.0
9248,9250,4,4,1.0,0,0,0,1,1,6,2019,13,30,23,0,9,8907.0
9249,9251,3,3,1.0,0,1,0,0,6,5,2019,6,30,20,45,14,9663.0
9250,9252,4,4,1.0,1,0,0,1,27,4,2019,5,5,12,10,7,7160.0
9251,9253,4,4,1.0,0,0,1,1,21,3,2019,7,30,15,30,8,11269.0
9252,9254,1,1,3.0,0,1,0,1,1,4,2019,19,35,21,5,1,5678.0
9253,9255,1,1,3.0,0,1,0,1,27,5,2019,2,55,4,20,1,5678.0
9254,9256,4,4,1.0,0,0,0,1,6,6,2019,9,45,23,0,13,8907.0
9255,9257,1,1,3.0,0,1,0,0,27,6,2019,2,55,4,20,1,3210.0
9256,9258,2,2,3.0,0,0,0,1,15,5,2019,6,10,8,55,2,6961.0
9257,9259,2,2,1.0,0,1,0,1,6,3,2019,14,5,8,15,18,14815.0
9258,9260,3,3,1.0,0,1,0,1,6,5,2019,20,25,22,5,25,11467.0
9259,9261,4,4,2.0,0,1,0,0,15,6,2019,14,35,12,35,22,10919.0
9260,9262,4,4,1.0,0,0,1,1,3,6,2019,14,25,19,35,5,9069.0
9261,9263,3,3,1.0,0,0,1,1,1,5,2019,15,5,20,20,5,4649.0
9262,9264,2,2,3.0,1,0,0,1,3,6,2019,18,25,21,20,2,4823.0
9263,9265,3,3,1.0,0,0,0,1,21,5,2019,14,35,14,35,24,6528.0
9264,9266,2,2,1.0,0,1,0,1,6,3,2019,5,45,12,25,6,22270.0
9265,9267,4,4,2.0,0,1,0,0,9,3,2019,10,45,4,25,17,15654.0
9266,9268,3,3,1.0,0,0,1,1,1,4,2019,20,20,22,55,26,7770.0
9267,9269,3,3,3.0,1,0,0,1,3,5,2019,4,40,7,15,2,4804.0
9268,9270,4,4,2.0,0,1,0,0,15,6,2019,19,30,12,35,17,10368.0
9269,9271,4,4,3.0,1,0,0,1,3,3,2019,21,5,0,20,3,7673.0
9270,9272,4,4,3.0,1,0,0,1,21,4,2019,5,35,8,50,3,6015.0
9271,9273,3,3,3.0,1,0,0,1,24,4,2019,11,30,14,5,2,4804.0
9272,9274,3,3,1.0,0,1,0,1,15,5,2019,20,0,8,15,12,13941.0
9273,9275,3,3,1.0,0,0,1,1,9,5,2019,19,55,23,30,3,5162.0
9274,9276,2,2,1.0,0,0,0,1,9,3,2019,11,5,22,45,11,10657.0
9275,9277,3,3,1.0,0,1,0,1,9,5,2019,16,30,23,35,7,14781.0
9276,9278,1,1,3.0,1,0,0,1,3,4,2019,19,5,20,35,1,2754.0
9277,9279,2,2,2.0,0,0,0,1,12,3,2019,6,50,22,55,16,11474.0
9278,9280,3,3,1.0,0,1,0,0,18,5,2019,18,55,8,15,13,7757.0
9279,9281,1,1,3.0,0,1,0,0,3,4,2019,2,55,4,20,1,2228.0
9280,9282,2,2,1.0,0,1,0,0,15,3,2019,8,0,8,15,24,10405.0
9281,9283,2,2,3.0,0,0,1,1,27,6,2019,7,45,10,40,2,3419.0
9282,9284,4,4,1.0,0,1,0,0,9,6,2019,17,30,12,35,19,10262.0
9283,9285,1,1,3.0,0,0,0,1,9,6,2019,13,55,15,25,1,3100.0
9284,9286,4,4,1.0,0,1,0,0,9,3,2019,2,15,4,25,26,11848.0
9285,9287,4,4,1.0,0,0,0,1,9,4,2019,20,30,8,15,11,5683.0
9286,9288,3,3,1.0,0,1,0,0,9,5,2019,8,25,12,0,27,9663.0
9287,9289,2,2,3.0,0,1,0,0,24,4,2019,19,50,22,50,3,4544.0
9288,9290,1,1,3.0,0,1,0,0,27,5,2019,2,55,4,20,1,4050.0
9289,9291,3,3,1.0,0,0,1,1,9,5,2019,20,20,9,5,12,9187.0
9290,9292,3,3,1.0,0,0,1,1,1,4,2019,20,20,20,20,24,8452.0
9291,9293,3,3,2.0,0,0,0,1,18,5,2019,9,25,1,20,15,11668.0
9292,9294,4,4,2.0,0,0,0,1,9,6,2019,14,25,19,15,28,13381.0
9293,9295,4,4,1.0,0,0,1,1,18,5,2019,7,0,21,0,14,8073.0
9294,9296,3,3,3.0,0,0,1,1,1,3,2019,10,20,12,55,2,5620.0
9295,9297,3,3,1.0,0,1,0,1,12,6,2019,14,5,4,40,14,12739.0
9296,9298,3,3,3.0,0,0,1,1,3,5,2019,19,55,22,25,2,5989.0
9297,9299,3,3,1.0,0,0,0,1,21,5,2019,9,25,7,55,22,8891.0
9298,9300,2,2,3.0,0,1,0,0,27,4,2019,19,50,22,50,3,4544.0
9299,9301,4,4,1.0,0,1,0,0,6,6,2019,16,0,19,0,27,10262.0
9300,9302,3,3,1.0,0,0,1,1,21,5,2019,17,0,20,20,27,9345.0
9301,9303,2,2,3.0,0,0,1,1,1,3,2019,19,40,22,20,2,21730.0
9302,9304,4,4,1.0,1,0,0,1,15,6,2019,9,15,21,0,11,6838.0
9303,9305,1,1,1.0,0,0,0,1,12,3,2019,21,0,19,25,22,10943.0
9304,9306,2,2,3.0,1,0,0,1,18,6,2019,4,0,6,50,2,3943.0
9305,9307,2,2,3.0,0,0,1,0,18,6,2019,5,55,8,35,2,3573.0
9306,9308,3,3,3.0,0,0,1,0,15,5,2019,9,0,11,25,2,3841.0
9307,9309,4,4,1.0,0,0,1,1,21,5,2019,9,45,18,10,8,9646.0
9308,9310,4,4,3.0,0,0,0,1,18,3,2019,18,5,21,10,3,4729.0
9309,9311,2,2,1.0,0,1,0,1,6,3,2019,22,50,9,30,10,17261.0
9310,9312,3,3,1.0,0,1,0,1,1,5,2019,14,5,10,5,20,13941.0
9311,9313,3,3,1.0,0,1,0,0,21,5,2019,21,10,12,0,14,10844.0
9312,9314,3,3,1.0,0,1,0,1,24,3,2019,18,55,16,20,21,14231.0
9313,9315,4,4,1.0,0,1,0,1,12,6,2019,13,0,19,0,6,14714.0
9314,9316,4,4,1.0,0,0,1,1,21,3,2019,8,45,13,15,4,6460.0
9315,9317,3,3,1.0,0,1,0,1,1,5,2019,20,25,23,35,27,11467.0
9316,9318,2,2,3.0,1,0,0,1,3,5,2019,0,30,3,25,2,3943.0
9317,9319,3,3,1.0,1,0,0,1,15,4,2019,15,15,20,5,4,4775.0
9318,9320,3,3,3.0,0,0,1,0,6,4,2019,9,0,11,25,2,3841.0
9319,9321,2,2,1.0,0,1,0,1,18,3,2019,11,40,7,40,20,12284.0
9320,9322,3,3,3.0,1,0,0,1,9,6,2019,17,15,19,50,2,4804.0
9321,9323,4,4,2.0,0,1,0,1,24,6,2019,13,25,12,35,23,12819.0
9322,9324,4,4,1.0,0,1,0,1,3,6,2019,18,15,4,25,10,14714.0
9323,9325,1,1,3.0,0,1,0,1,27,5,2019,10,20,11,50,1,8040.0
9324,9326,4,4,2.0,0,0,1,1,15,5,2019,15,5,1,30,10,16840.0
9325,9327,4,4,1.0,0,1,0,1,6,5,2019,22,50,4,25,5,15554.0
9326,9328,4,4,1.0,0,0,1,1,15,4,2019,10,35,19,35,9,5752.0
9327,9329,3,3,1.0,0,0,1,1,9,5,2019,17,0,10,45,17,8452.0
9328,9330,4,4,1.0,0,0,1,0,27,5,2019,8,0,19,15,11,11761.0
9329,9331,4,4,1.0,0,0,1,1,27,6,2019,13,0,19,15,6,14848.0
9330,9332,4,4,2.0,0,1,0,0,3,6,2019,5,30,19,0,13,10368.0
9331,9333,4,4,2.0,0,0,0,1,18,5,2019,16,40,19,15,26,9863.0
9332,9334,4,4,1.0,0,1,0,0,27,6,2019,10,0,19,0,9,10262.0
9333,9335,2,2,3.0,0,0,1,1,6,6,2019,7,0,9,40,2,4668.0
9334,9336,4,4,1.0,0,0,1,1,15,5,2019,11,25,19,0,7,9103.0
9335,9337,4,4,1.0,0,1,0,0,12,6,2019,21,50,12,35,14,10262.0
9336,9338,4,4,1.0,0,0,1,1,27,6,2019,7,25,13,35,6,4525.0
9337,9339,2,2,3.0,0,0,0,1,27,4,2019,10,0,12,45,2,5228.0
9338,9340,2,2,1.0,0,1,0,1,6,3,2019,21,25,5,5,7,19225.0
9339,9341,1,1,3.0,0,1,0,1,9,5,2019,10,20,11,50,1,8040.0
9340,9342,4,4,1.0,0,1,0,0,21,3,2019,14,0,4,25,14,7438.0
9341,9343,4,4,1.0,0,0,1,1,6,3,2019,4,0,15,30,11,13135.0
9342,9344,4,4,3.0,1,0,0,1,9,5,2019,14,25,17,40,3,6015.0
9343,9345,4,4,1.0,0,0,1,1,18,5,2019,17,0,1,30,8,8283.0
9344,9346,0,0,3.0,0,0,1,0,9,6,2019,8,20,10,35,2,3543.0
9345,9347,3,3,3.0,1,0,0,1,27,3,2019,10,10,12,55,2,4148.0
9346,9348,2,2,1.0,0,0,1,1,15,3,2019,15,45,20,15,4,7657.0
9347,9349,3,3,1.0,1,0,0,1,12,5,2019,19,35,23,15,3,5276.0
9348,9350,3,3,1.0,0,1,0,1,15,5,2019,9,35,23,35,14,14151.0
9349,9351,1,1,3.0,0,1,0,1,21,6,2019,10,20,11,50,1,8040.0
9350,9352,4,4,2.0,1,0,0,1,9,3,2019,11,55,21,20,9,8378.0
9351,9353,0,0,3.0,0,0,1,0,9,6,2019,9,45,12,0,2,3543.0
9352,9354,2,2,3.0,1,0,0,1,12,6,2019,18,55,21,50,2,4823.0
9353,9355,3,3,1.0,0,1,0,1,15,5,2019,18,55,8,15,13,14388.0
9354,9356,0,0,3.0,0,0,1,0,9,6,2019,17,45,20,5,2,3543.0
9355,9357,3,3,1.0,0,1,0,0,12,5,2019,14,5,20,45,6,10844.0
9356,9358,3,3,1.0,0,1,0,0,9,6,2019,6,30,18,15,11,10844.0
9357,9359,4,4,1.0,0,0,1,1,12,6,2019,17,55,22,50,4,4957.0
9358,9360,4,4,1.0,1,0,0,1,15,5,2019,7,35,16,10,8,6442.0
9359,9361,4,4,1.0,0,0,0,1,15,5,2019,17,20,9,25,16,7480.0
9360,9362,4,4,1.0,1,0,0,1,1,4,2019,20,25,1,30,5,5073.0
9361,9363,3,3,1.0,0,1,0,1,9,5,2019,16,30,22,35,6,14781.0
9362,9364,4,4,1.0,0,0,1,1,3,6,2019,9,45,16,10,6,9646.0
9363,9365,3,3,1.0,0,1,0,0,1,4,2019,6,30,16,20,9,7851.0
9364,9366,1,1,3.0,0,0,1,0,24,3,2019,5,45,7,5,1,2175.0
9365,9367,3,3,2.0,0,0,0,1,9,5,2019,10,0,5,25,19,14424.0
9366,9368,4,4,2.0,0,1,0,1,12,6,2019,9,40,19,0,9,13014.0
9367,9369,4,4,1.0,0,1,0,0,6,4,2019,2,15,19,0,16,5177.0
9368,9370,4,4,1.0,0,0,1,1,3,3,2019,10,45,18,50,8,15135.0
9369,9371,2,2,3.0,0,0,0,1,21,6,2019,21,5,23,55,2,5228.0
9370,9372,2,2,1.0,0,1,0,1,1,3,2019,11,40,5,5,17,22270.0
9371,9373,0,0,3.0,0,0,1,0,15,6,2019,9,45,12,0,2,3543.0
9372,9374,4,4,2.0,0,1,0,1,18,5,2019,23,5,19,0,19,15129.0
9373,9375,4,4,1.0,1,0,0,1,15,6,2019,6,40,21,0,14,6093.0
9374,9376,2,2,1.0,0,1,0,0,18,3,2019,14,5,20,20,6,11087.0
9375,9377,4,4,1.0,0,0,1,1,27,6,2019,9,0,21,0,12,7408.0
9376,9378,3,3,1.0,1,0,0,1,24,5,2019,21,0,2,15,5,6534.0
9377,9379,4,4,2.0,0,1,0,0,18,5,2019,5,30,4,25,22,13029.0
9378,9380,2,2,3.0,0,1,0,1,18,6,2019,7,10,10,10,3,8016.0
9379,9381,1,1,1.0,0,0,0,1,12,3,2019,5,55,19,10,13,8528.0
9380,9382,4,4,2.0,0,0,0,1,6,6,2019,17,15,19,15,26,12760.0
9381,9383,4,4,2.0,0,0,0,1,9,6,2019,17,15,19,15,26,12199.0
9382,9384,4,4,1.0,0,0,1,1,21,5,2019,10,0,1,30,15,14067.0
9383,9385,2,2,3.0,0,1,0,1,15,6,2019,17,45,20,45,3,8016.0
9384,9386,3,3,3.0,0,0,0,1,3,5,2019,14,15,16,45,2,5510.0
9385,9387,3,3,1.0,0,0,0,1,24,3,2019,14,35,14,35,24,6241.0
9386,9388,4,4,1.0,0,0,0,1,3,3,2019,12,30,9,25,20,16142.0
9387,9389,4,4,2.0,0,1,0,0,27,6,2019,14,35,12,35,22,10919.0
9388,9390,3,3,3.0,1,0,0,1,21,4,2019,21,25,0,5,2,4804.0
9389,9391,4,4,1.0,1,0,0,1,15,5,2019,11,25,21,0,9,6979.0
9390,9392,4,4,3.0,0,0,0,1,18,4,2019,14,10,17,10,3,6094.0
9391,9393,2,2,3.0,0,0,0,1,1,4,2019,17,0,19,45,2,5176.0
9392,9394,4,4,1.0,0,0,1,0,6,3,2019,13,0,21,0,8,15136.0
9393,9395,3,3,1.0,0,1,0,0,24,3,2019,8,25,23,25,15,10031.0
9394,9396,4,4,2.0,0,1,0,1,21,3,2019,5,25,18,50,37,12814.0
9395,9397,3,3,1.0,0,1,0,1,1,4,2019,6,30,19,50,13,12681.0
9396,9398,4,4,1.0,0,0,1,1,21,3,2019,7,0,18,50,11,12402.0
9397,9399,3,3,1.0,0,1,0,1,24,3,2019,8,25,18,10,9,13759.0
9398,9400,0,0,3.0,0,0,1,1,18,6,2019,17,45,20,5,2,3597.0
9399,9401,2,2,3.0,0,0,1,1,21,5,2019,23,55,2,45,2,3383.0
9400,9402,2,2,3.0,0,0,1,1,9,5,2019,9,45,12,35,2,4668.0
9401,9403,4,4,2.0,0,1,0,1,21,3,2019,19,10,4,25,33,10929.0
9402,9404,3,3,1.0,0,0,1,1,1,4,2019,17,0,10,45,17,9187.0
9403,9405,4,4,1.0,0,0,1,1,3,6,2019,11,40,1,30,13,7530.0
9404,9406,3,3,1.0,0,0,0,1,24,3,2019,9,10,13,40,4,8026.0
9405,9407,2,2,3.0,0,0,1,0,9,4,2019,9,30,12,20,2,4319.0
9406,9408,4,4,2.0,0,1,0,1,24,6,2019,14,35,4,25,13,13376.0
9407,9409,3,3,3.0,0,0,1,1,6,5,2019,9,0,11,25,2,4174.0
9408,9410,2,2,3.0,0,0,1,1,27,5,2019,7,0,9,40,2,4668.0
9409,9411,4,4,1.0,0,0,1,1,21,3,2019,7,5,21,0,13,13062.0
9410,9412,4,4,1.0,0,1,0,0,27,5,2019,19,15,4,25,9,12898.0
9411,9413,4,4,1.0,0,1,0,1,6,6,2019,15,0,4,25,13,14714.0
9412,9414,3,3,2.0,0,0,0,1,9,5,2019,5,50,20,25,14,10991.0
9413,9415,2,2,3.0,0,1,0,0,1,5,2019,11,10,14,5,2,4030.0
9414,9416,4,4,2.0,0,1,0,0,21,5,2019,9,40,4,25,18,13029.0
9415,9417,2,2,1.0,0,0,1,1,15,3,2019,6,40,12,35,5,6800.0
9416,9418,2,2,1.0,0,1,0,0,9,3,2019,7,0,9,30,26,11087.0
9417,9419,4,4,1.0,0,0,1,1,18,5,2019,10,20,19,0,8,9794.0
9418,9420,3,3,1.0,0,1,0,1,6,5,2019,21,10,9,20,12,14388.0
9419,9421,3,3,3.0,1,0,0,1,12,3,2019,21,25,0,5,2,4148.0
9420,9422,4,4,2.0,0,0,0,1,3,3,2019,20,0,19,15,23,17266.0
9421,9423,3,3,1.0,0,0,0,1,1,4,2019,20,30,8,55,12,7893.0
9422,9424,2,2,3.0,0,1,0,1,9,5,2019,19,50,22,50,3,7229.0
9423,9425,4,4,1.0,0,0,1,0,21,5,2019,7,5,21,0,13,9930.0
9424,9426,4,4,1.0,0,0,1,1,3,3,2019,11,30,1,35,14,18286.0
9425,9427,2,2,3.0,0,1,0,0,27,6,2019,19,50,22,50,3,7229.0
9426,9428,4,4,3.0,0,0,1,1,24,6,2019,6,0,9,10,3,6216.0
9427,9429,2,2,3.0,0,0,1,1,6,6,2019,4,55,7,45,2,4282.0
9428,9430,4,4,1.0,1,0,0,1,27,5,2019,7,35,12,10,4,5054.0
9429,9431,4,4,1.0,0,1,0,0,6,6,2019,7,5,19,0,11,10262.0
9430,9432,4,4,1.0,0,0,1,1,6,6,2019,16,45,22,25,5,11410.0
9431,9433,3,3,1.0,0,1,0,1,24,5,2019,6,30,18,15,11,14571.0
9432,9434,4,4,1.0,0,0,1,1,24,6,2019,7,25,13,35,6,4692.0
9433,9435,4,4,2.0,0,1,0,0,15,6,2019,14,35,4,25,13,10919.0
9434,9436,3,3,1.0,0,1,0,0,6,5,2019,8,25,19,50,11,10844.0
9435,9437,3,3,1.0,0,1,0,0,21,5,2019,20,0,16,20,20,10844.0
9436,9438,4,4,3.0,0,0,0,1,9,5,2019,14,10,17,10,3,6094.0
9437,9439,4,4,3.0,0,0,1,1,1,6,2019,14,40,17,50,3,6741.0
9438,9440,4,4,1.0,0,0,0,1,1,6,2019,9,45,9,25,23,8372.0
9439,9441,4,4,1.0,0,0,1,1,21,5,2019,2,15,11,50,9,14067.0
9440,9442,4,4,1.0,1,0,0,1,3,3,2019,8,35,22,20,13,10236.0
9441,9443,4,4,1.0,0,0,0,1,3,6,2019,20,40,9,25,12,7480.0
9442,9444,4,4,1.0,0,0,1,1,9,3,2019,9,45,16,10,6,8386.0
9443,9445,4,4,1.0,0,0,1,1,6,6,2019,11,40,1,30,13,6795.0
9444,9446,3,3,3.0,0,0,1,1,15,5,2019,10,20,12,55,2,4409.0
9445,9447,0,0,3.0,1,0,0,1,9,5,2019,19,35,21,55,2,3597.0
9446,9448,2,2,3.0,0,0,0,1,15,6,2019,6,10,8,55,2,6961.0
9447,9449,3,3,1.0,0,1,0,1,12,6,2019,17,0,23,35,6,12692.0
9448,9450,1,1,3.0,0,0,0,1,12,3,2019,19,30,20,45,1,4307.0
9449,9451,2,2,3.0,0,1,0,0,15,5,2019,8,20,11,20,3,4030.0
9450,9452,3,3,2.0,0,0,0,1,18,5,2019,9,50,23,15,13,15957.0
9451,9453,2,2,1.0,0,1,0,0,21,3,2019,22,50,11,25,12,7832.0
9452,9454,3,3,0.0,0,0,0,1,1,4,2019,10,0,10,30,24,12954.0
9453,9455,4,4,2.0,0,1,0,0,27,6,2019,23,5,4,25,29,11150.0
9454,9456,1,1,3.0,1,0,0,1,12,3,2019,6,20,7,45,1,4049.0
9455,9457,2,2,1.0,0,1,0,0,15,3,2019,5,45,15,15,9,9134.0
9456,9458,3,3,3.0,0,0,1,1,1,5,2019,22,50,1,20,2,4409.0
9457,9459,3,3,1.0,0,1,0,1,1,5,2019,14,5,22,35,8,14781.0
9458,9460,2,2,3.0,0,0,0,1,24,4,2019,21,5,23,55,2,5228.0
9459,9461,0,0,3.0,0,0,1,1,21,5,2019,17,45,20,5,2,3597.0
9460,9462,4,4,1.0,0,0,1,1,12,6,2019,15,15,1,30,10,6795.0
9461,9463,3,3,3.0,0,0,1,1,18,6,2019,22,50,1,20,2,3807.0
9462,9464,3,3,1.0,0,1,0,1,1,5,2019,16,30,23,35,7,14781.0
9463,9465,4,4,1.0,0,0,0,1,9,5,2019,9,0,19,15,10,8372.0
9464,9466,4,4,3.0,1,0,0,1,24,6,2019,14,20,17,35,3,5000.0
9465,9467,2,2,3.0,0,0,1,1,1,4,2019,9,45,12,35,2,5403.0
9466,9468,4,4,1.0,1,0,0,1,3,3,2019,11,55,22,20,10,11600.0
9467,9469,4,4,1.0,0,0,1,1,18,5,2019,8,45,19,15,10,8476.0
9468,9470,2,2,2.0,0,0,0,1,15,3,2019,10,30,21,25,10,6593.0
9469,9471,2,2,3.0,1,0,0,1,9,3,2019,16,55,19,45,2,7648.0
9470,9472,3,3,1.0,0,0,1,1,1,5,2019,7,10,18,50,11,9345.0
9471,9473,4,4,2.0,0,1,0,1,27,5,2019,9,40,4,25,18,15129.0
9472,9474,4,4,1.0,0,0,1,0,27,6,2019,12,50,19,15,6,7268.0
9473,9475,1,1,3.0,0,1,0,0,6,6,2019,19,35,21,5,1,3210.0
9474,9476,0,0,3.0,1,0,0,1,24,3,2019,19,35,21,55,2,7295.0
9475,9477,4,4,1.0,1,0,0,1,27,6,2019,5,5,12,10,7,6442.0
9476,9478,3,3,1.0,1,0,0,1,6,5,2019,19,20,23,45,4,3809.0
9477,9479,2,2,2.0,0,0,0,0,1,3,2019,5,50,16,20,10,15119.0
9478,9480,4,4,1.0,0,0,1,1,9,6,2019,14,25,19,35,5,9069.0
9479,9481,2,2,3.0,1,0,0,1,6,5,2019,10,10,13,0,2,3943.0
9480,9482,3,3,2.0,0,0,0,1,9,6,2019,7,0,5,25,22,12534.0
9481,9483,4,4,1.0,0,0,1,1,3,6,2019,9,0,19,0,10,13714.0
9482,9484,4,4,0.0,0,0,0,1,21,3,2019,5,15,19,15,38,9128.0
9483,9485,1,1,3.0,1,0,0,1,21,5,2019,21,20,22,50,1,2227.0
9484,9486,3,3,1.0,0,1,0,0,18,5,2019,20,0,22,35,26,10844.0
9485,9487,3,3,1.0,0,1,0,1,6,5,2019,16,30,4,40,12,13941.0
9486,9488,2,2,1.0,0,1,0,0,21,3,2019,5,45,15,15,9,7832.0
9487,9489,2,2,3.0,0,0,1,1,12,6,2019,7,45,10,40,2,3419.0
9488,9490,3,3,1.0,0,1,0,1,21,5,2019,20,25,21,5,24,14151.0
9489,9491,4,4,1.0,1,0,0,1,3,4,2019,7,35,12,10,4,5073.0
9490,9492,3,3,1.0,0,0,1,1,12,5,2019,17,0,9,5,16,9922.0
9491,9493,0,0,3.0,1,0,0,1,24,3,2019,13,20,15,35,2,4752.0
9492,9494,4,4,1.0,0,0,1,0,27,5,2019,9,0,19,15,10,10197.0
9493,9495,2,2,3.0,0,0,0,1,12,6,2019,10,0,12,45,2,6961.0
9494,9496,4,4,1.0,0,0,1,1,3,3,2019,13,0,21,0,8,17493.0
9495,9497,4,4,1.0,0,0,1,1,6,6,2019,7,5,21,0,13,13587.0
9496,9498,4,4,1.0,0,1,0,0,6,6,2019,16,0,4,25,12,10262.0
9497,9499,3,3,2.0,0,0,0,1,21,5,2019,14,30,8,55,18,15107.0
9498,9500,3,3,1.0,0,0,1,1,15,5,2019,17,0,10,45,17,8452.0
9499,9501,1,1,3.0,0,0,0,1,21,6,2019,21,5,22,25,1,3100.0
9500,9502,2,2,3.0,1,0,0,1,24,5,2019,7,10,10,5,2,4823.0
9501,9503,2,2,3.0,0,0,1,1,21,4,2019,23,55,2,45,2,4483.0
9502,9504,3,3,2.0,0,0,0,1,18,5,2019,10,0,1,20,15,13243.0
9503,9505,4,4,1.0,1,0,0,1,27,6,2019,11,25,1,30,14,5684.0
9504,9506,1,1,3.0,0,1,0,0,3,4,2019,10,20,11,50,1,3205.0
9505,9507,4,4,1.0,0,1,0,0,15,6,2019,10,0,4,25,18,10262.0
9506,9508,2,2,3.0,1,0,0,1,21,5,2019,20,0,22,50,2,4823.0
9507,9509,4,4,1.0,0,1,0,1,9,5,2019,13,0,19,0,6,15554.0
9508,9510,2,2,3.0,1,0,0,1,27,6,2019,4,0,6,50,2,3943.0
9509,9511,1,1,1.0,0,0,1,1,12,3,2019,7,30,19,55,12,12080.0
9510,9512,2,2,3.0,0,0,1,1,27,5,2019,23,55,2,45,2,3383.0
9511,9513,1,1,3.0,0,0,1,1,18,3,2019,5,45,7,5,1,2437.0
9512,9514,1,1,3.0,0,0,1,0,1,6,2019,22,45,0,15,1,1965.0
9513,9515,2,2,1.0,0,1,0,0,21,3,2019,22,50,10,25,11,7832.0
9514,9516,4,4,1.0,1,0,0,1,9,6,2019,6,50,16,10,9,6442.0
9515,9517,3,3,2.0,0,0,0,1,15,5,2019,5,50,8,55,27,12723.0
9516,9518,2,2,3.0,0,1,0,1,12,6,2019,15,15,18,10,2,8016.0
9517,9519,4,4,2.0,0,1,0,0,24,6,2019,21,25,12,35,15,10199.0
9518,9520,3,3,1.0,0,0,1,1,24,3,2019,9,55,9,10,23,10842.0
9519,9521,4,4,1.0,0,0,1,1,12,6,2019,12,50,21,0,8,7005.0
9520,9522,3,3,3.0,0,0,1,1,3,5,2019,10,20,12,55,2,4409.0
9521,9523,3,3,1.0,0,1,0,1,1,4,2019,21,10,9,20,12,13364.0
9522,9524,4,4,1.0,0,0,1,1,27,6,2019,16,0,1,30,9,13377.0
9523,9525,4,4,1.0,0,1,0,0,9,6,2019,21,50,4,25,6,10262.0
9524,9526,3,3,1.0,0,1,0,0,18,5,2019,16,30,23,35,7,10844.0
9525,9527,3,3,1.0,0,1,0,1,24,5,2019,6,30,16,20,9,14571.0
9526,9528,4,4,2.0,0,1,0,1,9,3,2019,10,45,18,50,32,19329.0
9527,9529,2,2,1.0,0,0,0,1,21,3,2019,8,15,23,10,14,4943.0
9528,9530,4,4,2.0,0,1,0,1,9,5,2019,23,5,4,25,29,15129.0
9529,9531,4,4,2.0,0,1,0,1,18,5,2019,9,40,19,0,9,15129.0
9530,9532,3,3,1.0,0,1,0,0,6,6,2019,17,0,18,0,25,10539.0
9531,9533,3,3,1.0,0,1,0,0,24,3,2019,21,10,22,35,25,10031.0
9532,9534,4,4,1.0,0,0,1,1,24,5,2019,17,45,1,30,7,9140.0
9533,9535,3,3,3.0,0,0,1,1,27,4,2019,22,50,1,20,2,4409.0
9534,9536,2,2,3.0,1,0,0,1,15,5,2019,22,10,1,0,2,3419.0
9535,9537,4,4,1.0,0,0,1,1,15,5,2019,9,45,16,10,6,9646.0
9536,9538,3,3,1.0,0,1,0,1,9,5,2019,14,5,18,15,28,13584.0
9537,9539,4,4,2.0,0,0,0,1,21,5,2019,5,0,7,40,26,11806.0
9538,9540,4,4,1.0,0,0,1,1,1,4,2019,7,25,13,35,6,4563.0
9539,9541,4,4,2.0,0,1,0,0,27,3,2019,5,10,4,25,23,9412.0
9540,9542,4,4,1.0,0,1,0,0,27,6,2019,21,50,4,25,6,12898.0
9541,9543,4,4,3.0,0,0,1,1,27,4,2019,14,40,17,50,3,6216.0
9542,9544,4,4,1.0,0,1,0,0,21,5,2019,13,0,4,25,15,12898.0
9543,9545,4,4,1.0,0,1,0,0,9,6,2019,22,50,19,0,20,10262.0
9544,9546,2,2,3.0,0,0,0,1,1,3,2019,13,20,16,10,2,12526.0
9545,9547,4,4,1.0,0,0,0,1,6,3,2019,5,15,6,50,25,11522.0
9546,9548,1,1,3.0,0,1,0,1,12,6,2019,2,55,4,20,1,5678.0
9547,9549,2,2,3.0,0,0,1,1,9,3,2019,11,30,14,10,2,9918.0
9548,9550,3,3,1.0,0,1,0,1,1,5,2019,21,10,8,15,11,14781.0
9549,9551,4,4,2.0,0,0,0,1,27,3,2019,5,0,19,15,38,8026.0
9550,9552,2,2,3.0,0,0,0,1,24,3,2019,13,20,16,10,2,7276.0
9551,9553,3,3,1.0,0,1,0,0,1,4,2019,8,25,18,15,9,7064.0
9552,9554,4,4,1.0,0,0,1,1,21,3,2019,13,0,21,0,8,13062.0
9553,9555,4,4,1.0,0,0,1,1,27,3,2019,11,30,21,0,9,12537.0
9554,9556,2,2,1.0,0,1,0,1,15,3,2019,18,55,0,45,5,21934.0
9555,9557,4,4,1.0,0,1,0,0,24,6,2019,13,0,19,0,6,10262.0
9556,9558,2,2,3.0,0,0,1,1,3,6,2019,17,0,19,35,2,4878.0
9557,9559,4,4,1.0,0,1,0,1,15,6,2019,14,0,19,0,5,14714.0
9558,9560,2,2,1.0,0,1,0,0,15,3,2019,7,0,15,15,8,9134.0
9559,9561,2,2,3.0,1,0,0,1,1,4,2019,16,55,19,55,3,4823.0
9560,9562,4,4,1.0,0,0,1,0,27,6,2019,7,10,16,10,9,6093.0
9561,9563,0,0,3.0,0,0,1,1,3,6,2019,8,20,10,35,2,3597.0
9562,9564,4,4,1.0,0,0,1,1,9,5,2019,14,0,21,0,7,13727.0
9563,9565,3,3,3.0,1,0,0,1,1,4,2019,11,30,14,5,2,4174.0
9564,9566,4,4,1.0,0,1,0,0,27,6,2019,11,30,19,0,7,10262.0
9565,9567,4,4,1.0,0,0,1,1,6,6,2019,10,20,19,0,8,11789.0
9566,9568,3,3,1.0,0,1,0,0,1,5,2019,18,55,8,15,13,8586.0
9567,9569,2,2,0.0,0,0,0,1,1,3,2019,5,50,8,50,27,13081.0
9568,9570,3,3,1.0,0,1,0,0,1,5,2019,20,25,23,35,27,9314.0
9569,9571,1,1,3.0,0,1,0,1,21,6,2019,19,35,21,5,1,5678.0
9570,9572,4,4,1.0,0,1,0,0,27,5,2019,10,0,19,0,9,11924.0
9571,9573,3,3,1.0,0,1,0,1,9,6,2019,20,25,23,35,27,12692.0
9572,9574,2,2,3.0,0,1,0,0,24,6,2019,18,55,22,0,3,6478.0
9573,9575,3,3,1.0,1,0,0,1,15,5,2019,6,20,10,20,4,4226.0
9574,9576,4,4,1.0,1,0,0,1,9,3,2019,2,35,8,30,5,11532.0
9575,9577,0,0,3.0,0,0,0,1,6,3,2019,11,40,13,55,2,9340.0
9576,9578,4,4,2.0,0,1,0,0,12,6,2019,5,30,4,25,22,10368.0
9577,9579,3,3,1.0,0,1,0,1,12,6,2019,14,5,20,45,6,13626.0
9578,9580,3,3,1.0,0,1,0,0,24,5,2019,6,30,12,0,5,9663.0
9579,9581,4,4,2.0,0,1,0,0,6,3,2019,5,25,4,25,23,16389.0
9580,9582,4,4,1.0,0,0,1,1,18,5,2019,3,50,19,0,15,10197.0
9581,9583,3,3,1.0,0,1,0,0,12,6,2019,21,10,4,40,7,7594.0
9582,9584,2,2,1.0,0,1,0,1,12,3,2019,21,25,11,25,14,13817.0
9583,9585,2,2,3.0,0,1,0,1,15,4,2019,17,45,20,45,3,7229.0
9584,9586,4,4,2.0,0,1,0,0,24,6,2019,9,40,4,25,18,10368.0
9585,9587,2,2,3.0,0,0,1,1,15,5,2019,4,55,7,45,2,4282.0
9586,9588,4,4,2.0,0,1,0,1,12,6,2019,9,35,4,25,18,13292.0
9587,9589,4,4,2.0,0,1,0,1,27,6,2019,19,30,12,35,17,13764.0
9588,9590,3,3,1.0,0,1,0,1,1,4,2019,18,55,16,20,21,12681.0
9589,9591,2,2,3.0,0,1,0,0,12,5,2019,11,10,14,5,2,5198.0
9590,9592,4,4,1.0,0,0,1,1,9,3,2019,7,30,19,45,12,12615.0
9591,9593,3,3,3.0,1,0,0,1,21,4,2019,11,30,14,5,2,5644.0
9592,9594,2,2,1.0,0,1,0,0,12,3,2019,22,55,13,15,14,11087.0
9593,9595,1,1,3.0,0,0,1,1,3,5,2019,22,45,0,15,1,2227.0
9594,9596,2,2,3.0,0,1,0,1,18,6,2019,19,50,22,50,3,8016.0
9595,9597,2,2,3.0,0,0,1,0,9,5,2019,9,30,12,20,2,4885.0
9596,9598,3,3,3.0,1,0,0,1,1,4,2019,9,35,12,20,2,4174.0
9597,9599,3,3,1.0,0,0,1,1,9,5,2019,6,50,10,30,3,5162.0
9598,9600,4,4,1.0,0,1,0,0,27,6,2019,13,0,19,0,6,10262.0
9599,9601,1,1,3.0,1,0,0,1,18,6,2019,9,15,10,45,1,4049.0
9600,9602,4,4,1.0,0,0,0,1,27,5,2019,18,0,19,15,25,8372.0
9601,9603,2,2,3.0,1,0,0,1,12,6,2019,0,30,3,25,2,3419.0
9602,9604,4,4,1.0,1,0,0,1,27,3,2019,7,35,12,0,4,5073.0
9603,9605,4,4,1.0,1,0,0,1,6,6,2019,16,0,21,0,5,6069.0
9604,9606,4,4,1.0,1,0,0,1,21,3,2019,8,25,15,30,7,9709.0
9605,9607,4,4,2.0,0,1,0,1,12,6,2019,9,40,12,35,26,13014.0
9606,9608,4,4,2.0,0,1,0,0,18,5,2019,9,40,19,0,9,13029.0
9607,9609,4,4,1.0,0,0,1,1,15,5,2019,8,0,21,0,13,13937.0
9608,9610,4,4,1.0,0,0,1,1,3,3,2019,15,55,21,55,6,11349.0
9609,9611,4,4,2.0,0,1,0,1,21,5,2019,23,5,4,25,29,15129.0
9610,9612,0,0,3.0,0,0,1,1,9,6,2019,9,45,12,0,2,3597.0
9611,9613,3,3,1.0,0,1,0,1,6,5,2019,20,0,20,45,24,14388.0
9612,9614,2,2,1.0,0,1,0,0,9,3,2019,8,0,10,25,26,11087.0
9613,9615,3,3,1.0,0,1,0,0,1,5,2019,14,5,9,20,19,9663.0
9614,9616,4,4,2.0,0,1,0,1,1,6,2019,5,30,4,25,22,13014.0
9615,9617,2,2,3.0,1,0,0,1,6,6,2019,4,0,6,50,2,3943.0
9616,9618,2,2,1.0,0,0,0,1,15,3,2019,22,0,13,20,15,8845.0
9617,9619,3,3,1.0,0,0,0,1,24,3,2019,20,30,12,30,16,12173.0
9618,9620,4,4,1.0,0,1,0,0,9,6,2019,21,50,12,35,14,10262.0
9619,9621,4,4,1.0,0,0,1,1,21,3,2019,9,45,16,10,6,7242.0
9620,9622,4,4,2.0,0,1,0,1,24,6,2019,5,30,4,25,22,13292.0
9621,9623,2,2,1.0,1,0,0,1,21,3,2019,14,25,19,25,5,7708.0
9622,9624,1,1,3.0,0,1,0,1,21,6,2019,8,45,10,15,1,8040.0
9623,9625,0,0,3.0,0,0,1,1,12,5,2019,8,20,10,35,2,3597.0
9624,9626,3,3,3.0,0,0,1,0,27,5,2019,17,10,19,40,2,3841.0
9625,9627,3,3,1.0,0,0,0,1,15,5,2019,17,30,20,25,26,10203.0
9626,9628,4,4,1.0,1,0,0,1,27,4,2019,2,0,7,45,5,7173.0
9627,9629,1,1,3.0,0,0,1,0,9,6,2019,22,45,0,15,1,1965.0
9628,9630,4,4,1.0,1,0,0,1,6,6,2019,20,25,1,30,5,5054.0
9629,9631,2,2,3.0,1,0,0,1,3,3,2019,16,55,19,45,2,8855.0
9630,9632,2,2,1.0,0,1,0,1,1,3,2019,5,45,21,20,15,27992.0
9631,9633,3,3,1.0,0,1,0,0,9,5,2019,17,0,18,0,25,7341.0
9632,9634,2,2,3.0,0,0,1,0,3,6,2019,9,30,12,20,2,3919.0
9633,9635,4,4,1.0,0,1,0,1,27,3,2019,15,5,4,25,13,12242.0
9634,9636,3,3,1.0,0,1,0,1,18,5,2019,9,35,14,25,28,13067.0
9635,9637,4,4,2.0,0,1,0,1,24,6,2019,11,40,19,0,7,18804.0
9636,9638,3,3,3.0,0,0,1,1,21,4,2019,22,50,1,20,2,5645.0
9637,9639,0,0,3.0,1,0,0,1,24,6,2019,19,35,21,55,2,3597.0
9638,9640,4,4,1.0,0,0,1,1,9,6,2019,16,0,1,30,9,13587.0
9639,9641,0,0,3.0,1,0,0,1,21,6,2019,13,15,15,35,2,3597.0
9640,9642,4,4,1.0,0,0,0,1,18,5,2019,10,0,19,15,9,8879.0
9641,9643,2,2,3.0,0,0,1,0,21,4,2019,5,55,8,35,2,4319.0
9642,9644,1,1,3.0,0,0,0,1,27,3,2019,13,55,15,25,1,2050.0
9643,9645,1,1,3.0,0,1,0,1,3,6,2019,7,5,8,30,1,8040.0
9644,9646,3,3,1.0,0,1,0,1,6,5,2019,18,55,8,15,13,13584.0
9645,9647,4,4,2.0,0,1,0,1,6,6,2019,19,30,4,25,8,13014.0
9646,9648,3,3,1.0,0,0,1,1,15,5,2019,7,10,18,50,11,9345.0
9647,9649,4,4,2.0,0,1,0,0,3,6,2019,9,35,12,35,27,11507.0
9648,9650,4,4,1.0,0,0,1,1,6,6,2019,6,0,19,15,13,8266.0
9649,9651,1,1,3.0,0,1,0,1,24,3,2019,2,55,4,25,1,5678.0
9650,9652,4,4,1.0,0,0,1,1,12,6,2019,13,0,1,30,12,13377.0
9651,9653,3,3,1.0,0,0,1,1,21,5,2019,7,10,18,50,11,9345.0
9652,9654,4,4,1.0,1,0,0,1,15,5,2019,18,35,1,30,6,7191.0
9653,9655,4,4,1.0,0,0,1,1,27,3,2019,17,45,1,35,7,7845.0
9654,9656,2,2,3.0,0,1,0,1,21,5,2019,11,10,14,5,2,7229.0
9655,9657,2,2,1.0,0,0,0,0,1,3,2019,17,0,8,50,15,10981.0
9656,9658,3,3,1.0,0,1,0,1,9,6,2019,14,5,4,40,14,14178.0
9657,9659,4,4,1.0,1,0,0,1,21,3,2019,7,30,21,0,13,8784.0
9658,9660,3,3,1.0,0,1,0,1,12,5,2019,20,0,4,40,8,13941.0
9659,9661,3,3,1.0,0,1,0,1,21,5,2019,20,25,19,10,22,13067.0
9660,9662,1,1,3.0,0,1,0,0,27,6,2019,10,20,11,50,1,4995.0
9661,9663,4,4,2.0,0,0,0,1,3,6,2019,18,30,19,15,24,12488.0
9662,9664,3,3,1.0,0,0,1,1,9,6,2019,7,35,23,30,15,7870.0
9663,9665,4,4,3.0,0,0,0,1,12,5,2019,5,10,8,0,2,6094.0
9664,9666,3,3,1.0,0,1,0,0,12,6,2019,10,20,17,35,7,5608.0
9665,9667,4,4,1.0,0,0,1,1,3,3,2019,7,30,13,20,5,6112.0
9666,9668,2,2,1.0,0,1,0,1,6,3,2019,16,55,8,15,15,16736.0
9667,9669,3,3,1.0,0,0,1,1,12,6,2019,20,20,10,45,14,8452.0
9668,9670,3,3,1.0,0,1,0,0,9,5,2019,17,0,14,25,21,9314.0
9669,9671,0,0,3.0,1,0,0,1,21,5,2019,7,55,10,15,2,3850.0
9670,9672,4,4,1.0,0,1,0,0,21,3,2019,19,45,4,25,8,5963.0
9671,9673,4,4,2.0,0,0,0,1,21,5,2019,5,0,19,15,38,9968.0
9672,9674,4,4,3.0,0,1,0,1,18,5,2019,11,0,14,15,3,9564.0
9673,9675,4,4,2.0,1,0,0,1,6,3,2019,6,40,21,20,14,6610.0
9674,9676,2,2,1.0,1,0,0,1,9,3,2019,15,40,20,35,4,5226.0
9675,9677,3,3,1.0,0,1,0,1,24,3,2019,19,45,8,10,12,14231.0
9676,9678,4,4,2.0,0,1,0,1,15,6,2019,14,35,12,35,22,13376.0
9677,9679,4,4,1.0,1,0,0,1,27,5,2019,6,50,22,30,15,6674.0
9678,9680,4,4,1.0,0,0,1,1,15,6,2019,8,0,21,0,13,7408.0
9679,9681,3,3,2.0,0,0,0,1,24,5,2019,9,50,8,55,23,15170.0
9680,9682,0,0,3.0,1,0,0,1,1,6,2019,19,35,21,55,2,3597.0
9681,9683,2,2,2.0,0,0,0,1,12,3,2019,17,25,10,15,16,12778.0
9682,9684,2,2,3.0,0,1,0,0,9,6,2019,17,45,20,45,3,7229.0
9683,9685,2,2,3.0,0,1,0,1,15,6,2019,8,20,11,20,3,8016.0
9684,9686,3,3,3.0,1,0,0,1,27,5,2019,22,15,0,50,2,4804.0
9685,9687,2,2,3.0,0,1,0,1,21,6,2019,8,20,11,20,3,8016.0
9686,9688,3,3,3.0,0,0,1,1,9,6,2019,10,20,12,55,2,5645.0
9687,9689,2,2,1.0,0,1,0,1,9,3,2019,18,40,0,45,6,22270.0
9688,9690,3,3,1.0,0,1,0,1,6,6,2019,9,35,19,10,9,14151.0
9689,9691,4,4,1.0,0,1,0,0,6,4,2019,7,5,12,35,5,5406.0
9690,9692,3,3,1.0,0,0,0,1,24,3,2019,19,0,11,5,16,5567.0
9691,9693,4,4,1.0,1,0,0,1,27,3,2019,4,55,16,10,11,6171.0
9692,9694,2,2,3.0,0,0,1,1,15,6,2019,5,55,8,35,2,4423.0
9693,9695,4,4,1.0,0,1,0,0,6,4,2019,22,50,12,35,13,5177.0
9694,9696,4,4,1.0,0,0,1,1,12,6,2019,17,45,1,30,7,6795.0
9695,9697,2,2,3.0,0,0,1,1,27,5,2019,9,30,12,20,2,3625.0
9696,9698,4,4,1.0,0,1,0,0,18,5,2019,14,0,12,35,22,12373.0
9697,9699,3,3,1.0,0,0,1,1,9,5,2019,15,5,20,20,5,4963.0
9698,9700,1,1,3.0,1,0,0,1,27,5,2019,21,20,22,50,1,2227.0
9699,9701,4,4,1.0,0,0,1,1,27,6,2019,8,30,19,0,10,11200.0
9700,9702,4,4,1.0,0,0,0,1,9,5,2019,17,40,23,0,5,7174.0
9701,9703,4,4,2.0,0,0,0,1,3,3,2019,5,55,19,15,37,13748.0
9702,9704,4,4,1.0,0,0,1,1,27,5,2019,7,5,22,30,15,9856.0
9703,9705,3,3,2.0,0,0,0,1,18,5,2019,16,45,12,30,19,15170.0
9704,9706,4,4,1.0,1,0,0,1,1,6,2019,7,35,22,30,14,6442.0
9705,9707,4,4,1.0,0,1,0,0,27,5,2019,17,30,19,0,25,12898.0
9706,9708,2,2,3.0,0,1,0,0,1,6,2019,8,20,11,20,3,7229.0
9707,9709,3,3,2.0,0,0,0,1,9,5,2019,10,0,1,20,15,13033.0
9708,9710,3,3,1.0,0,1,0,0,12,5,2019,20,25,21,5,24,10703.0
9709,9711,0,0,3.0,1,0,0,1,9,3,2019,13,20,15,35,2,6297.0
9710,9712,3,3,1.0,0,1,0,0,6,5,2019,20,25,18,0,21,9314.0
9711,9713,2,2,3.0,0,0,1,1,15,3,2019,9,50,12,35,2,6138.0
9712,9714,4,4,1.0,1,0,0,1,24,6,2019,9,15,21,0,11,6838.0
9713,9715,4,4,2.0,0,0,1,1,6,3,2019,20,5,4,25,8,52285.0
9714,9716,4,4,1.0,0,0,1,1,9,6,2019,14,0,1,30,11,13377.0
9715,9717,4,4,2.0,0,0,0,1,18,5,2019,9,45,9,25,23,10975.0
9716,9718,2,2,1.0,0,1,0,1,12,3,2019,5,45,21,20,15,13817.0
9717,9719,4,4,1.0,0,0,0,1,21,3,2019,6,5,9,25,27,7532.0
9718,9720,4,4,1.0,0,0,1,1,15,5,2019,3,50,19,0,15,10197.0
9719,9721,3,3,1.0,0,1,0,0,9,6,2019,20,0,4,40,8,9663.0
9720,9722,4,4,1.0,0,0,1,1,15,5,2019,13,0,21,0,8,13727.0
9721,9723,4,4,1.0,1,0,0,1,9,5,2019,11,25,1,30,14,8330.0
9722,9724,2,2,3.0,1,0,0,1,21,5,2019,7,10,10,5,2,4823.0
9723,9725,4,4,1.0,1,0,0,1,27,5,2019,17,10,1,30,8,6206.0
9724,9726,4,4,1.0,0,0,1,1,6,6,2019,11,25,19,0,7,10877.0
9725,9727,2,2,1.0,0,1,0,1,12,3,2019,18,55,8,15,13,13817.0
9726,9728,2,2,3.0,0,1,0,0,27,6,2019,8,20,11,20,3,6478.0
9727,9729,4,4,2.0,0,0,0,1,9,4,2019,13,5,7,40,18,8577.0
9728,9730,4,4,1.0,0,1,0,1,21,5,2019,21,50,19,0,21,16079.0
9729,9731,4,4,2.0,0,1,0,0,27,6,2019,23,5,12,35,13,11150.0
9730,9732,4,4,1.0,0,0,1,1,6,3,2019,6,40,19,15,12,15077.0
9731,9733,3,3,1.0,0,1,0,0,1,4,2019,16,30,8,15,15,7064.0
9732,9734,3,3,1.0,0,1,0,0,21,5,2019,14,5,8,15,18,9663.0
9733,9735,4,4,2.0,0,0,0,1,6,3,2019,21,30,19,15,21,11552.0
9734,9736,4,4,1.0,0,1,0,0,12,6,2019,20,55,19,0,22,10262.0
9735,9737,4,4,1.0,0,0,1,1,15,4,2019,15,45,22,5,6,5899.0
9736,9738,4,4,2.0,0,1,0,1,1,6,2019,14,35,12,35,22,13376.0
9737,9739,2,2,1.0,0,1,0,1,12,3,2019,18,55,10,25,15,13817.0
9738,9740,3,3,1.0,0,0,1,1,1,5,2019,20,20,20,20,24,8610.0
9739,9741,4,4,1.0,0,1,0,0,9,5,2019,9,0,4,25,19,12373.0
9740,9742,4,4,1.0,0,0,1,1,27,5,2019,17,55,22,50,4,5673.0
9741,9743,3,3,1.0,0,0,1,1,1,4,2019,20,20,18,50,22,7927.0
9742,9744,4,4,1.0,0,1,0,0,24,6,2019,2,15,19,0,16,10262.0
9743,9745,4,4,1.0,0,1,0,0,9,5,2019,8,0,4,25,20,12373.0
9744,9746,2,2,1.0,0,0,0,1,1,3,2019,9,30,12,5,26,12704.0
9745,9747,3,3,1.0,0,0,0,1,9,5,2019,12,0,13,15,25,6612.0
9746,9748,2,2,3.0,1,0,0,1,9,6,2019,18,55,21,50,2,4823.0
9747,9749,4,4,1.0,0,1,0,0,3,6,2019,10,0,19,0,9,10262.0
9748,9750,4,4,1.0,1,0,0,1,21,3,2019,7,20,12,30,5,6388.0
9749,9751,2,2,3.0,0,0,1,1,12,5,2019,7,45,10,40,2,3898.0
9750,9752,4,4,1.0,0,1,0,0,6,4,2019,11,30,19,0,7,5177.0
9751,9753,3,3,1.0,0,1,0,0,9,6,2019,20,0,20,45,24,10844.0
9752,9754,2,2,3.0,1,0,0,1,1,6,2019,0,25,3,15,2,4077.0
9753,9755,3,3,1.0,0,1,0,1,24,3,2019,16,55,9,15,16,14231.0
9754,9756,2,2,2.0,0,0,0,1,12,3,2019,8,50,23,25,14,13250.0
9755,9757,2,2,1.0,0,1,0,1,12,3,2019,7,0,21,20,14,13817.0
9756,9758,2,2,3.0,0,0,1,1,9,3,2019,20,30,23,20,2,6205.0
9757,9759,4,4,2.0,0,1,0,1,27,6,2019,23,5,12,35,13,12819.0
9758,9760,2,2,3.0,1,0,0,1,15,4,2019,13,0,15,50,2,4591.0
9759,9761,3,3,3.0,0,0,1,0,27,6,2019,6,55,9,30,2,3841.0
9760,9762,0,0,3.0,0,0,1,1,9,6,2019,17,45,20,5,2,3597.0
9761,9763,3,3,3.0,1,0,0,1,3,4,2019,4,40,7,15,2,4174.0
9762,9764,4,4,3.0,0,0,1,1,27,5,2019,6,0,9,10,3,6216.0
9763,9765,3,3,1.0,0,1,0,1,9,5,2019,17,0,18,0,25,10624.0
9764,9766,4,4,1.0,0,0,1,1,24,6,2019,7,55,22,25,14,6152.0
9765,9767,4,4,1.0,1,0,0,1,9,3,2019,20,30,1,35,5,6937.0
9766,9768,4,4,1.0,0,0,0,1,1,6,2019,17,0,19,15,26,8792.0
9767,9769,4,4,1.0,0,0,1,1,27,5,2019,12,50,21,0,8,7005.0
9768,9770,1,1,3.0,0,1,0,1,6,6,2019,2,55,4,20,1,5678.0
9769,9771,2,2,1.0,0,0,0,1,15,3,2019,10,30,11,20,24,7013.0
9770,9772,4,4,1.0,0,1,0,1,21,5,2019,15,0,19,0,28,16079.0
9771,9773,3,3,1.0,0,1,0,0,6,6,2019,9,35,18,0,8,10539.0
9772,9774,3,3,1.0,0,1,0,0,6,5,2019,16,30,23,35,7,11841.0
9773,9775,2,2,1.0,1,0,0,1,15,3,2019,19,35,0,35,5,10509.0
9774,9776,0,0,3.0,1,0,0,1,3,6,2019,13,15,15,35,2,3597.0
9775,9777,3,3,2.0,0,0,0,1,1,5,2019,9,25,13,45,28,15532.0
9776,9778,4,4,1.0,0,0,1,0,9,3,2019,6,50,21,0,14,14086.0
9777,9779,4,4,1.0,0,0,1,0,27,3,2019,14,35,22,20,7,5883.0
9778,9780,4,4,1.0,0,0,1,1,3,6,2019,7,0,21,0,14,7618.0
9779,9781,3,3,1.0,0,1,0,0,1,5,2019,17,0,18,0,25,9314.0
9780,9782,3,3,1.0,0,1,0,0,9,6,2019,9,35,21,5,11,13994.0
9781,9783,4,4,1.0,1,0,0,1,27,4,2019,7,35,12,10,4,5073.0
9782,9784,2,2,3.0,0,0,1,1,24,3,2019,11,10,13,55,2,3383.0
9783,9785,4,4,1.0,0,0,1,1,1,6,2019,9,0,19,15,10,16108.0
9784,9786,4,4,1.0,0,0,1,1,27,5,2019,10,20,1,30,15,6795.0
9785,9787,3,3,1.0,0,1,0,1,1,4,2019,16,30,4,40,12,12681.0
9786,9788,4,4,1.0,0,1,0,0,12,6,2019,15,0,12,35,21,10262.0
9787,9789,3,3,1.0,0,0,1,1,6,6,2019,17,0,18,50,25,8820.0
9788,9790,2,2,1.0,0,1,0,0,9,3,2019,5,50,12,20,6,10037.0
9789,9791,4,4,1.0,0,0,1,1,12,6,2019,6,0,12,35,6,11789.0
9790,9792,4,4,1.0,0,0,1,1,15,5,2019,10,35,19,35,9,7378.0
9791,9793,2,2,3.0,1,0,0,1,24,5,2019,18,55,21,50,2,4823.0
9792,9794,2,2,3.0,0,1,0,0,24,6,2019,19,50,22,50,3,6478.0
9793,9795,4,4,2.0,0,1,0,1,1,6,2019,9,40,4,25,18,13014.0
9794,9796,3,3,1.0,0,1,0,0,24,5,2019,16,30,22,35,6,10844.0
9795,9797,4,4,1.0,0,0,1,1,27,6,2019,8,0,21,0,13,7408.0
9796,9798,4,4,1.0,0,0,1,1,27,6,2019,7,5,16,10,9,9646.0
9797,9799,0,0,3.0,0,0,1,1,6,5,2019,17,45,20,5,2,3597.0
9798,9800,3,3,3.0,0,0,1,1,27,6,2019,17,10,19,40,2,3873.0
9799,9801,4,4,1.0,0,0,1,1,27,6,2019,14,25,19,35,5,7870.0
9800,9802,4,4,2.0,0,1,0,0,27,6,2019,5,30,12,35,7,13344.0
9801,9803,1,1,3.0,0,0,0,1,12,6,2019,19,30,20,45,1,3100.0
9802,9804,2,2,3.0,0,0,0,1,18,3,2019,21,5,23,55,2,4441.0
9803,9805,4,4,1.0,1,0,0,1,27,3,2019,4,55,12,0,7,6171.0
9804,9806,3,3,1.0,0,1,0,1,9,5,2019,20,25,10,55,14,10953.0
9805,9807,3,3,2.0,0,0,0,1,9,5,2019,14,30,8,55,18,14214.0
9806,9808,4,4,1.0,1,0,0,1,24,6,2019,7,30,21,0,13,6093.0
9807,9809,4,4,2.0,0,0,0,1,24,6,2019,12,55,19,15,30,12436.0
9808,9810,4,4,2.0,0,1,0,1,18,5,2019,13,25,19,0,29,15129.0
9809,9811,4,4,1.0,0,0,1,1,3,6,2019,6,0,12,35,6,13259.0
9810,9812,3,3,2.0,0,0,0,1,24,5,2019,9,50,12,30,26,15170.0
9811,9813,3,3,1.0,0,1,0,1,21,5,2019,16,30,22,35,6,14781.0
9812,9814,4,4,1.0,1,0,0,1,1,6,2019,11,25,1,30,14,6206.0
9813,9815,3,3,3.0,0,0,1,0,9,5,2019,17,10,19,40,2,3841.0
9814,9816,4,4,1.0,0,1,0,1,15,6,2019,11,30,19,0,7,14714.0
9815,9817,4,4,1.0,1,0,0,1,9,6,2019,4,55,21,0,16,6093.0
9816,9818,2,2,3.0,0,1,0,1,9,6,2019,11,10,14,5,2,8016.0
9817,9819,4,4,1.0,0,0,0,1,27,3,2019,6,5,9,25,27,5117.0
9818,9820,3,3,1.0,0,1,0,0,1,5,2019,8,25,4,40,20,8586.0
9819,9821,4,4,1.0,1,0,0,1,9,3,2019,15,0,1,35,10,13611.0
9820,9822,4,4,1.0,1,0,0,1,9,5,2019,16,10,22,30,6,6704.0
9821,9823,3,3,1.0,1,0,0,1,9,5,2019,6,20,10,20,4,4226.0
9822,9824,2,2,3.0,0,0,0,1,6,4,2019,17,0,19,45,2,4651.0
9823,9825,3,3,3.0,0,0,1,1,27,5,2019,22,20,0,40,2,3873.0
9824,9826,2,2,3.0,0,0,1,1,3,3,2019,20,55,23,50,2,7222.0
9825,9827,4,4,1.0,0,0,1,1,15,5,2019,11,30,21,0,9,13727.0
9826,9828,4,4,1.0,1,0,0,1,27,3,2019,9,10,15,30,6,10141.0
9827,9829,2,2,3.0,0,0,1,1,24,4,2019,21,10,0,5,2,3625.0
9828,9830,4,4,1.0,1,0,0,1,15,4,2019,7,35,16,10,8,6442.0
9829,9831,2,2,3.0,0,1,0,1,6,5,2019,17,45,20,45,3,7229.0
9830,9832,4,4,1.0,0,0,1,1,24,6,2019,16,45,6,35,13,6752.0
9831,9833,3,3,1.0,0,1,0,1,24,3,2019,21,10,18,10,21,13759.0
9832,9834,1,1,1.0,0,0,0,1,6,3,2019,12,0,12,25,24,14408.0
9833,9835,4,4,2.0,0,0,0,1,9,6,2019,20,15,19,15,23,13381.0
9834,9836,3,3,1.0,0,0,1,1,1,4,2019,17,0,20,20,27,9135.0
9835,9837,3,3,1.0,1,0,0,1,15,5,2019,18,5,23,30,5,6218.0
9836,9838,3,3,3.0,0,0,1,1,27,4,2019,9,0,11,25,2,4174.0
9837,9839,3,3,1.0,0,0,0,1,6,6,2019,19,0,11,5,16,6117.0
9838,9840,3,3,1.0,0,1,0,0,15,5,2019,9,35,21,5,11,10703.0
9839,9841,3,3,1.0,0,1,0,1,12,6,2019,9,35,9,45,24,12692.0
9840,9842,3,3,1.0,0,1,0,0,6,6,2019,17,0,10,55,17,10539.0
9841,9843,3,3,1.0,0,1,0,0,24,3,2019,13,55,19,40,5,11134.0
9842,9844,2,2,3.0,1,0,0,1,24,3,2019,21,20,0,15,2,4777.0
9843,9845,4,4,1.0,0,1,0,0,18,5,2019,11,30,12,35,25,12373.0
9844,9846,4,4,2.0,0,0,1,1,3,3,2019,13,5,21,20,8,11966.0
9845,9847,0,0,3.0,1,0,0,1,15,5,2019,22,5,0,25,2,5277.0
9846,9848,2,2,2.0,0,0,0,1,1,3,2019,8,50,23,55,39,17135.0
9847,9849,4,4,1.0,0,1,0,1,6,6,2019,14,0,19,0,5,14714.0
9848,9850,2,2,3.0,1,0,0,1,9,3,2019,22,20,1,10,2,6144.0
9849,9851,2,2,3.0,0,0,0,1,1,4,2019,13,20,16,10,2,5911.0
9850,9852,1,1,1.0,0,0,1,1,12,3,2019,19,45,19,55,24,12080.0
9851,9853,2,2,3.0,1,0,0,1,6,4,2019,10,30,13,20,2,4423.0
9852,9854,4,4,1.0,0,0,1,1,27,5,2019,9,0,21,0,12,7618.0
9853,9855,2,2,3.0,0,0,1,1,27,5,2019,11,10,13,55,2,3383.0
9854,9856,4,4,2.0,0,0,0,1,6,3,2019,19,45,19,15,23,12646.0
9855,9857,4,4,1.0,0,0,1,1,18,5,2019,6,0,21,0,15,7670.0
9856,9858,3,3,3.0,1,0,0,1,15,5,2019,4,40,7,15,2,4804.0
9857,9859,2,2,1.0,0,1,0,0,12,3,2019,20,35,18,25,21,11087.0
9858,9860,2,2,3.0,0,1,0,1,18,4,2019,11,10,14,5,2,7229.0
9859,9861,0,0,3.0,0,0,1,1,3,3,2019,8,20,10,35,2,7050.0
9860,9862,3,3,1.0,0,1,0,1,1,4,2019,20,0,18,15,22,12681.0
9861,9863,4,4,1.0,0,0,1,0,3,4,2019,8,45,13,15,4,4098.0
9862,9864,0,0,3.0,0,0,1,0,12,5,2019,9,45,12,0,2,3543.0
9863,9865,3,3,1.0,0,1,0,1,21,5,2019,20,25,18,0,21,14151.0
9864,9866,3,3,1.0,0,1,0,1,24,3,2019,6,30,22,35,16,13339.0
9865,9867,3,3,1.0,0,1,0,0,24,5,2019,21,10,12,0,14,9663.0
9866,9868,4,4,1.0,0,1,0,0,27,5,2019,11,30,4,25,16,12898.0
9867,9869,4,4,2.0,0,0,0,1,3,6,2019,12,0,19,15,7,8603.0
9868,9870,3,3,1.0,0,1,0,1,12,6,2019,16,30,12,0,19,13044.0
9869,9871,3,3,3.0,0,0,1,1,6,3,2019,17,15,19,45,2,4622.0
9870,9872,4,4,1.0,0,0,1,1,21,3,2019,14,0,21,0,7,13062.0
9871,9873,4,4,1.0,0,0,1,1,12,6,2019,9,15,19,0,9,11622.0
9872,9874,2,2,1.0,0,1,0,0,12,3,2019,20,35,20,20,23,11087.0
9873,9875,4,4,1.0,0,0,1,1,15,6,2019,10,20,19,0,8,11789.0
9874,9876,3,3,1.0,0,1,0,0,9,5,2019,18,55,9,20,14,9663.0
9875,9877,2,2,1.0,0,1,0,1,6,3,2019,8,55,16,10,7,19225.0
9876,9878,4,4,1.0,0,0,1,0,27,6,2019,11,40,1,30,13,5797.0
9877,9879,4,4,1.0,0,0,1,1,1,6,2019,12,50,19,15,6,9526.0
9878,9880,2,2,3.0,0,1,0,1,9,4,2019,19,50,22,50,3,7229.0
9879,9881,4,4,1.0,0,0,1,1,9,4,2019,8,30,19,0,10,10877.0
9880,9882,2,2,2.0,0,0,0,1,6,3,2019,8,15,22,55,14,13942.0
9881,9883,2,2,3.0,0,0,1,1,9,5,2019,11,10,13,55,2,3383.0
9882,9884,4,4,1.0,0,1,0,0,15,6,2019,14,0,4,25,14,10262.0
9883,9885,3,3,2.0,0,0,0,1,24,5,2019,5,50,20,25,14,11201.0
9884,9886,4,4,1.0,0,1,0,0,1,6,2019,19,15,4,25,9,10262.0
9885,9887,4,4,2.0,0,0,0,1,3,6,2019,22,0,19,15,21,10231.0
9886,9888,2,2,1.0,0,1,0,0,15,3,2019,14,5,8,15,18,9134.0
9887,9889,3,3,3.0,0,0,1,1,18,5,2019,10,20,12,55,2,5645.0
9888,9890,4,4,1.0,0,1,0,1,1,6,2019,15,0,4,25,13,14714.0
9889,9891,4,4,2.0,0,0,0,1,6,3,2019,16,40,19,15,26,12646.0
9890,9892,4,4,2.0,0,0,0,1,3,6,2019,10,55,19,15,8,12173.0
9891,9893,1,1,3.0,1,0,0,1,12,6,2019,21,20,22,50,1,2227.0
9892,9894,4,4,1.0,0,0,1,1,6,5,2019,7,30,19,0,11,10529.0
9893,9895,4,4,3.0,0,1,0,0,18,5,2019,11,0,14,15,3,7202.0
9894,9896,4,4,1.0,0,0,1,0,27,5,2019,9,0,21,0,12,7886.0
9895,9897,1,1,3.0,0,0,1,1,18,6,2019,22,45,0,15,1,2017.0
9896,9898,4,4,1.0,1,0,0,1,27,4,2019,5,5,16,10,11,6171.0
9897,9899,1,1,3.0,0,1,0,0,3,6,2019,2,55,4,20,1,4050.0
9898,9900,3,3,1.0,0,0,1,1,9,5,2019,11,35,18,50,7,8479.0
9899,9901,2,2,3.0,0,0,1,1,18,5,2019,4,55,7,45,2,4282.0
9900,9902,3,3,1.0,0,0,1,1,24,5,2019,20,20,20,20,24,9345.0
9901,9903,4,4,1.0,0,0,0,1,24,6,2019,5,15,6,50,25,6587.0
9902,9904,1,1,3.0,1,0,0,1,3,5,2019,20,5,21,40,1,2754.0
9903,9905,2,2,3.0,0,0,1,0,21,6,2019,21,10,0,5,2,3919.0
9904,9906,4,4,2.0,0,1,0,0,12,6,2019,9,40,4,25,18,10368.0
9905,9907,2,2,1.0,0,0,0,1,3,3,2019,9,30,16,20,6,11654.0
9906,9908,2,2,3.0,0,0,1,1,1,4,2019,20,55,23,40,2,4239.0
9907,9909,4,4,1.0,1,0,0,1,27,5,2019,6,50,16,10,9,6674.0
9908,9910,4,4,1.0,0,0,1,1,24,6,2019,13,0,1,30,12,7198.0
9909,9911,3,3,1.0,1,0,0,1,12,6,2019,21,0,2,15,5,5930.0
9910,9912,2,2,3.0,0,1,0,1,9,5,2019,7,10,10,10,3,7229.0
9911,9913,3,3,2.0,0,0,0,1,1,4,2019,10,0,1,20,15,10408.0
9912,9914,4,4,2.0,0,0,0,1,12,6,2019,7,10,7,40,24,12488.0
9913,9915,0,0,3.0,1,0,0,1,9,6,2019,5,15,7,40,2,3540.0
9914,9916,3,3,1.0,0,1,0,0,12,6,2019,20,0,9,20,13,8529.0
9915,9917,4,4,2.0,0,1,0,1,24,6,2019,14,35,4,25,13,13376.0
9916,9918,3,3,1.0,0,0,1,1,24,5,2019,16,40,0,15,7,8855.0
9917,9919,3,3,1.0,0,1,0,1,15,5,2019,6,30,19,50,13,14781.0
9918,9920,4,4,1.0,1,0,0,1,27,6,2019,17,10,1,30,8,5684.0
9919,9921,4,4,2.0,0,1,0,0,9,5,2019,19,30,4,25,8,13029.0
9920,9922,4,4,2.0,0,1,0,1,1,5,2019,19,10,19,0,23,15129.0
9921,9923,3,3,1.0,0,0,0,1,9,6,2019,9,25,18,30,9,8576.0
9922,9924,2,2,1.0,0,1,0,0,9,3,2019,8,55,11,25,26,11087.0
9923,9925,1,1,3.0,0,1,0,1,9,6,2019,10,20,11,50,1,5678.0
9924,9926,4,4,1.0,0,1,0,1,21,3,2019,18,15,4,25,10,12557.0
9925,9927,0,0,3.0,1,0,0,1,27,3,2019,11,35,14,0,2,3858.0
9926,9928,4,4,1.0,0,1,0,0,9,5,2019,14,0,12,35,22,12373.0
9927,9929,1,1,3.0,1,0,0,1,18,3,2019,9,10,10,40,1,4049.0
9928,9930,2,2,1.0,0,1,0,1,15,3,2019,16,55,0,45,7,21934.0
9929,9931,3,3,3.0,0,0,0,1,27,6,2019,14,15,16,45,2,5510.0
9930,9932,4,4,3.0,0,0,1,1,15,6,2019,14,40,17,50,3,6216.0
9931,9933,1,1,3.0,0,0,0,1,1,4,2019,19,30,20,45,1,2050.0
9932,9934,1,1,3.0,1,0,0,1,3,4,2019,2,35,4,5,1,2754.0
9933,9935,0,0,3.0,1,0,0,1,27,6,2019,7,55,10,15,2,3850.0
9934,9936,0,0,3.0,1,0,0,1,6,5,2019,5,15,7,40,2,3540.0
9935,9937,3,3,1.0,0,1,0,0,1,5,2019,6,30,8,15,25,9663.0
9936,9938,4,4,2.0,0,0,0,1,6,3,2019,7,5,9,25,26,9190.0
9937,9939,4,4,1.0,0,1,0,0,27,5,2019,15,0,19,0,28,12898.0
9938,9940,2,2,3.0,0,0,1,1,15,4,2019,7,45,10,40,2,4632.0
9939,9941,1,1,3.0,0,0,1,1,24,3,2019,13,10,14,30,1,2753.0
9940,9942,2,2,2.0,0,0,0,1,12,3,2019,8,50,10,15,25,12778.0
9941,9943,3,3,2.0,0,0,0,1,12,6,2019,5,50,8,55,27,12723.0
9942,9944,3,3,3.0,1,0,0,1,24,6,2019,11,30,14,5,2,4804.0
9943,9945,2,2,3.0,1,0,0,1,18,4,2019,20,0,22,50,2,4823.0
9944,9946,4,4,1.0,0,0,1,1,27,6,2019,7,55,13,25,5,6152.0
9945,9947,4,4,3.0,0,0,1,1,27,6,2019,6,0,9,10,3,6216.0
9946,9948,4,4,1.0,1,0,0,1,24,6,2019,2,0,7,45,5,6016.0
9947,9949,4,4,1.0,0,0,1,1,27,6,2019,9,15,19,0,9,11622.0
9948,9950,3,3,2.0,0,0,0,1,6,5,2019,12,0,21,50,9,10151.0
9949,9951,4,4,2.0,0,1,0,1,27,3,2019,6,20,4,25,22,12273.0
9950,9952,4,4,2.0,0,1,0,0,12,6,2019,20,0,4,25,8,12410.0
9951,9953,2,2,1.0,0,1,0,1,12,3,2019,5,45,8,15,26,12547.0
9952,9954,4,4,1.0,0,1,0,0,15,6,2019,22,50,12,35,13,10262.0
9953,9955,4,4,1.0,0,0,1,1,9,5,2019,11,30,19,15,7,14323.0
9954,9956,1,1,3.0,0,1,0,0,21,6,2019,19,35,21,5,1,3210.0
9955,9957,4,4,1.0,0,0,1,1,3,3,2019,10,0,21,0,11,16863.0
9956,9958,4,4,1.0,0,0,1,1,1,6,2019,11,25,19,15,7,8937.0
9957,9959,4,4,2.0,0,1,0,1,27,3,2019,19,10,4,25,33,10929.0
9958,9960,4,4,1.0,1,0,0,1,9,6,2019,10,35,1,30,14,6104.0
9959,9961,4,4,1.0,0,0,1,1,21,3,2019,15,55,21,55,6,5511.0
9960,9962,3,3,1.0,0,1,0,1,24,3,2019,21,10,16,20,19,13759.0
9961,9963,4,4,2.0,0,0,0,1,21,5,2019,5,55,7,40,25,11543.0
9962,9964,3,3,1.0,0,1,0,1,18,5,2019,9,35,19,10,9,13067.0
9963,9965,4,4,1.0,0,1,0,0,15,6,2019,7,5,4,25,21,10262.0
9964,9966,4,4,2.0,0,0,0,1,6,6,2019,16,55,19,15,26,13591.0
9965,9967,4,4,2.0,0,1,0,1,27,3,2019,19,10,19,45,24,10929.0
9966,9968,2,2,3.0,0,1,0,1,27,4,2019,19,50,22,50,3,7229.0
9967,9969,4,4,1.0,0,0,1,1,15,5,2019,7,55,13,25,5,6451.0
9968,9970,0,0,3.0,1,0,0,1,3,3,2019,11,35,14,0,2,7295.0
9969,9971,2,2,3.0,1,0,0,1,3,6,2019,1,30,4,15,2,3943.0
9970,9972,2,2,3.0,0,0,1,0,15,5,2019,21,10,0,5,2,3573.0
9971,9973,4,4,2.0,0,0,0,1,24,6,2019,22,0,19,15,21,9181.0
9972,9974,4,4,1.0,0,0,0,1,3,3,2019,9,45,9,25,23,24017.0
9973,9975,4,4,2.0,0,0,0,1,9,3,2019,10,55,19,15,32,17476.0
9974,9976,3,3,1.0,0,0,0,1,9,4,2019,19,0,11,5,16,4647.0
9975,9977,4,4,1.0,1,0,0,1,27,5,2019,11,25,21,0,9,6314.0
9976,9978,4,4,2.0,0,1,0,1,6,6,2019,14,35,4,25,13,13376.0
9977,9979,2,2,1.0,0,1,0,1,18,3,2019,5,45,16,10,10,12284.0
9978,9980,2,2,3.0,0,1,0,1,9,5,2019,8,20,11,20,3,7229.0
9979,9981,4,4,1.0,0,0,1,1,1,5,2019,8,30,19,0,10,9627.0
9980,9982,3,3,2.0,0,0,0,1,1,4,2019,12,0,21,50,9,9258.0
9981,9983,3,3,3.0,0,0,1,1,3,6,2019,9,0,11,25,2,3873.0
9982,9984,3,3,3.0,0,0,1,0,15,5,2019,22,20,0,40,2,3841.0
9983,9985,4,4,1.0,0,0,1,1,27,5,2019,9,45,22,30,12,10486.0
9984,9986,4,4,1.0,0,1,0,1,3,3,2019,16,0,18,50,26,17234.0
9985,9987,4,4,1.0,1,0,0,1,27,6,2019,5,10,10,5,4,6496.0
9986,9988,4,4,1.0,0,0,1,1,27,5,2019,8,30,19,0,10,9627.0
9987,9989,3,3,1.0,0,0,0,1,12,6,2019,16,50,11,10,18,8366.0
9988,9990,4,4,2.0,0,1,0,0,27,5,2019,20,0,4,25,8,15318.0
9989,9991,3,3,1.0,0,0,1,1,24,3,2019,11,35,18,50,7,9923.0
9990,9992,3,3,1.0,0,1,0,0,1,4,2019,10,20,17,35,7,6077.0
9991,9993,0,0,3.0,0,0,0,1,9,6,2019,11,40,13,55,2,4667.0
9992,9994,4,4,1.0,0,0,1,1,9,5,2019,8,30,19,15,10,8099.0
9993,9995,1,1,3.0,0,0,1,0,1,5,2019,13,15,14,45,1,2385.0
9994,9996,4,4,2.0,0,0,1,1,27,6,2019,15,5,1,30,10,15965.0
9995,9997,3,3,1.0,0,1,0,0,6,5,2019,6,30,18,15,11,10844.0
9996,9998,2,2,3.0,0,0,0,1,12,5,2019,13,20,16,10,2,6121.0
9997,9999,2,2,3.0,1,0,0,1,24,4,2019,22,10,1,0,2,3625.0
9998,10000,4,4,1.0,0,0,1,1,27,5,2019,7,30,21,0,13,8475.0
9999,10001,4,4,1.0,0,1,0,0,27,5,2019,7,5,19,0,11,12898.0
10000,10002,4,4,1.0,1,0,0,1,6,3,2019,2,5,7,25,5,10851.0
10001,10003,4,4,1.0,0,0,0,1,21,3,2019,9,45,23,0,13,5704.0
10002,10004,2,2,3.0,0,0,1,1,18,3,2019,21,10,0,5,2,11598.0
10003,10005,4,4,1.0,0,0,1,1,27,5,2019,8,30,19,15,10,9149.0
10004,10006,3,3,3.0,0,0,0,1,15,6,2019,20,45,23,20,2,4145.0
10005,10007,4,4,1.0,0,0,1,1,21,5,2019,10,35,19,35,9,6195.0
10006,10008,4,4,1.0,1,0,0,1,9,5,2019,11,25,21,0,9,6979.0
10007,10009,2,2,3.0,0,0,0,1,15,3,2019,13,20,16,10,2,7276.0
10008,10010,4,4,1.0,0,0,1,0,15,5,2019,8,45,13,15,4,4760.0
10009,10011,0,0,3.0,0,0,1,1,18,6,2019,17,45,20,5,2,11982.0
10010,10012,0,0,3.0,1,0,0,1,27,3,2019,22,5,0,25,2,5277.0
10011,10013,4,4,1.0,0,0,0,1,9,6,2019,20,0,7,40,11,8372.0
10012,10014,3,3,1.0,1,0,0,1,1,4,2019,19,35,23,15,3,4226.0
10013,10015,0,0,3.0,1,0,0,1,18,6,2019,19,35,21,55,2,3597.0
10014,10016,4,4,1.0,0,0,1,1,15,6,2019,8,45,21,0,12,7005.0
10015,10017,4,4,1.0,0,0,1,1,9,5,2019,7,5,16,10,9,8018.0
10016,10018,4,4,1.0,0,1,0,0,9,6,2019,19,45,19,0,23,10577.0
10017,10019,4,4,2.0,0,1,0,0,12,6,2019,5,30,19,0,13,11507.0
10018,10020,4,4,2.0,0,0,0,1,9,5,2019,5,0,19,15,38,9653.0
10019,10021,1,1,3.0,0,1,0,0,15,3,2019,10,20,11,50,1,4160.0
10020,10022,4,4,1.0,0,1,0,1,3,6,2019,18,15,19,0,24,14714.0
10021,10023,1,1,3.0,0,1,0,1,9,5,2019,2,55,4,20,1,5678.0
10022,10024,3,3,2.0,0,0,0,1,18,5,2019,7,0,1,20,18,13873.0
10023,10025,4,4,1.0,0,0,1,1,27,6,2019,10,20,19,0,8,11264.0
10024,10026,3,3,1.0,0,1,0,0,24,3,2019,13,55,20,40,6,11134.0
10025,10027,4,4,1.0,0,0,1,1,21,3,2019,16,45,22,15,5,6151.0
10026,10028,3,3,1.0,0,1,0,0,18,5,2019,5,45,19,50,14,10844.0
10027,10029,4,4,2.0,0,1,0,1,3,6,2019,9,40,12,35,26,13014.0
10028,10030,1,1,3.0,0,1,0,0,18,6,2019,10,20,11,50,1,4995.0
10029,10031,3,3,3.0,1,0,0,1,18,4,2019,15,30,18,5,2,4174.0
10030,10032,2,2,3.0,0,0,0,1,3,3,2019,13,20,16,10,2,12841.0
10031,10033,3,3,1.0,0,1,0,1,9,5,2019,17,0,21,5,28,13067.0
10032,10034,4,4,1.0,0,1,0,0,24,6,2019,16,0,19,0,27,10262.0
10033,10035,2,2,3.0,1,0,0,1,6,4,2019,10,10,13,0,2,4423.0
10034,10036,3,3,1.0,0,1,0,0,1,5,2019,18,55,4,40,9,8586.0
10035,10037,3,3,1.0,0,1,0,0,15,5,2019,21,10,9,20,12,9663.0
10036,10038,4,4,1.0,1,0,0,1,15,6,2019,16,0,21,0,5,6069.0
10037,10039,0,0,3.0,0,0,0,1,6,5,2019,11,40,13,55,2,4667.0
10038,10040,4,4,1.0,0,1,0,0,9,5,2019,21,50,19,0,21,12373.0
10039,10041,3,3,1.0,0,1,0,1,9,5,2019,16,30,10,5,17,13941.0
10040,10042,1,1,3.0,1,0,0,1,27,3,2019,6,20,7,45,1,3175.0
10041,10043,4,4,1.0,0,0,0,1,9,6,2019,21,0,19,15,22,8372.0
10042,10044,2,2,3.0,0,0,1,1,6,4,2019,17,0,19,35,2,5613.0
10043,10045,4,4,1.0,1,0,0,1,18,5,2019,7,35,22,30,14,7144.0
10044,10046,3,3,1.0,0,1,0,1,6,6,2019,6,30,16,20,9,14571.0
10045,10047,0,0,3.0,1,0,0,1,24,3,2019,22,5,0,25,2,5277.0
10046,10048,1,1,3.0,0,1,0,0,24,3,2019,10,20,11,50,1,2759.0
10047,10049,3,3,1.0,0,0,1,1,9,5,2019,7,35,23,30,15,5192.0
10048,10050,4,4,1.0,0,1,0,1,9,6,2019,7,5,19,0,11,14714.0
10049,10051,4,4,2.0,0,0,0,1,1,6,2019,12,0,19,15,7,10336.0
10050,10052,3,3,3.0,0,0,0,1,24,3,2019,20,45,23,20,2,31945.0
10051,10053,3,3,1.0,0,1,0,0,1,4,2019,6,30,23,35,17,7064.0
10052,10054,4,4,2.0,0,1,0,1,9,6,2019,5,30,12,35,7,14441.0
10053,10055,4,4,1.0,0,0,1,1,3,3,2019,13,0,1,35,12,17493.0
10054,10056,3,3,1.0,0,1,0,0,9,6,2019,20,0,22,35,26,10844.0
10055,10057,1,1,3.0,0,0,1,1,1,6,2019,5,45,7,15,1,2753.0
10056,10058,4,4,1.0,0,1,0,0,21,5,2019,8,0,4,25,20,12898.0
10057,10059,2,2,3.0,0,1,0,1,15,4,2019,18,55,22,0,3,7229.0
10058,10060,4,4,2.0,0,0,0,1,3,6,2019,12,0,7,40,19,8603.0
10059,10061,4,4,2.0,0,1,0,1,18,5,2019,5,30,4,25,22,15129.0
10060,10062,4,4,2.0,0,1,0,1,15,6,2019,11,40,19,0,7,18804.0
10061,10063,4,4,1.0,0,0,1,1,21,4,2019,7,55,22,25,14,7452.0
10062,10064,2,2,3.0,0,0,1,1,24,4,2019,9,30,12,20,2,3971.0
10063,10065,2,2,3.0,1,0,0,1,12,6,2019,10,10,13,0,2,3943.0
10064,10066,2,2,1.0,1,0,0,1,15,3,2019,14,25,19,25,5,9165.0
10065,10067,4,4,2.0,0,1,0,1,24,6,2019,5,30,19,0,13,13014.0
10066,10068,2,2,3.0,0,0,1,1,21,6,2019,9,30,12,20,2,3625.0
10067,10069,4,4,1.0,0,1,0,0,24,6,2019,16,0,12,35,20,10262.0
10068,10070,3,3,1.0,0,1,0,1,21,5,2019,18,55,8,15,13,14388.0
10069,10071,4,4,1.0,0,0,1,1,12,6,2019,8,0,19,15,11,15058.0
10070,10072,4,4,1.0,0,0,0,1,6,3,2019,9,0,7,40,22,14882.0
10071,10073,2,2,3.0,1,0,0,1,18,4,2019,10,10,13,0,2,4591.0
10072,10074,3,3,3.0,0,0,1,0,9,5,2019,6,55,9,30,2,3841.0
10073,10075,3,3,1.0,0,1,0,1,15,5,2019,8,25,18,15,9,14781.0
10074,10076,3,3,3.0,0,0,1,0,9,4,2019,22,20,0,40,2,3841.0
10075,10077,4,4,1.0,0,0,1,1,3,6,2019,15,0,1,30,10,13377.0
10076,10078,4,4,2.0,0,1,0,1,12,6,2019,19,30,4,25,8,13014.0
10077,10079,4,4,1.0,0,0,1,1,21,5,2019,13,0,19,15,6,14848.0
10078,10080,3,3,3.0,0,0,0,1,9,5,2019,20,45,23,20,2,4145.0
10079,10081,0,0,3.0,1,0,0,1,12,6,2019,7,55,10,15,2,3850.0
10080,10082,3,3,1.0,0,0,0,1,24,5,2019,7,0,20,25,13,10413.0
10081,10083,4,4,1.0,1,0,0,1,3,6,2019,15,0,1,30,10,6104.0
10082,10084,2,2,3.0,1,0,0,1,1,6,2019,10,30,13,20,2,3943.0
10083,10085,3,3,1.0,0,1,0,0,12,6,2019,21,10,8,15,11,8529.0
10084,10086,4,4,1.0,0,1,0,0,24,6,2019,22,50,12,35,13,10262.0
10085,10087,3,3,1.0,0,1,0,1,18,5,2019,20,25,22,5,25,14151.0
10086,10088,3,3,2.0,0,0,1,1,9,5,2019,15,10,23,30,8,5192.0
10087,10089,3,3,1.0,0,1,0,0,21,5,2019,14,5,4,40,14,9663.0
10088,10090,2,2,3.0,0,0,1,1,24,4,2019,7,45,10,40,2,4632.0
10089,10091,4,4,1.0,1,0,0,1,6,4,2019,20,25,1,30,5,5073.0
10090,10092,4,4,1.0,0,0,1,1,15,6,2019,10,20,19,15,8,9526.0
10091,10093,2,2,3.0,1,0,0,1,15,4,2019,4,0,6,50,2,4423.0
10092,10094,1,1,3.0,1,0,0,1,12,5,2019,20,5,21,40,1,2227.0
10093,10095,2,2,3.0,0,0,1,1,21,3,2019,11,30,14,10,2,5403.0
10094,10096,0,0,3.0,1,0,0,1,27,3,2019,19,35,21,55,2,3858.0
10095,10097,4,4,2.0,0,1,0,1,9,3,2019,13,45,18,50,29,18752.0
10096,10098,3,3,1.0,0,1,0,0,21,5,2019,6,30,12,0,5,9663.0
10097,10099,4,4,2.0,0,1,0,1,24,6,2019,19,10,12,35,17,12819.0
10098,10100,4,4,1.0,0,0,1,1,27,3,2019,9,0,21,0,12,6883.0
10099,10101,4,4,1.0,0,0,1,1,27,5,2019,19,0,1,30,6,7198.0
10100,10102,2,2,3.0,0,0,0,1,9,3,2019,10,0,12,45,2,7801.0
10101,10103,2,2,3.0,1,0,0,1,21,4,2019,18,25,21,20,2,4823.0
10102,10104,3,3,1.0,0,1,0,0,24,5,2019,6,30,9,20,26,9663.0
10103,10105,3,3,1.0,0,1,0,1,12,5,2019,20,25,21,5,24,12121.0
10104,10106,3,3,1.0,0,0,1,1,12,5,2019,20,20,23,25,27,8085.0
10105,10107,2,2,1.0,1,0,0,1,3,3,2019,13,40,18,35,4,8662.0
10106,10108,4,4,1.0,0,1,0,0,21,3,2019,22,0,18,50,20,6017.0
10107,10109,0,0,3.0,0,0,1,0,3,5,2019,9,45,12,0,2,3859.0
10108,10110,4,4,1.0,0,0,1,1,18,5,2019,4,55,19,15,14,7564.0
10109,10111,2,2,3.0,0,0,1,0,21,6,2019,5,55,8,35,2,3919.0
10110,10112,4,4,2.0,0,1,0,1,18,5,2019,5,30,4,25,22,15129.0
10111,10113,2,2,1.0,0,1,0,1,1,3,2019,7,0,13,15,6,26890.0
10112,10114,4,4,3.0,0,1,0,0,15,4,2019,11,0,14,15,3,5443.0
10113,10115,2,2,3.0,1,0,0,1,9,3,2019,10,5,13,0,2,6860.0
10114,10116,3,3,1.0,0,1,0,1,1,4,2019,14,5,20,45,6,13364.0
10115,10117,4,4,1.0,0,1,0,0,27,5,2019,8,0,19,0,11,12239.0
10116,10118,3,3,1.0,1,0,0,1,9,4,2019,11,30,16,5,4,4966.0
10117,10119,2,2,3.0,1,0,0,1,3,3,2019,6,0,8,45,2,6144.0
10118,10120,4,4,1.0,0,1,0,0,9,5,2019,15,0,19,0,28,12373.0
10119,10121,2,2,2.0,0,0,0,1,18,3,2019,8,50,16,30,31,10835.0
10120,10122,4,4,1.0,0,0,0,1,6,6,2019,6,5,9,25,27,7952.0
10121,10123,2,2,3.0,1,0,0,1,9,4,2019,1,30,4,15,2,3419.0
10122,10124,4,4,1.0,0,0,1,1,27,5,2019,3,50,12,35,8,10197.0
10123,10125,4,4,1.0,1,0,0,1,3,6,2019,10,35,1,30,14,5883.0
10124,10126,0,0,3.0,0,0,0,1,18,5,2019,11,40,13,55,2,4667.0
10125,10127,4,4,2.0,1,0,0,1,21,3,2019,4,55,21,20,16,6223.0
10126,10128,3,3,1.0,0,1,0,0,6,5,2019,21,10,8,15,11,7757.0
10127,10129,2,2,1.0,1,0,0,1,3,3,2019,14,25,19,25,5,11873.0
10128,10130,3,3,1.0,0,1,0,0,6,6,2019,21,10,8,15,11,10844.0
10129,10131,4,4,1.0,1,0,0,1,15,5,2019,21,50,3,35,5,7189.0
10130,10132,4,4,1.0,0,1,0,0,27,6,2019,21,50,12,35,14,10262.0
10131,10133,3,3,3.0,0,0,1,1,1,5,2019,19,55,22,25,2,5989.0
10132,10134,1,1,3.0,1,0,0,1,24,6,2019,21,20,22,50,1,2227.0
10133,10135,1,1,3.0,0,1,0,0,6,6,2019,10,20,11,50,1,4995.0
10134,10136,3,3,1.0,0,1,0,1,24,3,2019,13,55,18,10,28,14231.0
10135,10137,3,3,1.0,0,1,0,0,18,5,2019,18,55,18,15,23,10844.0
10136,10138,4,4,1.0,0,0,1,1,3,3,2019,5,45,13,20,7,5628.0
10137,10139,3,3,1.0,0,1,0,0,9,6,2019,18,55,16,20,21,10844.0
10138,10140,4,4,1.0,0,0,1,1,15,6,2019,8,30,19,15,10,8937.0
10139,10141,3,3,3.0,1,0,0,1,6,3,2019,14,20,16,55,2,5618.0
10140,10142,4,4,1.0,0,0,0,1,9,4,2019,7,0,19,15,12,6674.0
10141,10143,2,2,3.0,0,0,1,1,24,4,2019,11,40,14,30,2,3898.0
10142,10144,3,3,1.0,0,1,0,0,24,5,2019,18,55,20,45,25,10844.0
10143,10145,4,4,2.0,0,0,0,1,3,6,2019,20,15,19,15,23,13381.0
10144,10146,4,4,2.0,0,0,0,1,21,5,2019,17,15,19,15,26,11972.0
10145,10147,4,4,1.0,0,1,0,1,3,3,2019,17,30,4,25,10,17024.0
10146,10148,4,4,1.0,1,0,0,1,9,4,2019,21,50,3,35,5,7398.0
10147,10149,2,2,2.0,0,0,0,0,1,3,2019,10,30,17,45,7,17461.0
10148,10150,3,3,1.0,0,1,0,1,24,5,2019,20,0,8,15,12,13731.0
10149,10151,2,2,1.0,0,1,0,1,18,3,2019,16,55,8,15,15,13555.0
10150,10152,3,3,3.0,1,0,0,1,27,4,2019,17,15,19,50,2,4804.0
10151,10153,4,4,1.0,0,1,0,1,21,5,2019,7,5,19,0,11,16289.0
10152,10154,4,4,1.0,1,0,0,1,18,5,2019,5,5,12,10,7,7520.0
10153,10155,4,4,1.0,1,0,0,1,18,5,2019,10,35,1,30,14,7503.0
10154,10156,4,4,1.0,0,0,1,1,27,3,2019,8,25,19,15,10,8601.0
10155,10157,3,3,1.0,0,1,0,0,1,4,2019,8,25,12,0,27,7064.0
10156,10158,3,3,1.0,0,0,1,1,6,5,2019,7,35,19,25,11,5192.0
10157,10159,3,3,1.0,0,0,1,1,9,6,2019,15,55,21,25,5,9158.0
10158,10160,4,4,1.0,0,0,1,1,6,3,2019,17,0,1,35,8,24318.0
10159,10161,4,4,1.0,0,0,1,1,21,5,2019,7,10,18,10,11,7038.0
10160,10162,2,2,3.0,1,0,0,1,24,3,2019,22,20,1,10,2,7303.0
10161,10163,2,2,1.0,1,0,0,1,15,3,2019,5,25,10,10,4,8021.0
10162,10164,4,4,1.0,0,0,1,1,15,5,2019,10,0,19,15,9,14323.0
10163,10165,3,3,1.0,0,0,0,1,6,6,2019,7,0,20,25,13,10203.0
10164,10166,4,4,1.0,0,0,1,1,15,6,2019,19,0,1,30,6,7408.0
10165,10167,1,1,3.0,1,0,0,1,27,3,2019,21,20,22,45,1,2227.0
10166,10168,4,4,1.0,0,0,1,1,15,6,2019,11,30,19,15,7,16108.0
10167,10169,4,4,1.0,0,1,0,0,15,6,2019,18,15,12,35,18,10262.0
10168,10170,4,4,1.0,0,1,0,1,9,6,2019,9,0,19,0,10,14714.0
10169,10171,4,4,1.0,0,1,0,0,3,6,2019,22,50,19,0,20,10262.0
10170,10172,4,4,1.0,1,0,0,1,18,5,2019,14,20,22,30,8,7640.0
10171,10173,3,3,1.0,0,0,1,1,12,6,2019,7,10,18,50,11,8610.0
10172,10174,4,4,1.0,0,1,0,1,21,3,2019,8,0,18,50,10,12767.0
10173,10175,4,4,1.0,1,0,0,1,12,6,2019,8,50,21,0,12,6093.0
10174,10176,4,4,1.0,1,0,0,1,27,4,2019,6,50,16,10,9,6442.0
10175,10177,2,2,3.0,0,1,0,0,9,5,2019,6,0,8,45,2,4030.0
10176,10178,4,4,1.0,0,0,1,1,6,6,2019,13,0,21,0,8,7408.0
10177,10179,4,4,1.0,0,0,1,1,3,6,2019,7,5,16,10,9,10696.0
10178,10180,3,3,3.0,0,0,1,1,12,3,2019,9,0,11,30,2,6982.0
10179,10181,1,1,3.0,1,0,0,1,9,6,2019,19,5,20,35,1,2754.0
10180,10182,2,2,1.0,0,0,0,1,1,3,2019,6,45,12,15,5,23677.0
10181,10183,3,3,2.0,0,0,0,1,1,5,2019,9,50,8,55,23,13227.0
10182,10184,1,1,3.0,1,0,0,1,27,3,2019,12,0,13,25,1,2754.0
10183,10185,4,4,1.0,1,0,0,1,18,5,2019,4,55,21,0,16,6758.0
10184,10186,4,4,3.0,0,0,0,1,18,5,2019,14,10,17,10,3,6934.0
10185,10187,4,4,2.0,0,1,0,1,3,3,2019,5,25,18,50,13,18799.0
10186,10188,1,1,3.0,0,1,0,1,6,5,2019,19,35,21,5,1,5678.0
10187,10189,2,2,1.0,0,1,0,1,1,3,2019,7,0,20,20,13,27992.0
10188,10190,2,2,3.0,0,1,0,0,1,4,2019,19,50,22,50,3,4544.0
10189,10191,3,3,1.0,0,1,0,0,6,5,2019,18,55,16,20,21,7757.0
10190,10192,4,4,1.0,1,0,0,1,27,5,2019,17,5,22,15,5,6373.0
10191,10193,4,4,2.0,0,1,0,1,15,6,2019,14,35,12,35,22,13376.0
10192,10194,3,3,3.0,1,0,0,1,3,6,2019,14,25,16,55,2,5644.0
10193,10195,3,3,1.0,0,1,0,1,6,5,2019,20,25,21,5,24,13067.0
10194,10196,4,4,1.0,0,0,1,1,15,5,2019,7,10,16,10,9,6513.0
10195,10197,1,1,3.0,1,0,0,1,9,5,2019,12,0,13,30,1,4392.0
10196,10198,3,3,3.0,1,0,0,1,6,3,2019,5,30,8,20,2,4778.0
10197,10199,3,3,1.0,0,1,0,0,18,5,2019,20,0,20,45,24,10844.0
10198,10200,3,3,2.0,0,0,0,1,24,5,2019,5,50,12,30,30,12723.0
10199,10201,3,3,1.0,0,1,0,0,24,3,2019,21,10,9,15,12,11134.0
10200,10202,2,2,3.0,0,1,0,1,9,5,2019,18,55,22,0,3,7229.0
10201,10203,4,4,1.0,0,1,0,0,6,6,2019,11,30,4,25,16,10262.0
10202,10204,3,3,3.0,1,0,0,1,24,3,2019,5,30,8,20,2,4778.0
10203,10205,2,2,3.0,1,0,0,1,15,3,2019,23,30,2,20,2,8033.0
10204,10206,4,4,1.0,0,0,0,1,27,5,2019,5,15,6,50,25,8425.0
10205,10207,4,4,2.0,0,1,0,0,3,6,2019,14,35,12,35,22,10919.0
10206,10208,4,4,1.0,0,0,1,1,6,3,2019,8,55,18,50,9,15411.0
10207,10209,4,4,2.0,0,0,0,1,12,6,2019,13,5,9,25,20,10975.0
10208,10210,3,3,1.0,0,0,0,1,24,3,2019,16,45,21,5,28,6535.0
10209,10211,3,3,1.0,0,1,0,1,9,5,2019,10,20,17,35,7,8355.0
10210,10212,0,0,3.0,0,0,1,0,18,6,2019,17,45,20,5,2,3543.0
10211,10213,3,3,1.0,0,0,1,1,24,3,2019,20,20,18,45,22,12102.0
10212,10214,3,3,1.0,0,1,0,0,1,5,2019,17,0,9,45,16,9314.0
10213,10215,4,4,1.0,1,0,0,1,18,5,2019,18,35,1,30,6,7503.0
10214,10216,4,4,1.0,0,0,1,1,3,3,2019,6,10,11,20,5,9748.0
10215,10217,3,3,3.0,1,0,0,1,27,6,2019,17,15,19,50,2,4804.0
10216,10218,3,3,1.0,0,1,0,0,9,5,2019,6,30,16,20,9,8586.0
10217,10219,4,4,2.0,0,1,0,1,24,6,2019,9,25,12,35,27,13882.0
10218,10220,2,2,3.0,0,1,0,1,21,5,2019,15,50,18,45,2,7229.0
10219,10221,1,1,3.0,0,0,0,1,24,3,2019,6,20,7,40,1,2575.0
10220,10222,2,2,3.0,1,0,0,1,21,5,2019,21,15,0,15,3,3943.0
10221,10223,4,4,1.0,0,0,1,0,24,4,2019,8,45,13,15,4,4760.0
10222,10224,3,3,1.0,0,1,0,0,24,3,2019,6,30,22,35,16,8824.0
10223,10225,4,4,1.0,0,0,0,1,21,3,2019,9,0,19,15,10,6902.0
10224,10226,4,4,1.0,0,0,1,1,21,3,2019,16,45,7,10,14,6151.0
10225,10227,3,3,2.0,0,0,0,1,21,5,2019,16,50,5,35,12,12324.0
10226,10228,2,2,1.0,0,1,0,0,9,3,2019,5,45,10,25,4,11087.0
10227,10229,3,3,3.0,0,0,1,1,3,3,2019,19,35,22,5,2,5964.0
10228,10230,3,3,1.0,0,1,0,1,1,5,2019,20,25,22,5,25,14151.0
10229,10231,3,3,1.0,0,1,0,1,15,5,2019,9,35,14,25,28,11467.0
10230,10232,3,3,3.0,0,0,1,1,21,5,2019,22,20,0,40,2,3873.0
10231,10233,4,4,1.0,0,0,1,1,21,3,2019,15,0,1,35,10,13542.0
10232,10234,3,3,1.0,0,1,0,0,21,5,2019,20,0,8,15,12,10844.0
10233,10235,2,2,3.0,1,0,0,1,3,3,2019,1,30,4,15,2,6144.0
10234,10236,4,4,1.0,0,1,0,0,27,6,2019,14,0,19,0,5,10262.0
10235,10237,2,2,3.0,0,0,1,1,6,4,2019,11,10,13,55,2,3383.0
10236,10238,3,3,1.0,0,0,0,1,9,6,2019,17,30,20,25,26,10413.0
10237,10239,3,3,1.0,0,1,0,0,9,6,2019,9,35,19,10,9,13994.0
10238,10240,3,3,2.0,0,0,0,1,21,5,2019,5,50,23,15,17,13143.0
10239,10241,4,4,1.0,0,0,1,1,21,3,2019,8,25,18,50,10,13069.0
10240,10242,4,4,2.0,0,1,0,1,27,5,2019,19,10,12,35,17,15129.0
10241,10243,2,2,3.0,0,0,1,1,9,6,2019,20,55,23,40,2,3898.0
10242,10244,3,3,1.0,0,1,0,1,9,5,2019,8,25,16,20,7,13941.0
10243,10245,2,2,1.0,0,0,0,1,21,3,2019,10,30,11,20,24,6383.0
10244,10246,4,4,1.0,0,0,1,0,1,6,2019,7,5,21,0,13,10406.0
10245,10247,4,4,1.0,1,0,0,1,6,6,2019,15,0,1,30,10,5883.0
10246,10248,4,4,1.0,1,0,0,1,27,3,2019,10,45,21,0,10,6838.0
10247,10249,3,3,1.0,0,1,0,1,21,5,2019,6,30,19,50,13,14781.0
10248,10250,4,4,1.0,0,1,0,0,9,6,2019,19,45,4,25,8,10577.0
10249,10251,4,4,1.0,0,0,1,1,15,5,2019,13,5,22,30,9,9646.0
10250,10252,4,4,3.0,0,0,1,1,6,6,2019,6,0,9,10,3,6216.0
10251,10253,4,4,3.0,0,1,0,1,12,5,2019,11,0,14,15,3,9564.0
10252,10254,3,3,1.0,0,1,0,1,1,5,2019,21,10,4,40,7,14781.0
10253,10255,2,2,3.0,0,1,0,1,6,5,2019,7,10,10,10,3,7229.0
10254,10256,3,3,3.0,1,0,0,1,9,3,2019,22,10,0,55,2,4148.0
10255,10257,4,4,1.0,0,0,1,0,27,6,2019,11,40,19,15,7,7268.0
10256,10258,3,3,3.0,0,0,0,1,1,6,2019,14,15,16,45,2,6245.0
10257,10259,4,4,2.0,0,1,0,1,1,6,2019,6,45,4,25,21,13376.0
10258,10260,2,2,3.0,0,0,1,1,18,4,2019,23,55,2,45,2,4483.0
10259,10261,4,4,1.0,0,1,0,0,3,6,2019,2,15,4,25,26,11627.0
10260,10262,3,3,1.0,0,0,1,1,24,3,2019,17,0,9,10,16,13310.0
10261,10263,2,2,3.0,0,1,0,0,21,6,2019,18,55,22,0,3,7754.0
10262,10264,1,1,3.0,1,0,0,1,1,4,2019,19,5,20,35,1,2754.0
10263,10265,4,4,2.0,0,0,0,1,12,6,2019,22,0,19,15,21,10231.0
10264,10266,4,4,2.0,0,1,0,0,3,6,2019,9,40,12,35,26,10368.0
10265,10267,4,4,2.0,0,0,0,1,6,6,2019,7,5,9,25,26,11447.0
10266,10268,4,4,2.0,0,1,0,1,3,3,2019,5,25,4,25,23,18799.0
10267,10269,3,3,3.0,1,0,0,1,9,3,2019,15,10,17,45,2,4462.0
10268,10270,3,3,1.0,0,1,0,1,12,5,2019,20,25,19,10,22,13067.0
10269,10271,3,3,1.0,0,1,0,1,1,4,2019,18,55,19,50,24,12681.0
10270,10272,0,0,3.0,0,0,1,1,3,6,2019,7,5,9,20,2,3687.0
10271,10273,4,4,1.0,1,0,0,1,27,3,2019,17,30,1,35,8,6628.0
10272,10274,4,4,1.0,0,0,0,1,9,3,2019,21,40,7,40,10,13832.0
10273,10275,2,2,3.0,1,0,0,1,3,3,2019,8,30,11,30,3,6860.0
10274,10276,3,3,2.0,0,0,0,1,12,5,2019,12,0,11,10,23,10676.0
10275,10277,4,4,1.0,0,1,0,1,3,6,2019,22,50,4,25,5,14714.0
10276,10278,4,4,1.0,0,1,0,0,12,6,2019,19,45,19,0,23,10262.0
10277,10279,1,1,3.0,1,0,0,1,21,5,2019,19,5,20,35,1,2754.0
10278,10280,3,3,1.0,0,0,1,1,24,3,2019,7,35,22,55,15,6785.0
10279,10281,4,4,1.0,0,0,1,1,21,5,2019,16,0,1,30,9,14067.0
10280,10282,4,4,2.0,0,1,0,0,21,5,2019,20,0,4,25,8,15318.0
10281,10283,4,4,1.0,0,1,0,0,9,3,2019,18,15,4,25,10,14053.0
10282,10284,1,1,3.0,0,1,0,1,27,6,2019,7,5,8,30,1,8040.0
10283,10285,3,3,2.0,0,0,0,1,6,6,2019,5,50,8,55,27,12723.0
10284,10286,4,4,1.0,0,1,0,0,27,6,2019,14,0,12,35,22,10262.0
10285,10287,4,4,1.0,0,0,1,1,27,3,2019,16,45,7,10,14,6151.0
10286,10288,4,4,1.0,0,0,1,1,3,6,2019,17,55,22,50,4,5409.0
10287,10289,3,3,1.0,0,0,1,1,21,5,2019,20,20,20,20,24,9345.0
10288,10290,4,4,2.0,0,0,0,1,15,6,2019,12,55,19,15,30,12646.0
10289,10291,4,4,2.0,0,1,0,0,27,6,2019,13,25,12,35,23,11150.0
10290,10292,1,1,3.0,1,0,0,1,6,3,2019,16,55,18,25,1,4784.0
10291,10293,4,4,1.0,0,1,0,1,27,3,2019,21,50,4,25,6,12242.0
10292,10294,3,3,1.0,0,0,1,1,9,6,2019,22,40,10,40,12,11323.0
10293,10295,3,3,3.0,0,0,1,1,18,4,2019,19,55,22,25,2,4409.0
10294,10296,2,2,1.0,0,1,0,1,6,3,2019,8,55,21,20,12,16736.0
10295,10297,1,1,3.0,0,0,0,1,27,5,2019,19,30,20,45,1,3100.0
10296,10298,4,4,2.0,0,1,0,0,18,5,2019,5,30,19,0,13,13029.0
10297,10299,3,3,3.0,1,0,0,1,12,6,2019,14,25,16,55,2,4804.0
10298,10300,3,3,1.0,0,0,1,1,24,5,2019,7,10,20,20,13,9555.0
10299,10301,4,4,1.0,0,1,0,0,27,6,2019,15,0,12,35,21,10262.0
10300,10302,3,3,3.0,0,0,1,1,24,3,2019,19,35,22,5,2,5964.0
10301,10303,4,4,1.0,1,0,0,1,12,6,2019,2,0,7,45,5,6386.0
10302,10304,4,4,1.0,0,0,0,1,9,4,2019,8,0,19,15,11,6377.0
10303,10305,0,0,3.0,0,0,1,0,18,3,2019,8,20,10,35,2,3807.0
10304,10306,4,4,1.0,0,0,1,1,3,6,2019,16,0,1,30,9,13377.0
10305,10307,3,3,3.0,0,0,1,0,12,4,2019,9,0,11,25,2,3841.0
10306,10308,3,3,1.0,0,0,0,1,6,6,2019,14,35,14,35,24,6528.0
10307,10309,1,1,3.0,0,0,0,1,24,5,2019,6,20,7,40,1,3100.0
10308,10310,0,0,3.0,0,0,1,1,24,6,2019,7,45,10,0,2,3687.0
10309,10311,2,2,1.0,0,1,0,1,6,3,2019,8,0,5,5,21,14815.0
10310,10312,2,2,3.0,1,0,0,1,12,6,2019,4,0,6,50,2,3943.0
10311,10313,4,4,1.0,0,1,0,1,12,6,2019,20,55,4,25,7,14714.0
10312,10314,3,3,1.0,0,0,1,1,24,4,2019,15,5,20,20,5,4859.0
10313,10315,3,3,1.0,0,1,0,0,18,5,2019,14,5,22,35,8,10844.0
10314,10316,2,2,1.0,1,0,0,1,18,3,2019,12,10,17,5,4,4410.0
10315,10317,1,1,3.0,1,0,0,1,21,5,2019,2,35,4,5,1,2754.0
10316,10318,2,2,3.0,0,1,0,1,6,4,2019,19,50,22,50,3,7229.0
10317,10319,2,2,3.0,1,0,0,1,9,3,2019,23,30,2,20,2,5694.0
10318,10320,4,4,1.0,0,0,1,1,9,5,2019,17,0,1,30,8,9424.0
10319,10321,4,4,1.0,0,1,0,0,15,6,2019,19,45,19,0,23,10262.0
10320,10322,4,4,2.0,0,0,0,1,9,6,2019,17,15,7,40,14,12199.0
10321,10323,2,2,3.0,0,0,1,1,6,5,2019,11,30,14,20,2,4668.0
10322,10324,2,2,1.0,0,1,0,0,21,3,2019,5,45,0,45,19,7832.0
10323,10325,2,2,3.0,0,0,1,1,21,3,2019,9,35,12,30,2,4945.0
10324,10326,2,2,2.0,0,0,0,1,3,3,2019,5,50,22,10,40,11791.0
10325,10327,3,3,3.0,0,0,1,0,12,4,2019,6,55,9,30,2,3841.0
10326,10328,2,2,3.0,0,0,1,1,3,4,2019,20,55,23,40,2,4239.0
10327,10329,2,2,1.0,0,1,0,1,6,3,2019,14,5,0,45,10,14815.0
10328,10330,4,4,2.0,0,1,0,1,9,6,2019,9,40,19,0,9,13014.0
10329,10331,4,4,1.0,0,0,1,1,9,6,2019,10,20,19,0,8,11789.0
10330,10332,3,3,1.0,0,1,0,0,24,3,2019,19,45,4,45,9,10031.0
10331,10333,3,3,2.0,0,0,0,1,15,5,2019,9,25,17,20,31,13616.0
10332,10334,4,4,1.0,0,0,1,1,21,3,2019,19,0,1,35,6,6838.0
10333,10335,2,2,3.0,0,1,0,1,24,5,2019,17,45,20,45,3,7229.0
10334,10336,2,2,3.0,1,0,0,1,12,4,2019,6,5,8,50,2,4990.0
10335,10337,4,4,1.0,0,0,1,1,27,5,2019,7,0,12,55,5,5752.0
10336,10338,4,4,2.0,0,0,1,1,9,5,2019,15,5,1,30,10,18191.0
10337,10339,3,3,1.0,0,1,0,0,12,6,2019,20,25,9,45,13,10539.0
10338,10340,4,4,1.0,0,0,1,1,9,3,2019,16,45,7,10,14,8327.0
10339,10341,3,3,1.0,0,1,0,0,24,5,2019,14,5,22,35,8,10844.0
10340,10342,3,3,3.0,0,0,1,1,12,6,2019,22,20,0,40,2,3873.0
10341,10343,2,2,1.0,0,1,0,1,18,3,2019,21,25,10,25,13,13555.0
10342,10344,3,3,1.0,0,1,0,0,24,5,2019,20,0,18,15,22,10844.0
10343,10345,2,2,3.0,0,0,1,1,1,4,2019,21,0,23,50,2,5403.0
10344,10346,3,3,3.0,0,0,0,1,21,5,2019,20,45,23,20,2,4145.0
10345,10347,4,4,1.0,0,1,0,0,9,6,2019,19,15,19,0,23,10577.0
10346,10348,4,4,2.0,0,0,0,1,9,5,2019,9,45,9,25,23,9925.0
10347,10349,1,1,3.0,1,0,0,1,15,6,2019,19,5,20,35,1,2754.0
10348,10350,3,3,1.0,0,0,0,1,9,5,2019,16,45,21,5,28,7662.0
10349,10351,1,1,1.0,0,1,0,1,12,3,2019,3,0,16,35,13,22294.0
10350,10352,2,2,3.0,1,0,0,1,15,3,2019,13,0,15,50,2,6144.0
10351,10353,1,1,2.0,0,1,0,1,6,3,2019,19,50,16,50,21,24210.0
10352,10354,4,4,1.0,0,0,1,1,27,3,2019,13,0,1,35,12,12327.0
10353,10355,1,1,3.0,0,0,1,1,18,3,2019,13,10,14,30,1,2437.0
10354,10356,1,1,3.0,0,0,1,1,12,6,2019,5,45,7,15,1,2753.0
10355,10357,3,3,1.0,0,1,0,1,21,5,2019,9,35,23,35,14,14151.0
10356,10358,0,0,3.0,0,0,1,1,21,6,2019,17,45,20,5,2,11982.0
10357,10359,4,4,2.0,1,0,0,1,3,3,2019,11,55,21,20,9,9413.0
10358,10360,4,4,2.0,0,0,0,1,15,5,2019,17,15,19,15,26,13022.0
10359,10361,3,3,1.0,0,0,1,1,9,6,2019,6,40,14,35,7,3673.0
10360,10362,4,4,1.0,0,1,0,1,6,3,2019,22,20,4,25,6,15764.0
10361,10363,4,4,2.0,0,1,0,1,24,6,2019,21,25,12,35,15,12609.0
10362,10364,2,2,1.0,0,0,1,0,1,3,2019,9,45,14,25,4,57209.0
10363,10365,2,2,3.0,0,0,1,1,6,4,2019,9,45,12,35,2,5613.0
10364,10366,4,4,1.0,0,0,1,1,21,3,2019,4,45,19,15,14,6630.0
10365,10367,1,1,3.0,0,1,0,1,27,6,2019,19,35,21,5,1,5678.0
10366,10368,2,2,1.0,0,1,0,0,21,3,2019,22,50,7,40,8,7045.0
10367,10369,3,3,3.0,1,0,0,1,9,3,2019,14,20,16,55,2,4148.0
10368,10370,2,2,1.0,0,0,0,1,3,3,2019,10,30,22,55,12,11003.0
10369,10371,4,4,1.0,0,0,0,1,18,5,2019,6,5,9,25,27,7480.0
10370,10372,3,3,3.0,1,0,0,1,12,5,2019,22,15,0,50,2,4804.0
10371,10373,1,1,3.0,0,1,0,0,12,5,2019,2,55,4,20,1,4050.0
10372,10374,2,2,3.0,0,0,0,1,27,6,2019,10,0,12,45,2,6961.0
10373,10375,4,4,1.0,0,1,0,0,3,6,2019,16,0,19,0,27,10262.0
10374,10376,2,2,3.0,0,0,1,1,12,6,2019,23,55,2,45,2,3383.0
10375,10377,4,4,1.0,0,0,0,1,9,3,2019,20,30,23,0,26,8119.0
10376,10378,4,4,1.0,0,1,0,1,6,6,2019,2,15,19,0,16,14714.0
10377,10379,4,4,1.0,0,0,1,1,3,6,2019,6,0,19,0,13,13259.0
10378,10380,2,2,3.0,0,0,1,1,3,3,2019,7,45,10,40,2,7222.0
10379,10381,4,4,1.0,0,0,1,1,9,5,2019,16,45,7,10,14,7353.0
10380,10382,3,3,1.0,0,1,0,1,24,5,2019,21,10,8,15,11,14178.0
10381,10383,2,2,1.0,0,1,0,1,1,3,2019,7,0,5,5,22,26890.0
10382,10384,1,1,3.0,0,0,0,1,12,5,2019,19,30,20,45,1,3625.0
10383,10385,4,4,1.0,0,0,1,1,3,6,2019,11,40,19,15,7,9001.0
10384,10386,3,3,3.0,0,0,0,1,27,5,2019,20,45,23,20,2,4145.0
10385,10387,4,4,2.0,0,1,0,0,9,5,2019,5,30,12,35,7,15544.0
10386,10388,1,1,3.0,0,0,1,1,15,6,2019,13,15,14,45,1,2017.0
10387,10389,3,3,2.0,0,0,0,1,15,5,2019,10,0,5,25,19,14424.0
10388,10390,3,3,3.0,0,0,1,1,15,6,2019,15,20,17,55,2,3514.0
10389,10391,4,4,1.0,1,0,0,1,27,5,2019,18,35,1,30,6,6628.0
10390,10392,4,4,2.0,0,1,0,1,15,6,2019,23,5,4,25,29,15339.0
10391,10393,2,2,3.0,0,0,0,1,9,3,2019,21,10,23,55,2,7591.0
10392,10394,4,4,1.0,0,1,0,0,1,6,2019,11,30,4,25,16,10262.0
10393,10395,3,3,1.0,0,1,0,0,21,5,2019,6,30,16,20,9,10844.0
10394,10396,4,4,2.0,0,1,0,1,6,6,2019,9,40,4,25,18,13014.0
10395,10397,3,3,1.0,0,0,0,1,18,5,2019,16,45,21,5,28,7872.0
10396,10398,4,4,3.0,1,0,0,1,15,5,2019,14,25,17,40,3,6541.0
10397,10399,2,2,1.0,0,0,0,1,15,3,2019,6,55,23,20,16,6987.0
10398,10400,2,2,3.0,1,0,0,1,1,6,2019,18,55,21,50,2,4823.0
10399,10401,2,2,3.0,0,0,0,1,21,5,2019,5,45,8,45,3,6961.0
10400,10402,3,3,1.0,0,1,0,0,12,6,2019,6,30,18,15,11,9899.0
10401,10403,2,2,1.0,0,1,0,1,12,3,2019,9,45,16,0,6,12295.0
10402,10404,3,3,2.0,0,0,0,1,12,6,2019,9,10,11,5,25,6117.0
10403,10405,0,0,3.0,0,0,1,0,1,5,2019,9,45,12,0,2,3543.0
10404,10406,4,4,2.0,0,0,0,1,6,3,2019,16,40,19,15,26,12646.0
10405,10407,2,2,3.0,0,0,1,0,18,5,2019,21,10,0,5,2,3919.0
10406,10408,2,2,1.0,0,0,0,1,15,3,2019,11,50,11,35,23,6982.0
10407,10409,3,3,1.0,0,0,1,1,24,3,2019,17,0,18,45,25,13100.0
10408,10410,4,4,1.0,0,1,0,1,27,5,2019,9,0,19,0,10,16079.0
10409,10411,4,4,1.0,0,0,1,1,9,3,2019,6,40,19,15,12,13082.0
10410,10412,2,2,3.0,0,0,0,1,3,5,2019,13,20,16,10,2,6121.0
10411,10413,2,2,3.0,1,0,0,1,12,6,2019,16,55,19,55,3,4823.0
10412,10414,3,3,1.0,0,1,0,1,18,5,2019,18,55,4,40,9,13941.0
10413,10415,2,2,3.0,0,1,0,0,3,4,2019,18,55,22,0,3,4544.0
10414,10416,3,3,3.0,0,0,0,1,15,4,2019,20,45,23,20,2,4145.0
10415,10417,2,2,3.0,0,0,1,0,6,4,2019,21,10,0,5,2,3919.0
10416,10418,0,0,3.0,0,0,1,1,1,6,2019,17,45,20,5,2,11982.0
10417,10419,4,4,1.0,1,0,0,1,27,6,2019,2,0,7,25,5,5636.0
10418,10420,4,4,2.0,0,0,0,1,27,3,2019,16,40,19,15,26,8656.0
10419,10421,3,3,1.0,0,1,0,0,12,5,2019,16,30,22,35,6,10844.0
10420,10422,4,4,1.0,0,0,1,1,24,6,2019,7,5,16,10,9,9856.0
10421,10423,2,2,3.0,1,0,0,1,9,4,2019,4,0,6,50,2,3943.0
10422,10424,2,2,2.0,0,0,0,1,3,3,2019,17,25,8,45,15,11570.0
10423,10425,3,3,3.0,0,0,1,1,12,4,2019,19,55,22,25,2,4409.0
10424,10426,4,4,3.0,0,0,0,1,1,6,2019,14,10,17,10,3,6934.0
10425,10427,2,2,1.0,0,1,0,1,12,3,2019,22,55,10,25,11,13817.0
10426,10428,3,3,1.0,0,1,0,1,9,5,2019,9,35,9,45,24,12121.0
10427,10429,3,3,3.0,1,0,0,1,18,6,2019,17,15,19,50,2,4804.0
10428,10430,2,2,3.0,0,1,0,0,12,6,2019,8,20,11,20,3,5769.0
10429,10431,3,3,3.0,0,0,1,1,18,5,2019,14,55,17,25,2,4174.0
10430,10432,2,2,3.0,0,0,1,1,24,3,2019,9,35,12,30,2,6309.0
10431,10433,1,1,3.0,0,0,1,0,18,5,2019,5,45,7,15,1,1965.0
10432,10434,4,4,1.0,0,0,1,0,27,5,2019,7,5,21,0,13,10406.0
10433,10435,3,3,1.0,0,0,0,1,12,5,2019,9,10,13,15,4,8996.0
10434,10436,3,3,1.0,0,1,0,0,1,5,2019,8,25,18,15,9,10844.0
10435,10437,4,4,1.0,0,0,1,1,27,6,2019,18,15,1,30,7,13377.0
10436,10438,3,3,1.0,0,0,1,1,1,5,2019,11,35,18,50,7,8479.0
10437,10439,2,2,1.0,0,1,0,1,1,3,2019,18,40,9,0,14,31825.0
10438,10440,2,2,3.0,0,0,1,1,24,3,2019,20,55,23,50,2,5706.0
10439,10441,2,2,1.0,0,1,0,1,18,3,2019,11,40,8,15,20,12284.0
10440,10442,2,2,3.0,0,1,0,0,24,4,2019,8,20,11,20,3,4544.0
10441,10443,4,4,1.0,0,1,0,0,27,3,2019,11,30,18,50,7,6017.0
10442,10444,3,3,1.0,0,1,0,1,21,5,2019,8,25,16,20,7,14781.0
10443,10445,4,4,2.0,0,0,0,1,6,6,2019,12,55,19,15,30,12646.0
10444,10446,0,0,3.0,1,0,0,1,9,6,2019,11,35,14,0,2,3858.0
10445,10447,4,4,1.0,0,0,1,1,1,4,2019,17,55,22,50,4,4957.0
10446,10448,4,4,1.0,0,1,0,0,24,6,2019,17,30,12,35,19,10262.0
10447,10449,3,3,1.0,0,1,0,0,24,3,2019,19,45,23,25,27,10031.0
10448,10450,3,3,1.0,0,1,0,1,12,5,2019,18,55,9,20,14,14388.0
10449,10451,3,3,1.0,0,1,0,0,15,5,2019,18,55,22,35,27,10844.0
10450,10452,4,4,2.0,0,1,0,0,27,3,2019,19,10,19,45,24,8882.0
10451,10453,4,4,2.0,0,1,0,1,24,6,2019,9,40,12,35,26,13014.0
10452,10454,3,3,1.0,0,0,0,1,6,6,2019,9,25,18,30,9,8366.0
10453,10455,4,4,3.0,1,0,0,1,1,6,2019,14,25,17,40,3,6015.0
10454,10456,4,4,2.0,0,1,0,1,6,3,2019,19,10,18,50,47,20694.0
10455,10457,4,4,1.0,0,1,0,1,3,3,2019,7,5,18,50,11,17024.0
10456,10458,4,4,1.0,0,0,1,1,1,3,2019,14,35,22,20,7,14762.0
10457,10459,1,1,3.0,0,0,0,1,1,5,2019,6,20,7,40,1,3625.0
10458,10460,1,1,3.0,1,0,0,1,18,3,2019,20,5,21,35,1,2227.0
10459,10461,3,3,3.0,1,0,0,1,24,4,2019,9,35,12,20,2,4804.0
10460,10462,1,1,3.0,0,1,0,1,9,6,2019,2,55,4,20,1,5678.0
10461,10463,1,1,3.0,0,1,0,0,24,3,2019,7,10,8,35,1,2470.0
10462,10464,2,2,1.0,0,1,0,1,18,3,2019,11,40,18,25,6,12284.0
10463,10465,2,2,3.0,1,0,0,1,12,6,2019,22,10,1,0,2,3419.0
10464,10466,4,4,1.0,0,1,0,1,21,3,2019,15,0,4,25,13,12767.0
10465,10467,2,2,3.0,0,0,1,1,18,5,2019,21,0,23,50,2,4668.0
10466,10468,2,2,3.0,0,0,1,1,15,5,2019,21,10,0,5,2,3625.0
10467,10469,0,0,3.0,0,0,1,1,27,5,2019,9,45,12,0,2,3597.0
10468,10470,3,3,3.0,1,0,0,1,21,4,2019,15,15,17,45,2,5224.0
10469,10471,4,4,1.0,1,0,0,1,15,6,2019,17,5,22,25,5,6147.0
10470,10472,2,2,3.0,0,1,0,1,18,6,2019,15,50,18,45,2,8016.0
10471,10473,3,3,2.0,0,0,0,1,1,5,2019,12,0,11,10,23,11148.0
10472,10474,4,4,2.0,0,1,0,1,15,6,2019,14,35,4,25,13,13376.0
10473,10475,4,4,2.0,0,0,0,1,12,6,2019,18,30,19,15,24,12488.0
10474,10476,4,4,1.0,0,1,0,0,21,3,2019,15,0,4,25,13,6017.0
10475,10477,2,2,3.0,1,0,0,1,15,6,2019,8,30,11,20,2,4823.0
10476,10478,4,4,1.0,0,0,0,1,21,3,2019,9,45,9,25,23,7532.0
10477,10479,3,3,2.0,0,0,0,1,9,6,2019,9,25,5,35,20,11432.0
10478,10480,2,2,3.0,0,0,1,1,6,6,2019,19,30,22,15,2,5088.0
10479,10481,4,4,1.0,0,0,1,1,27,3,2019,6,10,11,20,5,5351.0
10480,10482,3,3,1.0,0,0,1,1,12,6,2019,7,10,23,25,16,8610.0
10481,10483,4,4,2.0,0,1,0,0,6,3,2019,5,40,4,25,22,17271.0
10482,10484,3,3,1.0,0,1,0,0,21,5,2019,17,0,14,25,21,9314.0
10483,10485,3,3,3.0,0,0,1,1,27,3,2019,22,20,0,40,2,3847.0
10484,10486,4,4,1.0,0,0,0,1,15,5,2019,9,0,19,15,10,8372.0
10485,10487,4,4,1.0,0,0,1,1,15,6,2019,10,35,19,0,8,10877.0
10486,10488,2,2,3.0,0,0,1,1,12,5,2019,9,30,12,20,2,4423.0
10487,10489,0,0,3.0,1,0,0,1,15,3,2019,22,5,0,30,2,6297.0
10488,10490,4,4,3.0,0,0,1,1,27,6,2019,14,40,17,50,3,6216.0
10489,10491,4,4,1.0,0,0,1,1,6,6,2019,10,0,21,0,11,7933.0
10490,10492,4,4,1.0,0,0,1,1,15,6,2019,4,55,12,35,7,10678.0
10491,10493,1,1,3.0,0,0,1,1,18,3,2019,22,45,0,10,1,2017.0
10492,10494,4,4,3.0,1,0,0,1,18,6,2019,14,20,17,35,3,5000.0
10493,10495,4,4,2.0,0,0,0,1,9,3,2019,5,55,19,15,13,18736.0
10494,10496,2,2,3.0,0,1,0,0,1,5,2019,7,10,10,10,3,4030.0
10495,10497,4,4,2.0,0,1,0,0,18,5,2019,19,30,12,35,17,10368.0
10496,10498,3,3,1.0,0,1,0,0,6,5,2019,16,30,9,20,16,9663.0
10497,10499,2,2,3.0,0,0,1,1,15,4,2019,19,30,22,15,2,5613.0
10498,10500,3,3,1.0,0,1,0,0,9,5,2019,14,5,8,15,18,7757.0
10499,10501,4,4,1.0,1,0,0,1,15,6,2019,7,35,16,10,8,6442.0
10500,10502,1,1,3.0,1,0,0,1,6,5,2019,19,5,20,35,1,2754.0
10501,10503,2,2,3.0,0,0,0,1,24,3,2019,6,10,8,55,2,3758.0
10502,10504,4,4,1.0,0,0,1,1,12,6,2019,7,55,22,25,14,6152.0
10503,10505,4,4,1.0,0,0,1,1,21,3,2019,7,0,21,0,14,7618.0
10504,10506,4,4,2.0,0,0,0,1,3,3,2019,19,45,19,15,23,12646.0
10505,10507,3,3,1.0,0,1,0,1,15,5,2019,14,5,22,35,8,14781.0
10506,10508,4,4,1.0,0,0,1,1,27,6,2019,10,0,1,30,15,13377.0
10507,10509,4,4,3.0,0,1,0,1,27,5,2019,11,0,14,15,3,9564.0
10508,10510,2,2,3.0,0,0,1,1,15,3,2019,11,40,14,35,2,6113.0
10509,10511,2,2,2.0,0,0,0,0,1,3,2019,6,45,9,25,26,26480.0
10510,10512,2,2,3.0,0,1,0,0,12,6,2019,7,10,10,10,3,5769.0
10511,10513,1,1,3.0,0,0,1,1,27,3,2019,5,45,7,5,1,1759.0
10512,10514,4,4,1.0,1,0,0,1,12,6,2019,17,10,1,30,8,5883.0
10513,10515,2,2,3.0,0,0,0,1,3,4,2019,10,0,12,45,2,5176.0
10514,10516,3,3,3.0,1,0,0,1,27,6,2019,20,25,23,10,2,4804.0
10515,10517,2,2,3.0,0,0,1,1,21,6,2019,11,40,14,30,2,3398.0
10516,10518,3,3,2.0,0,0,0,1,24,5,2019,12,0,7,55,19,9416.0
10517,10519,3,3,3.0,0,0,1,0,21,6,2019,6,55,9,30,2,3841.0
10518,10520,4,4,1.0,0,1,0,0,27,6,2019,20,55,19,0,22,10262.0
10519,10521,3,3,3.0,1,0,0,1,24,6,2019,22,15,0,50,2,4804.0
10520,10522,4,4,1.0,0,1,0,0,3,4,2019,2,15,12,35,10,5177.0
10521,10523,1,1,3.0,1,0,0,1,9,5,2019,20,5,21,40,1,2437.0
10522,10524,4,4,1.0,0,0,1,1,9,3,2019,6,0,13,20,7,8422.0
10523,10525,4,4,1.0,0,0,1,1,24,6,2019,8,0,21,0,13,13797.0
10524,10526,4,4,2.0,0,1,0,0,6,6,2019,9,40,4,25,18,10368.0
10525,10527,4,4,1.0,1,0,0,1,18,5,2019,17,10,1,30,8,7081.0
10526,10528,4,4,1.0,1,0,0,1,3,3,2019,4,55,16,10,11,8513.0
10527,10529,2,2,3.0,0,1,0,1,12,4,2019,7,10,10,10,3,7229.0
10528,10530,2,2,1.0,0,0,0,1,3,3,2019,8,15,12,15,4,6273.0
10529,10531,1,1,3.0,0,0,0,1,9,6,2019,15,0,16,25,1,3100.0
10530,10532,3,3,3.0,1,0,0,1,18,6,2019,22,15,0,50,2,4804.0
10531,10533,2,2,3.0,0,1,0,1,24,3,2019,19,55,22,35,2,7229.0
10532,10534,3,3,3.0,0,0,1,0,18,4,2019,9,0,11,25,2,3841.0
10533,10535,3,3,1.0,0,1,0,0,18,5,2019,20,0,8,15,12,8586.0
10534,10536,4,4,1.0,0,0,1,1,15,6,2019,8,30,19,0,10,11200.0
10535,10537,4,4,1.0,0,0,1,1,6,3,2019,7,5,13,20,6,17267.0
10536,10538,3,3,1.0,0,1,0,0,9,5,2019,18,55,10,5,15,8586.0
10537,10539,3,3,2.0,0,0,0,1,9,5,2019,16,50,5,35,12,11432.0
10538,10540,4,4,2.0,0,0,0,1,1,6,2019,18,45,19,15,24,12940.0
10539,10541,1,1,3.0,1,0,0,1,1,3,2019,21,20,22,45,1,12475.0
10540,10542,3,3,1.0,0,1,0,0,24,3,2019,16,55,22,35,5,11134.0
10541,10543,3,3,3.0,1,0,0,1,18,4,2019,9,35,12,20,2,5644.0
10542,10544,4,4,1.0,0,0,1,1,12,6,2019,11,25,19,0,7,10877.0
10543,10545,2,2,3.0,0,1,0,1,21,4,2019,6,0,8,45,2,7229.0
10544,10546,3,3,1.0,0,1,0,0,9,5,2019,16,30,18,15,25,8586.0
10545,10547,4,4,2.0,0,1,0,0,12,6,2019,5,30,19,0,13,10368.0
10546,10548,4,4,2.0,0,0,0,1,1,6,2019,16,40,19,15,26,9863.0
10547,10549,3,3,1.0,1,0,0,1,12,6,2019,7,10,12,40,5,4864.0
10548,10550,3,3,3.0,0,0,1,1,12,3,2019,19,35,22,5,2,4384.0
10549,10551,4,4,2.0,0,0,0,1,18,5,2019,6,50,7,40,24,13591.0
10550,10552,3,3,1.0,0,1,0,0,15,5,2019,9,35,19,10,9,12384.0
10551,10553,4,4,1.0,0,1,0,0,18,5,2019,15,0,4,25,13,12373.0
10552,10554,4,4,2.0,0,1,0,0,6,6,2019,5,30,19,0,13,10368.0
10553,10555,3,3,2.0,0,0,0,1,1,5,2019,5,50,12,30,30,12723.0
10554,10556,4,4,1.0,0,1,0,1,21,3,2019,22,0,18,50,20,12242.0
10555,10557,2,2,3.0,0,1,0,0,12,6,2019,11,10,14,5,2,5769.0
10556,10558,4,4,1.0,1,0,0,1,21,5,2019,7,30,21,0,13,7006.0
10557,10559,4,4,1.0,0,0,0,1,27,5,2019,21,0,19,15,22,8372.0
10558,10560,3,3,1.0,0,1,0,1,24,5,2019,14,5,9,20,19,14178.0
10559,10561,2,2,1.0,0,1,0,1,1,3,2019,14,5,9,0,18,20800.0
10560,10562,3,3,1.0,0,0,1,1,1,5,2019,7,10,9,5,25,8452.0
10561,10563,3,3,1.0,0,1,0,0,12,5,2019,21,10,18,15,21,10844.0
10562,10564,2,2,3.0,0,0,1,1,12,5,2019,21,0,23,50,2,4668.0
10563,10565,3,3,1.0,0,1,0,1,1,4,2019,16,30,20,45,28,12681.0
10564,10566,4,4,1.0,0,0,0,1,6,4,2019,6,5,9,25,27,4487.0
10565,10567,3,3,1.0,0,1,0,1,9,6,2019,14,5,19,50,5,14571.0
10566,10568,3,3,3.0,0,0,1,0,27,4,2019,22,20,0,40,2,3841.0
10567,10569,3,3,3.0,0,0,1,1,3,6,2019,22,20,0,40,2,3873.0
10568,10570,3,3,2.0,0,0,0,1,1,5,2019,16,50,13,45,20,16372.0
10569,10571,3,3,2.0,0,0,0,1,24,5,2019,9,25,5,25,20,14897.0
10570,10572,4,4,1.0,0,0,1,1,15,6,2019,10,35,19,15,8,8614.0
10571,10573,4,4,2.0,0,0,0,1,27,6,2019,16,40,19,15,26,9653.0
10572,10574,3,3,1.0,1,0,0,1,21,5,2019,19,20,23,45,4,3574.0
10573,10575,3,3,1.0,0,1,0,0,1,4,2019,20,0,16,20,20,7064.0
10574,10576,1,1,3.0,1,0,0,1,21,6,2019,9,10,10,40,1,5755.0
10575,10577,3,3,2.0,0,0,0,1,18,5,2019,16,50,13,45,20,13432.0
10576,10578,4,4,1.0,0,0,0,1,9,5,2019,7,0,19,15,12,8669.0
10577,10579,4,4,1.0,0,0,1,1,3,3,2019,2,15,11,30,9,17057.0
10578,10580,2,2,1.0,0,1,0,1,6,3,2019,14,5,9,30,19,17261.0
10579,10581,4,4,1.0,0,0,1,1,6,6,2019,15,15,1,30,10,6795.0
10580,10582,3,3,1.0,0,1,0,0,6,5,2019,14,5,20,45,6,9663.0
10581,10583,4,4,1.0,0,0,1,1,15,6,2019,8,45,19,0,10,11789.0
10582,10584,4,4,1.0,0,1,0,0,24,6,2019,18,15,19,0,24,10262.0
10583,10585,3,3,1.0,0,0,1,1,15,5,2019,11,15,18,30,7,8844.0
10584,10586,2,2,3.0,0,1,0,0,12,5,2019,15,15,18,10,2,4544.0
10585,10587,4,4,1.0,0,0,1,1,27,3,2019,7,0,13,20,6,6148.0
10586,10588,1,1,3.0,1,0,0,1,27,5,2019,20,5,21,40,1,2227.0
10587,10589,4,4,2.0,0,1,0,1,12,6,2019,5,30,4,25,22,13292.0
10588,10590,2,2,3.0,0,0,1,1,24,3,2019,23,25,2,10,2,3383.0
10589,10591,4,4,2.0,0,1,0,1,12,6,2019,20,0,19,0,23,14300.0
10590,10592,3,3,1.0,0,1,0,0,21,5,2019,18,55,12,0,17,10844.0
10591,10593,4,4,1.0,0,0,1,0,12,6,2019,8,45,13,15,4,5158.0
10592,10594,4,4,2.0,0,1,0,1,27,6,2019,23,5,12,35,13,12819.0
10593,10595,4,4,1.0,1,0,0,1,3,6,2019,16,0,1,30,9,6628.0
10594,10596,4,4,1.0,0,1,0,0,1,6,2019,10,0,12,35,26,10262.0
10595,10597,2,2,3.0,0,1,0,0,21,4,2019,15,15,18,10,2,4544.0
10596,10598,4,4,1.0,0,1,0,0,9,5,2019,18,15,19,0,24,12373.0
10597,10599,4,4,2.0,0,0,0,1,15,5,2019,5,0,7,40,26,11281.0
10598,10600,4,4,1.0,1,0,0,1,3,6,2019,14,20,22,30,8,6938.0
10599,10601,4,4,1.0,0,0,1,1,6,3,2019,10,20,21,0,10,15147.0
10600,10602,4,4,2.0,0,0,0,1,18,5,2019,5,0,7,40,26,11228.0
10601,10603,4,4,1.0,1,0,0,1,9,6,2019,2,0,7,25,5,5636.0
10602,10604,2,2,3.0,0,0,1,0,12,5,2019,9,30,12,20,2,4319.0
10603,10605,2,2,3.0,1,0,0,1,21,3,2019,20,0,22,55,2,6144.0
10604,10606,3,3,1.0,0,1,0,1,1,5,2019,8,25,19,50,11,14781.0
10605,10607,4,4,1.0,1,0,0,1,21,3,2019,9,10,1,35,16,8765.0
10606,10608,3,3,1.0,0,1,0,0,12,5,2019,6,30,4,40,22,8586.0
10607,10609,1,1,3.0,1,0,0,1,12,5,2019,12,0,13,30,1,2754.0
10608,10610,0,0,3.0,1,0,0,1,21,5,2019,13,15,15,35,2,3597.0
10609,10611,1,1,3.0,0,1,0,0,18,5,2019,7,5,8,30,1,4050.0
10610,10612,2,2,1.0,0,1,0,0,9,3,2019,8,0,21,20,13,11087.0
10611,10613,2,2,3.0,0,1,0,1,3,6,2019,18,55,22,0,3,8016.0
10612,10614,4,4,1.0,0,0,1,1,6,3,2019,10,20,1,35,15,15147.0
10613,10615,2,2,3.0,0,1,0,1,1,4,2019,15,15,18,10,2,7229.0
10614,10616,4,4,2.0,0,1,0,1,1,6,2019,9,40,12,35,26,13014.0
10615,10617,1,1,3.0,1,0,0,1,27,5,2019,2,35,4,5,1,2754.0
10616,10618,2,2,3.0,0,0,1,1,12,4,2019,17,0,19,35,2,5613.0
10617,10619,4,4,1.0,1,0,0,1,27,4,2019,21,50,3,35,5,6307.0
10618,10620,3,3,3.0,1,0,0,1,6,4,2019,17,15,19,50,2,4174.0
10619,10621,3,3,3.0,1,0,0,1,27,6,2019,22,15,0,50,2,4804.0
10620,10622,3,3,2.0,0,0,0,1,15,5,2019,16,45,8,55,16,14960.0
10621,10623,4,4,2.0,0,1,0,1,9,4,2019,23,5,19,0,19,9483.0
10622,10624,3,3,1.0,0,0,1,1,6,6,2019,20,20,22,40,26,8662.0
10623,10625,4,4,2.0,0,1,0,0,9,5,2019,11,40,19,0,7,19644.0
10624,10626,2,2,3.0,0,0,1,1,24,3,2019,11,40,14,35,2,4340.0
10625,10627,3,3,1.0,0,1,0,0,21,5,2019,20,0,18,15,22,10844.0
10626,10628,3,3,1.0,0,0,1,1,9,5,2019,15,55,21,25,5,8224.0
10627,10629,4,4,1.0,0,0,1,1,3,3,2019,7,5,16,10,9,7905.0
10628,10630,3,3,1.0,0,1,0,0,24,3,2019,16,55,19,40,26,11134.0
10629,10631,4,4,1.0,1,0,0,1,15,5,2019,2,0,7,45,5,6037.0
10630,10632,3,3,1.0,0,1,0,1,6,6,2019,17,0,10,55,17,12692.0
10631,10633,4,4,1.0,0,0,1,0,27,5,2019,18,15,1,30,7,7308.0
10632,10634,4,4,2.0,0,1,0,0,6,6,2019,9,40,12,35,26,11733.0
10633,10635,4,4,1.0,0,1,0,1,1,6,2019,22,50,12,35,13,14714.0
10634,10636,3,3,1.0,0,1,0,1,15,5,2019,6,30,12,0,5,14388.0
10635,10637,2,2,3.0,0,1,0,1,24,4,2019,18,55,22,0,3,7229.0
10636,10638,2,2,1.0,0,1,0,0,21,3,2019,21,25,11,25,14,7832.0
10637,10639,4,4,0.0,0,0,0,1,3,6,2019,5,15,19,15,38,10493.0
10638,10640,4,4,1.0,0,1,0,0,9,3,2019,18,15,18,50,24,14053.0
10639,10641,0,0,3.0,1,0,0,1,6,3,2019,7,55,10,15,2,7295.0
10640,10642,3,3,2.0,0,0,0,1,21,5,2019,8,20,11,10,26,11222.0
10641,10643,4,4,1.0,0,0,1,1,18,5,2019,19,0,1,30,6,7670.0
10642,10644,4,4,1.0,0,0,1,1,6,6,2019,10,35,19,0,8,10877.0
10643,10645,4,4,1.0,0,0,1,1,3,3,2019,7,5,15,30,8,17057.0
10644,10646,4,4,2.0,0,1,0,0,6,6,2019,5,30,19,0,13,11507.0
10645,10647,4,4,3.0,0,1,0,0,18,6,2019,9,50,13,5,3,4466.0
10646,10648,4,4,2.0,0,0,0,1,1,6,2019,16,55,19,15,26,13801.0
10647,10649,3,3,3.0,1,0,0,1,1,3,2019,21,25,0,5,2,4778.0
10648,10650,3,3,1.0,0,1,0,0,15,5,2019,9,35,18,0,8,12384.0
10649,10651,4,4,1.0,0,0,1,1,27,6,2019,4,55,12,35,7,10678.0
10650,10652,4,4,1.0,0,0,0,1,9,3,2019,5,15,6,50,25,9790.0
10651,10653,3,3,1.0,0,1,0,1,1,5,2019,14,5,12,0,21,14388.0
10652,10654,2,2,3.0,0,0,1,0,12,6,2019,5,55,8,35,2,4319.0
10653,10655,1,1,3.0,0,1,0,1,3,5,2019,2,55,4,20,1,5678.0
10654,10656,2,2,3.0,0,0,1,1,6,4,2019,7,0,9,40,2,5613.0
10655,10657,3,3,1.0,0,1,0,0,6,5,2019,20,0,9,20,13,9663.0
10656,10658,2,2,3.0,0,1,0,0,18,6,2019,11,10,14,5,2,5769.0
10657,10659,2,2,3.0,0,0,1,1,1,5,2019,21,0,23,50,2,4668.0
10658,10660,2,2,3.0,0,0,1,1,21,3,2019,21,10,0,5,2,4878.0
10659,10661,4,4,1.0,0,0,0,1,9,5,2019,13,0,19,15,6,8372.0
10660,10662,3,3,2.0,0,0,0,1,24,3,2019,9,25,5,35,20,12352.0
10661,10663,4,4,2.0,0,1,0,0,6,6,2019,19,30,12,35,17,11733.0
10662,10664,2,2,3.0,1,0,0,1,9,4,2019,18,55,21,50,2,4823.0
10663,10665,3,3,3.0,1,0,0,1,27,4,2019,15,15,17,45,2,4804.0
10664,10666,4,4,1.0,0,1,0,0,12,6,2019,18,15,19,0,24,10262.0
10665,10667,2,2,1.0,0,1,0,0,12,3,2019,22,55,20,20,21,11087.0
10666,10668,4,4,2.0,0,1,0,1,9,5,2019,11,40,19,0,7,21219.0
10667,10669,4,4,1.0,0,0,0,1,15,6,2019,8,0,19,15,11,9929.0
10668,10670,3,3,2.0,0,0,0,1,12,5,2019,5,50,23,15,17,11411.0
10669,10671,1,1,3.0,0,0,0,1,6,6,2019,21,5,22,25,1,3100.0
10670,10672,4,4,2.0,0,1,0,0,27,6,2019,23,5,19,0,19,11150.0
10671,10673,4,4,2.0,0,1,0,1,27,5,2019,13,25,4,25,15,16704.0
10672,10674,2,2,1.0,0,1,0,0,12,3,2019,20,35,21,20,24,11087.0
10673,10675,1,1,3.0,0,0,0,1,9,6,2019,6,20,7,40,1,3100.0
10674,10676,4,4,1.0,0,0,1,1,1,5,2019,10,20,19,0,8,9794.0
10675,10677,2,2,3.0,0,0,1,0,21,5,2019,5,55,8,35,2,3257.0
10676,10678,3,3,3.0,0,0,1,1,9,4,2019,19,55,22,25,2,4107.0
10677,10679,3,3,3.0,0,0,0,1,27,4,2019,20,45,23,20,2,4145.0
10678,10680,2,2,3.0,0,1,0,1,27,4,2019,8,20,11,20,3,7229.0
10679,10681,2,2,3.0,0,0,1,1,1,3,2019,11,30,14,10,2,12648.0
10680,10682,4,4,2.0,0,0,0,1,9,5,2019,10,55,19,15,8,11753.0
